13248049378
13248139245
13248167291
13248171673
16601700348
16601700418
16601700432
16601700434
16601700441
16601700534
16601700994
16601701140
16601701141
16601701164
16601701346
16601701481
16601701492
16601701748
16601701854
16601702214
16601702254
16601702334
16601702346
16601702431
16601702436
16601702441
16601702487
16601702654
16601702874
16601702924
16601702940
16601702943
16601702947
16601703049
16601703184
16601703401
16601703421
16601703442
16601703634
16601703724
16601703734
16601703743
16601703943
16601703974
16601704014
16601704062
16601704069
16601704073
16601704148
16601704252
16601704257
16601704263
16601704310
16601704319
16601704365
16601704382
16601704431
16601704456
16601704469
16601704481
16601704574
16601704602
16601704625
16601704776
16601704781
16601704819
16601704859
16601704862
16601704895
16601704910
16601704936
16601704961
16601704994
16601705045
16601705134
16601705342
16601705410
16601705419
16601705443
16601705642
16601705647
16601705742
16601705914
16601705941
16601706048
16601706240
16601706415
16601706420
16601706445
16601706478
16601706493
16601706724
16601706764
16601706844
16601707346
16601707435
16601707443
16601707447
16601707458
16601707645
16601707741
16601707914
16601708419
16601708452
16601708645
16601708647
16601708814
16601708874
16601708948
16601709294
16601709439
16601709452
16601709604
16601709634
16601710054
16601710146
16601710164
16601710204
16601710354
16601710407
16601710412
16601710425
16601710484
16601710744
16601710748
16601710948
16601711043
16601711243
16601711341
16601711384
16601711486
16601711547
16601711854
16601712415
16601712448
16601712744
16601712745
16601712947
16601712974
16601713043
16601713124
16601713154
16601713403
16601713406
16601713414
16601713429
16601713438
16601713463
16601713473
16601713481
16601713554
16601713604
16601713642
16601713744
16601713794
16601714010
16601714018
16601714038
16601714043
16601714058
16601714117
16601714140
16601714173
16601714176
16601714208
16601714238
16601714260
16601714302
16601714324
16601714358
16601714373
16601714436
16601714472
16601714532
16601714540
16601714557
16601714574
16601714629
16601714797
16601714803
16601714864
16601714895
16601714905
16601714913
16601714923
16601714928
16601715249
16601715254
16601715294
16601715424
16601715468
16601715475
16601715480
16601715484
16601715485
16601715486
16601715584
16601715640
16601715764
16601715784
16601715954
16601716304
16601716413
16601716426
16601716459
16601716460
16601716480
16601716491
16601716547
16601716642
16601716744
16601716749
16601716784
16601716844
16601716984
16601717049
16601717064
16601717243
16601717244
16601717348
16601717410
16601717420
16601717426
16601717463
16601717674
16601717843
16601717964
16601718164
16601718402
16601718417
16601718546
16601718634
16601718641
16601718664
16601718694
16601718904
16601718945
16601719045
16601719417
16601719421
16601719435
16601719450
16601719749
16601719794
16601719814
16601719934
16601740267
16601740645
16601740702
16601740983
16601741084
16601741391
16601741463
16601741675
16601741794
16601741805
16601741879
16601741914
16601742153
16601742274
16601742397
16601742409
16601742480
16601742493
16601742545
16601742571
16601742691
16601742746
16601742974
16601743036
16601743178
16601743247
16601743451
16601743685
16601744013
16601744063
16601744342
16601745117
16601745171
17501603943
17501604174
17501604469
17501604759
17501605784
17501606934
17501607449
17501610774
17501611394
17501611492
17501611546
17501611574
17501612041
17501613814
17501614252
17501616247
17501616445
17501617946
17501618241
17501619405
17501621146
17501621249
17501621470
17501621764
17501622584
17501623474
17501624425
17501625074
17501626394
17501627441
17501629544
17501644254
17501645044
17501646274
17501646437
17501646814
17501660461
17501661483
17501663247
17502171874
17502172447
17502173542
17502174795
17502178417
17502178624
17502179184
17502179454
17502194846
17502194892
17502197084
17502197491
17502198427
17511690774
17511691574
17511691680
17511693146
17511695081
17511695378
17511695704
17511695850
17511696160
17511696542
17511697386
17511698697
17521564519
17521603054
17521607471
17521640854
17521641460
17521641594
17521644857
17521781452
17521784471
18516277471
18516500539
18516504105
18516504164
18516504683
18516505440
18516506691
18516508737
18516511814
18516512141
18516513239
18516515317
18516517317
18516520171
18516536648
18516551537
18516552419
18516561489
18516563497
18516564379
18516567046
18516567416
18516574772
18516574779
18516578457
18516579554
18516580281
18516583021
18516583472
18516591547
18516598245
18516600359
18516639845
18516693972
18516699254
18516765451
18516776845
18516779224
18521036370
