13052013445
13052014515
13052014692
13052014702
13052014928
13052015410
13052016948
13052019124
13052025412
13052034756
13052040757
13052041063
13052041351
13052041526
13052041687
13052041931
13052043958
13052045036
13052045218
13052045385
13052046187
13052046393
13052046551
13052046718
13052047558
13052070405
13052070490
13052071304
13052071483
13052071540
13052072428
13052072431
13052073429
13052074069
13052074117
13052074230
13052074357
13052074537
13052074652
13052074853
13052074935
13052074970
13052076145
13052076416
13052076469
13052076549
13052077420
13052077438
13052079407
13052079476
13052090476
13052091427
13052091435
13052092436
13052093451
13052093496
13052094135
13052094197
13052094361
13052094682
13052094836
13052094895
13052096408
13052097453
13052098415
13052098439
13052099481
13052114405
13052290856
13052291060
13061712545
13061721493
13061723740
13061724289
13061724695
13061727419
13061738205
13061750420
13061751453
13061752545
13061754017
13061758942
13061759140
13061771450
13061772649
13061782742
13061783242
13061783416
13061784152
13061784593
13062710429
13062718457
13062723439
13062729421
13062760429
13062761453
13062768490
13062783948
13062785406
13062785421
13072141164
13072141849
13072144308
13072144609
13072144656
13072144873
13072149564
13072181449
13072183448
13072184476
13072186440
13072195441
13248042193
13248042592
13248043170
13248044129
13248061902
13248063021
13248070539
13248071746
13248072264
13248079434
13248138170
13248168079
13248170801
13248171081
13248199143
13262240065
13262240086
13262240131
13262240165
13262240182
13262240190
13262240207
13262240213
13262240293
13262253163
13262268959
13262284309
13262284506
13262284658
13262284693
13262284721
13262284739
13262284770
13262284875
13262284913
13262284953
13262284957
13262284972
13262285047
13262285542
13262285714
13262286541
13262287405
13262287412
13262287438
13262287479
13262287493
13262287646
13262288475
13262289248
13262289453
13262289457
13262289747
13262289843
13262290181
13262290605
13262290960
13262292175
13262292351
13262293037
13262293092
13262293172
13262293206
13262293257
13262293258
13262293529
13262293572
13262295235
13262295329
13262295375
13262295960
13262296172
13262296501
13262296726
13262296738
13262297807
13262297883
13262298106
13262298309
13262298562
13262299102
13262299293
13262299356
13262901203
13262901601
13262902507
13262905067
13262906535
13262906691
13262909056
13262909210
13262909953
13262915126
15601643650
15601643786
15601645335
15601647510
15601647637
15601648551
15601648582
15601648675
15601649175
15601649351
15601649967
16601700431
16601700469
16601700487
16601700748
16601700764
16601700842
16601700894
16601701041
16601701142
16601701247
16601701349
16601701426
16601701438
16601701452
16601701463
16601701472
16601701492
16601701495
16601701514
16601701546
16601701547
16601701648
16601701649
16601701674
16601701694
16601701734
16601701764
16601701794
16601701834
16601701841
16601701864
16601702045
16601702064
16601702346
16601702394
16601702403
16601702439
16601702446
16601702447
16601702467
16601702479
16601702487
16601702491
16601702492
16601702534
16601702544
16601702624
16601702643
16601702754
16601702774
16601702841
16601702874
16601702954
16601703064
16601703184
16601703224
16601703240
16601703244
16601703249
16601703264
16601703354
16601703384
16601703402
16601703409
16601703414
16601703427
16601703474
16601703484
16601703486
16601703524
16601703541
16601703564
16601703647
16601703704
16601703854
16601703941
16601703943
16601703946
16601703947
16601704038
16601704052
16601704061
16601704074
16601704107
16601704140
16601704147
16601704148
16601704154
16601704173
16601704184
16601704195
16601704214
16601704219
16601704257
16601704279
16601704294
16601704313
16601704314
16601704352
16601704374
16601704385
16601704401
16601704412
16601704423
16601704463
16601704467
16601704472
16601704491
16601704504
16601704505
16601704543
16601704574
16601704584
16601704654
16601704682
16601704695
16601704701
16601704703
16601704724
16601704731
16601704744
16601704824
16601704865
16601704914
16601704931
16601704935
16601704974
16601704984
16601704997
16601705047
16601705049
16601705147
16601705224
16601705247
16601705344
16601705346
16601705349
16601705416
16601705424
16601705427
16601705448
16601705451
16601705469
16601705472
16601705481
16601705482
16601705485
16601705564
16601705641
16601705647
16601705654
16601705734
16601705942
16601705947
16601706141
16601706147
16601706204
16601706254
16601706294
16601706340
16601706341
16601706414
16601706420
16601706431
16601706448
16601706453
16601706461
16601706483
16601706493
16601706534
16601706554
16601706714
16601706746
16601706764
16601706804
16601706914
16601706942
16601706943
16601707064
16601707104
16601707143
16601707164
16601707204
16601707247
16601707274
16601707294
16601707340
16601707409
16601707421
16601707429
16601707439
16601707453
16601707454
16601707495
16601707534
16601707549
16601707634
16601707648
16601707684
16601707741
16601707834
16601707914
16601707945
16601708041
16601708094
16601708141
16601708241
16601708334
16601708423
16601708436
16601708443
16601708446
16601708476
16601708504
16601708554
16601708574
16601708641
16601708646
16601708648
16601708744
16601708774
16601708924
16601708943
16601709041
16601709045
16601709048
16601709134
16601709140
16601709141
16601709164
16601709204
16601709243
16601709249
16601709274
16601709284
16601709342
16601709343
16601709403
16601709442
16601709451
16601709464
16601709478
16601709483
16601709497
16601709514
16601709542
16601709641
16601709734
16601709784
16601709834
16601709864
16601710042
16601710142
16601710144
16601710294
16601710314
16601710441
16601710452
16601710453
16601710458
16601710487
16601710541
16601710564
16601710847
16601710854
16601710946
16601710947
16601710954
16601711043
16601711054
16601711264
16601711284
16601711407
16601711443
16601711460
16601711481
16601711483
16601711574
16601711644
16601711654
16601711674
16601711743
16601711784
16601711794
16601712044
16601712049
16601712241
16601712245
16601712274
16601712294
16601712394
16601712417
16601712430
16601712443
16601712449
16601712454
16601712475
16601712524
16601712564
16601712594
16601712640
16601712744
16601712934
16601713048
16601713154
16601713184
16601713241
16601713243
16601713254
16601713405
16601713413
16601713445
16601713446
16601713447
16601713453
16601713485
16601713487
16601713497
16601713541
16601713544
16601713604
16601713654
16601713734
16601713824
16601713834
16601713844
16601713914
16601713948
16601713994
16601714027
16601714037
16601714041
16601714042
16601714052
16601714064
16601714065
16601714093
16601714098
16601714139
16601714140
16601714152
16601714163
16601714165
16601714190
16601714194
16601714232
16601714241
16601714247
16601714257
16601714262
16601714279
16601714284
16601714286
16601714292
16601714309
16601714325
16601714344
16601714349
16601714364
16601714372
16601714374
16601714379
16601714384
16601714389
16601714391
16601714397
16601714403
16601714405
16601714410
16601714451
16601714459
16601714469
16601714487
16601714516
16601714524
16601714525
16601714530
16601714540
16601714543
16601714544
16601714547
16601714554
16601714608
16601714631
16601714634
16601714649
16601714684
16601714692
16601714703
16601714718
16601714752
16601714765
16601714784
16601714790
16601714797
16601714804
16601714834
16601714856
16601714862
16601714863
16601714867
16601714890
16601714928
16601714931
16601714934
16601714936
16601714939
16601714943
16601715024
16601715046
16601715114
16601715243
16601715244
16601715414
16601715417
16601715423
16601715430
16601715440
16601715449
16601715474
16601715497
16601715584
16601715594
16601715641
16601715647
16601715674
16601715714
16601715754
16601715824
16601715894
16601715904
16601715924
16601715940
16601715947
16601715964
16601716024
16601716034
16601716045
16601716124
16601716214
16601716241
16601716341
16601716343
16601716348
16601716413
16601716424
16601716427
16601716428
16601716449
16601716453
16601716459
16601716471
16601716475
16601716494
16601716534
16601716547
16601716584
16601716614
16601716734
16601716740
16601716748
16601716844
16601716894
16601716914
16601716943
16601716944
16601716974
16601717084
16601717243
16601717244
16601717354
16601717924
16601717940
16601717943
16601717947
16601717964
16601718014
16601718044
16601718134
16601718149
16601718241
16601718348
16601718374
16601718417
16601718472
16601718474
16601718479
16601718487
16601718534
16601718541
16601718544
16601718643
16601718734
16601718745
16601718749
16601718794
16601718904
16601719094
16601719104
16601719254
16601719294
16601719314
16601719334
16601719341
16601719344
16601719354
16601719374
16601719421
16601719435
16601719436
16601719465
16601719472
16601719481
16601719546
16601719614
16601719645
16601719649
16601719704
16601719744
16601719794
16601719874
16601740267
16601740354
16601740437
16601740443
16601740742
16601740792
16601740842
16601740981
16601741201
16601741243
16601741334
16601741405
16601741493
16601741574
16601741575
16601741646
16601741675
16601741730
16601741824
16601741846
16601741864
16601741879
16601741914
16601741937
16601741962
16601742076
16601742163
16601742170
16601742175
16601742194
16601742263
16601742274
16601742285
16601742401
16601742472
16601742561
16601742609
16601742743
16601742787
16601742843
16601742874
16601742941
16601742946
16601743034
16601743096
16601743157
16601743214
16601743248
16601743274
16601743275
16601743294
16601743407
16601743439
16601743451
16601743462
16601743494
16601743496
16601743554
16601743604
16601743647
16601743734
16601743754
16601743793
16601743802
16601743804
16601743941
16601744013
16601744084
16601744102
16601744204
16601744214
16601744270
16601744302
16601744307
16601744340
16601744343
16601744507
16601744532
16601744542
16601744546
16601744647
16601744653
16601744659
16601744741
16601744796
16601744835
16601744915
16601744917
16601744924
16601744976
16601745102
16601745142
16601745169
16601745171
16621127081
16621127085
16621127130
16621127151
17501603834
17501603945
17501604134
17501604196
17501604252
17501604271
17501604304
17501604314
17501604329
17501604344
17501604451
17501604457
17501604469
17501604482
17501604514
17501604716
17501604721
17501604732
17501604793
17501604843
17501604854
17501604874
17501604914
17501604963
17501605064
17501605247
17501605341
17501605364
17501605412
17501605495
17501605624
17501605648
17501605744
17501605747
17501605774
17501605784
17501605841
17501606410
17501606479
17501606494
17501606844
17501607014
17501607024
17501607104
17501607106
17501607125
17501607136
17501607146
17501607154
17501607190
17501607194
17501607202
17501607221
17501607225
17501607280
17501607290
17501607304
17501607306
17501607320
17501607354
17501607395
17501607404
17501607428
17501607430
17501607441
17501607504
17501607523
17501607524
17501607564
17501607584
17501607587
17501607658
17501607692
17501607694
17501607793
17501607827
17501607857
17501607908
17501607919
17501607986
17501608018
17501608036
17501608053
17501608069
17501608074
17501608140
17501608149
17501608241
17501608274
17501608281
17501608286
17501608315
17501608329
17501608342
17501608361
17501608387
17501608413
17501608414
17501608417
17501608490
17501608506
17501608563
17501608568
17501608580
17501608624
17501608676
17501608694
17501608696
17501608709
17501608730
17501608786
17501608862
17501608903
17501608909
17501608924
17501608951
17501608958
17501608982
17501608986
17501609157
17501609364
17501609383
17501609407
17501609412
17501609434
17501609510
17501609515
17501609623
17501609649
17501609693
17501609713
17501609736
17501609768
17501609915
17501609924
17501610104
17501610394
17501610425
17501610434
17501610437
17501610472
17501610496
17501610541
17501610774
17501610944
17501610954
17501610994
17501611246
17501611364
17501611374
17501611384
17501611394
17501611467
17501611492
17501611540
17501611748
17501611874
17501612047
17501612074
17501612142
17501612146
17501612147
17501612247
17501612394
17501612401
17501612402
17501612442
17501612486
17501612504
17501612548
17501612604
17501612647
17501612694
17501612814
17501612941
17501612942
17501612945
17501612964
17501613054
17501613074
17501613124
17501613142
17501613240
17501613247
17501613406
17501613417
17501613421
17501613554
17501613714
17501613740
17501613842
17501613940
17501613947
17501613974
17501614097
17501614182
17501614267
17501614272
17501614273
17501614293
17501614334
17501614340
17501614367
17501614447
17501614475
17501614535
17501614634
17501614637
17501614642
17501614645
17501614897
17501614943
17501614961
17501615047
17501615074
17501615084
17501615094
17501615134
17501615254
17501615364
17501615435
17501615440
17501615463
17501615484
17501615494
17501615547
17501615647
17501615744
17501615942
17501616274
17501616914
17501617044
17501617045
17501617114
17501617314
17501617403
17501617410
17501617452
17501617470
17501617514
17501617644
17501617647
17501617684
17501617941
17501617946
17501618014
17501618241
17501618407
17501618464
17501618495
17501618774
17501618941
17501619042
17501619324
17501619348
17501619410
17501619473
17501619484
17501619645
17501619745
17501619764
17501619846
17501620048
17501620071
17501620145
17501620254
17501620351
17501620442
17501620451
17501620479
17501620481
17501620494
17501620631
17501620849
17501620934
17501620944
17501621145
17501621240
17501621304
17501621323
17501621341
17501621342
17501621470
17501621494
17501621497
17501621518
17501621524
17501621544
17501621646
17501621764
17501621824
17501621842
17501621854
17501621944
17501621974
17501622041
17501622149
17501622215
17501622338
17501622374
17501622451
17501622454
17501622469
17501622471
17501622512
17501622683
17501622854
17501622952
17501622954
17501622963
17501623039
17501623142
17501623146
17501623194
17501623346
17501623407
17501623441
17501623462
17501623549
17501623744
17501623802
17501623839
17501623960
17501623964
17501623974
17501624114
17501624185
17501624196
17501624228
17501624254
17501624269
17501624290
17501624307
17501624350
17501624361
17501624375
17501624401
17501624425
17501624431
17501624447
17501624459
17501624635
17501624673
17501624683
17501624760
17501624807
17501624850
17501624859
17501624921
17501624931
17501625074
17501625104
17501625143
17501625404
17501625434
17501625523
17501625694
17501625724
17501625758
17501625774
17501625914
17501625941
17501626026
17501626029
17501626084
17501626442
17501626494
17501626744
17501626781
17501626925
17501626941
17501627134
17501627149
17501627194
17501627392
17501627402
17501627449
17501627471
17501627684
17501627687
17501627741
17501627752
17501627918
17501627946
17501628114
17501628141
17501628251
17501628334
17501628401
17501628442
17501628443
17501628492
17501628524
17501628544
17501628614
17501628690
17501628959
17501628984
17501629041
17501629072
17501629084
17501629124
17501629146
17501629324
17501629329
17501629344
17501629374
17501629404
17501629414
17501629424
17501629447
17501629459
17501629472
17501629483
17501629544
17501629749
17501629794
17501629809
17501629845
17501640147
17501640148
17501640275
17501640342
17501640348
17501640543
17501640574
17501640648
17501640734
17501640864
17501642784
17501643167
17501643274
17501643401
17501643491
17501643724
17501643740
17501643794
17501643844
17501644230
17501644251
17501644254
17501644284
17501644325
17501644387
17501644463
17501644507
17501644547
17501644704
17501644723
17501644748
17501644752
17501644849
17501644961
17501645140
17501645148
17501645238
17501645443
17501645594
17501645609
17501645644
17501645702
17501645854
17501645861
17501645931
17501646072
17501646074
17501646224
17501646791
17501646924
17501661473
17501662645
17501663043
17501663246
17501664094
17502130406
17502130419
17502131224
17502131421
17502132044
17502132418
17502133184
17502133413
17502133514
17502134042
17502134144
17502134183
17502134230
17502134338
17502134363
17502134686
17502134808
17502134939
17502134979
17502134990
17502134995
17502135643
17502138439
17502141969
17502142212
17502142250
17502142313
17502142318
17502142368
17502142456
17502142489
17502142619
17502142639
17502142680
17502142715
17502142767
17502142770
17502142827
17502142848
17502142976
17502143437
17502143454
17502143484
17502143518
17502143876
17502144381
17502144461
17502144658
17502144896
17502144902
17502144931
17502144990
17502145297
17502145348
17502145461
17502145595
17502146543
17502146654
17502146967
17502147116
17502147963
17502148204
17502148671
17502149113
17502149240
17502149912
17502150043
17502150044
17502150148
17502151514
17502153145
17502154040
17502154234
17502154268
17502154670
17502154898
17502155045
17502155514
17502157048
17502157947
17502158844
17502158846
17502159234
17502159554
17502159694
17502168754
17502170844
17502171476
17502171614
17502172143
17502172413
17502172940
17502173847
17502174140
17502174154
17502174194
17502174294
17502174467
17502174683
17502174946
17502175241
17502175494
17502175643
17502176462
17502176584
17502176743
17502177194
17502177401
17502178394
17502178417
17502178452
17502178741
17502178946
17502179424
17502179454
17502193409
17502193469
17502194227
17502194803
17502194934
17502196164
17502196745
17502197084
17502197495
17502197934
17502197940
17502198174
17502198465
17502199240
17511685602
17511685617
17511685620
17511685637
17511685650
17511685651
17511685653
17511685672
17511685682
17511685689
17511685690
17511685712
17511685716
17511685753
17511685760
17511685772
17511685781
17511685787
17511685801
17511685810
17511685815
17511685831
17511685839
17511685862
17511685870
17511685895
17511685909
17511685910
17511685926
17511685952
17511685961
17511685963
17511685965
17511685976
17511685979
17511685995
17511685997
17511686032
17511686035
17511686056
17511686063
17511686071
17511686079
17511686091
17511686101
17511686105
17511686120
17511686125
17511686150
17511686152
17511686170
17511686179
17511686181
17511686195
17511686197
17511686208
17511686230
17511686232
17511686238
17511686279
17511686285
17511686297
17511686310
17511686316
17511686318
17511686351
17511686372
17511686373
17511686375
17511686376
17511686383
17511686385
17511686389
17511686390
17511686396
17511686502
17511686515
17511686528
17511686532
17511686553
17511686561
17511686576
17511686595
17511686596
17511686629
17511686637
17511686701
17511686705
17511686712
17511686715
17511686727
17511686736
17511686797
17511686802
17511686821
17511686825
17511686857
17511686893
17511686897
17511686910
17511686912
17511686963
17511686973
17511686980
17511686997
17511687003
17511687020
17511687023
17511687027
17511687036
17511687061
17511687073
17511687079
17511687091
17511687105
17511687106
17511687108
17511687116
17511687130
17511687163
17511687170
17511687173
17511687175
17511687190
17511687202
17511687220
17511687221
17511687235
17511687238
17511687252
17511687253
17511687256
17511687263
17511687276
17511687293
17511687308
17511687315
17511687339
17511687350
17511687362
17511687375
17511687382
17511687390
17511687392
17511687508
17511687512
17511687515
17511687519
17511687581
17511687593
17511687615
17511687651
17511687657
17511687673
17511687689
17511687690
17511687703
17511687721
17511687738
17511687801
17511687802
17511687810
17511687827
17511687831
17511687853
17511687860
17511687873
17511687893
17511687903
17511687920
17511687923
17511687935
17511687951
17511687957
17511687962
17511687963
17511687969
17511687976
17511687991
17511688092
17511688097
17511688152
17511688153
17511688165
17511688170
17511688173
17511688193
17511688201
17511688203
17511688206
17511688215
17511688297
17511688329
17511688331
17511688357
17511688369
17511688372
17511688502
17511688506
17511688569
17511688570
17511688573
17511688603
17511688607
17511688657
17511688702
17511688707
17511688712
17511688758
17511688770
17511688791
17511688902
17511688923
17511688926
17511688935
17511688970
17511689018
17511689032
17511689037
17511689078
17511689092
17511689102
17511689161
17511689163
17511689193
17511689203
17511689206
17511689217
17511689221
17511689223
17511689231
17511689235
17511689252
17511689262
17511689270
17511689276
17511689289
17511689312
17511689313
17511689318
17511689338
17511689351
17511689356
17511689361
17511689389
17511689517
17511689525
17511689532
17511689559
17511689562
17511689563
17511689572
17511689601
17511689603
17511689613
17511689616
17511689630
17511689638
17511689650
17511689670
17511689679
17511689690
17511689697
17511689705
17511689721
17511689725
17511689728
17511689739
17511689768
17511689769
17511689772
17511689775
17511689782
17511689817
17511689897
17511689926
17511689970
17511689976
17511689981
17511690062
17511690071
17511690150
17511690224
17511690294
17511690302
17511690353
17511690370
17511690409
17511690429
17511690448
17511690460
17511690461
17511690468
17511690472
17511690473
17511690480
17511690497
17511690504
17511690534
17511690544
17511690585
17511690589
17511690638
17511690641
17511690644
17511690645
17511690648
17511690657
17511690687
17511690721
17511690732
17511690736
17511690762
17511690771
17511690779
17511690784
17511690914
17511690932
17511690947
17511690957
17511690994
17511691048
17511691142
17511691184
17511691252
17511691268
17511691274
17511691298
17511691309
17511691324
17511691335
17511691336
17511691349
17511691406
17511691429
17511691439
17511691463
17511691472
17511691476
17511691485
17511691491
17511691497
17511691523
17511691545
17511691546
17511691572
17511691594
17511691644
17511691704
17511691724
17511691729
17511691730
17511691753
17511691763
17511691783
17511691795
17511691809
17511691831
17511691832
17511691846
17511691857
17511691920
17511691947
17511691948
17511691953
17511692034
17511692059
17511692071
17511692150
17511692242
17511692246
17511692247
17511692284
17511692340
17511692349
17511692352
17511692398
17511692423
17511692432
17511692440
17511692443
17511692454
17511692463
17511692469
17511692490
17511692493
17511692502
17511692503
17511692535
17511692546
17511692574
17511692597
17511692607
17511692610
17511692627
17511692631
17511692634
17511692639
17511692682
17511692693
17511692725
17511692741
17511692770
17511692773
17511692774
17511692785
17511692794
17511692803
17511692824
17511692846
17511692941
17511692949
17511692956
17511692978
17511693016
17511693035
17511693045
17511693073
17511693074
17511693084
17511693092
17511693093
17511693096
17511693107
17511693130
17511693145
17511693147
17511693178
17511693195
17511693245
17511693246
17511693269
17511693278
17511693280
17511693284
17511693296
17511693314
17511693349
17511693373
17511693401
17511693404
17511693405
17511693425
17511693434
17511693474
17511693480
17511693498
17511693505
17511693509
17511693528
17511693559
17511693574
17511693604
17511693623
17511693624
17511693627
17511693632
17511693643
17511693649
17511693673
17511693764
17511693821
17511693851
17511693852
17511693861
17511693872
17511693874
17511693875
17511693914
17511693931
17511693941
17511693992
17511694010
17511694021
17511694041
17511694046
17511694058
17511694059
17511694079
17511694103
17511694104
17511694112
17511694126
17511694128
17511694152
17511694162
17511694165
17511694179
17511694183
17511694210
17511694235
17511694240
17511694248
17511694264
17511694269
17511694279
17511694284
17511694290
17511694291
17511694292
17511694317
17511694319
17511694332
17511694352
17511694360
17511694374
17511694394
17511694416
17511694417
17511694424
17511694426
17511694457
17511694481
17511694504
17511694525
17511694550
17511694581
17511694583
17511694621
17511694639
17511694652
17511694663
17511694670
17511694690
17511694695
17511694698
17511694714
17511694716
17511694726
17511694739
17511694744
17511694750
17511694753
17511694776
17511694781
17511694782
17511694812
17511694816
17511694819
17511694857
17511694878
17511694901
17511694907
17511694917
17511694921
17511694927
17511694928
17511694940
17511694942
17511694944
17511694952
17511694973
17511694975
17511694979
17511694980
17511695032
17511695043
17511695047
17511695082
17511695132
17511695138
17511695141
17511695148
17511695161
17511695196
17511695221
17511695227
17511695240
17511695242
17511695246
17511695280
17511695289
17511695310
17511695332
17511695335
17511695346
17511695359
17511695389
17511695409
17511695419
17511695431
17511695434
17511695445
17511695454
17511695470
17511695530
17511695538
17511695543
17511695548
17511695624
17511695635
17511695640
17511695649
17511695684
17511695710
17511695713
17511695714
17511695745
17511695746
17511695748
17511695774
17511695924
17511695932
17511695944
17511695984
17511696035
17511696045
17511696093
17511696094
17511696117
17511696144
17511696154
17511696163
17511696197
17511696258
17511696259
17511696284
17511696287
17511696291
17511696314
17511696320
17511696326
17511696354
17511696404
17511696408
17511696431
17511696447
17511696464
17511696467
17511696559
17511696594
17511696704
17511696801
17511696832
17511696841
17511696908
17511696962
17511697027
17511697084
17511697104
17511697119
17511697125
17511697135
17511697140
17511697142
17511697144
17511697154
17511697156
17511697163
17511697192
17511697209
17511697214
17511697244
17511697248
17511697257
17511697260
17511697269
17511697284
17511697325
17511697340
17511697344
17511697359
17511697376
17511697403
17511697428
17511697437
17511697445
17511697450
17511697452
17511697460
17511697461
17511697462
17511697490
17511697503
17511697543
17511697546
17511697584
17511697614
17511697642
17511697643
17511697649
17511697690
17511697721
17511697740
17511697741
17511697792
17511697794
17511697806
17511697826
17511697841
17511697844
17511697944
17511697982
17511698047
17511698105
17511698142
17511698145
17511698163
17511698218
17511698219
17511698254
17511698276
17511698347
17511698370
17511698416
17511698429
17511698430
17511698436
17511698450
17511698454
17511698457
17511698471
17511698474
17511698476
17511698487
17511698490
17511698492
17511698497
17511698536
17511698549
17511698563
17511698645
17511698670
17511698692
17511698694
17511698705
17511698714
17511698721
17511698731
17511698740
17511698746
17511698749
17511698776
17511698784
17511698840
17511698874
17511698926
17511698939
17511698941
17511699024
17511699058
17511699061
17511699067
17511699074
17511699082
17511699083
17511699126
17511699129
17511699143
17511699160
17511699187
17511699240
17511699274
17511699278
17511699284
17511699293
17511699310
17511699348
17511699349
17511699357
17511699367
17511699402
17511699403
17511699406
17511699430
17511699431
17511699438
17511699473
17511699476
17511699479
17511699541
17511699545
17511699624
17511699650
17511699674
17511699804
17511699815
17521063781
17521082143
17521240476
17521244371
17521340491
17521340797
17521344721
17521344749
17521523794
17521524074
17521543674
17521545164
17521546014
17521553894
17521564452
17521564481
17521564714
17521564734
17521573413
17521577242
17521577341
17521600434
17521601426
17521602374
17521602445
17521602742
17521603454
17521603754
17521604054
17521604134
17521604291
17521604791
17521604834
17521605394
17521605704
17521605814
17521605841
17521605947
17521606417
17521606734
17521607424
17521607442
17521607471
17521608942
17521609354
17521609604
17521624014
17521636497
17521637054
17521637334
17521637415
17521637425
17521637429
17521637492
17521637824
17521637834
17521637840
17521638214
17521638254
17521638714
17521638734
17521638964
17521639142
17521639417
17521639504
17521639574
17521639614
17521639642
17521639734
17521640150
17521640273
17521640463
17521640492
17521640572
17521640954
17521641074
17521641249
17521641423
17521641487
17521641701
17521641704
17521641947
17521642064
17521642097
17521642240
17521642475
17521642634
17521642747
17521642903
17521643241
17521643271
17521643420
17521643470
17521643591
17521643804
17521644032
17521644047
17521644073
17521644170
17521644174
17521644179
17521644247
17521644279
17521644304
17521644352
17521644572
17521644652
17521644732
17521644734
17521644736
17521644837
17521644875
17521644941
17521644950
17521645391
17521645401
17521645476
17521645540
17521645743
17521646047
17521646304
17521646341
17521646403
17521646714
17521647409
17521647544
17521647554
17521647847
17521647973
17521648136
17521648251
17521648439
17521648795
17521649241
17521649437
17521649441
17521649470
17521649517
17521649574
17521649754
17521649941
17521653245
17521673462
17521681561
17521686752
17521720449
17521720542
17521723844
17521724146
17521724364
17521729742
17521730447
17521730460
17521733940
17521734973
17521735438
17521736242
17521736342
17521738452
17521739084
17521759142
17521762423
17521763109
17521763149
17521763470
17521766764
17521767140
17521769241
17521769324
17521769344
17521770451
17521775146
17521775914
17521775964
17521781452
17521782464
17521782647
17521784172
17521784297
17521784697
17521785124
17521785264
17601215492
17601279469
17601293403
17601294447
17601298560
17601299054
17601299254
17621370142
17621370284
17621374094
17621374534
17621604379
17621607704
17621609263
17621617513
17621652924
17621654164
17621659084
17621659457
17621661145
17621661354
17621672240
17621674649
17621681264
17621697647
18501662702
18501666319
18501755241
18502120446
18502168742
18502171642
18502173914
18502177846
18502179814
18502180446
18502181337
18502181670
18502185328
18502186495
18512106476
18512130642
18512134630
18512137941
18512156470
18512157745
18516014670
18516014732
18516064092
18516070648
18516100364
18516176247
18516204339
18516235665
18516261642
18516267049
18516282184
18516323470
18516324757
18516324986
18516341267
18516341651
18516343036
18516343062
18516343915
18516345174
18516345820
18516346009
18516346010
18516346075
18516346129
18516346159
18516346292
18516346302
18516347073
18516347185
18516347213
18516347271
18516347583
18516348535
18516348590
18516349091
18516349170
18516349296
18516349601
18516349831
18516349897
18516501467
18516502814
18516502934
18516503043
18516503374
18516504075
18516504697
18516504710
18516504721
18516504738
18516504793
18516505154
18516505334
18516505347
18516505374
18516505409
18516505414
18516506254
18516506472
18516507194
18516507441
18516507504
18516507846
18516507984
18516508410
18516508449
18516508937
18516510754
18516512401
18516512427
18516512904
18516513427
18516513542
18516513548
18516513671
18516514279
18516514693
18516515434
18516518370
18516519347
18516519642
18516519759
18516520394
18516520746
18516521364
18516521478
18516521564
18516522149
18516522154
18516522304
18516522694
18516524124
18516524163
18516524192
18516524770
18516524936
18516526347
18516526403
18516526449
18516526824
18516526842
18516527064
18516527074
18516527224
18516527304
18516527496
18516527564
18516528141
18516528164
18516529204
18516529414
18516529430
18516529442
18516529483
18516529514
18516529743
18516529748
18516531483
18516531484
18516532541
18516533274
18516533814
18516534154
18516534549
18516535430
18516535484
18516536242
18516536719
18516536843
18516537147
18516537545
18516537645
18516538340
18516538674
18516538704
18516539094
18516539410
18516539445
18516541445
18516541844
18516544571
18516548114
18516548439
18516548546
18516548727
18516548774
18516549467
18516550461
18516552045
18516552403
18516552594
18516552634
18516552674
18516553474
18516553934
18516553972
18516556487
18516556743
18516557284
18516559241
18516559742
18516560634
18516560931
18516561348
18516561457
18516562148
18516562475
18516562487
18516562924
18516563154
18516563254
18516563394
18516563497
18516563504
18516565740
18516565940
18516566490
18516566574
18516567297
18516567540
18516567548
18516568247
18516568407
18516568714
18516569040
18516570249
18516570490
18516571934
18516572246
18516572654
18516573470
18516574136
18516574160
18516574274
18516574384
18516574559
18516574664
18516574756
18516574772
18516574795
18516575429
18516575447
18516576040
18516577140
18516577340
18516577540
18516577648
18516578742
18516578984
18516579014
18516579624
18516579847
18516579949
18516581284
18516581540
18516583184
18516585342
18516585430
18516587240
18516590346
18516591514
18516591845
18516592401
18516592574
18516592646
18516593114
18516593157
18516593274
18516593741
18516593843
18516594181
18516594352
18516594572
18516594631
18516594743
18516594807
18516594976
18516595453
18516597324
18516597408
18516597694
18516598743
18516599140
18516599437
18516599471
18516601054
18516601384
18516601412
18516601463
18516603453
18516604017
18516607145
18516607244
18516607427
18516607764
18516608247
18516608346
18516609421
18516609841
18516690340
18516691049
18516692642
18516694910
18516695425
18516695426
18516722394
18516724305
18516724425
18516760045
18516762472
18516763423
18516764821
18516765416
18516769243
18516769601
18516769734
18516771428
18516771725
18516771764
18516773814
18516774804
18516774812
18516774814
18516774815
18516774841
18516774867
18516775143
18516776164
18516776478
18516776943
18516776994
18516779413
18516779417
18521030434
18521030744
18521030874
18521031344
18521036759
18521094685
18521350440
18521524292
18521527145
18521568249
18521760017
18521760030
18521760182
18521760507
18521760538
18521760873
18521760891
18521761292
18521761587
18521761671
18521761691
18521761901
18521762038
18521762085
18521762287
18521762310
18521762325
18521762621
18521762671
18521762685
18521762937
18521763031
18521763117
18521763136
18521763197
18521763235
18521763368
18521763512
18521763586
18521763708
18521763730
18521763751
18521763827
18521763895
18521763952
18521765060
18521765097
18521765135
18521765156
18521765225
18521765269
18521765301
18521765378
18521765562
18521765590
18521765615
18521765620
18521765638
18521765660
18521765723
18521765810
18521765863
18521765903
18521765920
18521766781
18521766829
18521766853
18521766859
18521767301
18521767328
18521767593
18521768716
18521768972
18521768976
18521769010
18521769037
18521769120
18521769126
18521769653
18521769702
18521792413
18521794310
18521794361
18521794634
18521795473
18521941403
18521941415
18521941423
18521941430
18521941672
18521941687
18521941696
18521941750
18521941764
18521941783
18521944550
18521944582
18521944614
18521944621
18521944639
18521944643
18521944667
18521944690
18521944707
18521944718
18521944754
18521944765
18521944780
18521944798
18521945117
18521945131
18521945136
18521945144
18521945171
18521945217
18521945276
18521945316
18521945340
18521945347
18521945395
18521945397
18521945454
18521945468
18521945779
18521945791
18521945856
18521945857
18521945895
18521945927
18521945940
18521945942
18521946005
18521946008
18521946054
18521946117
18521946143
18521946194
18521946203
18521946215
18521947192
18521947219
18521947263
18521947276
18521947319
18521947363
18521948115
18521948150
18521948167
18521948193
18521948224
18521948232
18521948270
18521948314
18521948330
18521948341
18521948364
18521948372
18521948385
18521948408
18521948416
18521948426
18521948430
18521948440
18521948468
18521948474
18521948484
18521948544
18521948807
18521948809
18521948816
18521949138
18521949159
18521949181
18521949195
18521949201
18521949227
18521949482
18521949705
18521949727
18521949791
18521949802
18521949816
18521949849
18601709732
18602199342
18616514643
18616514764
18616517440
18616518424
18616581447
18616584043
18616584246
18616584348
18616584451
18621370270
18621370516
18621370738
18621370795
18621370957
18621371971
18621372201
18621372351
18621372697
18621372702
18621372836
18621372867
18621372893
18621372950
18621372976
18621373357
18621373613
18621373957
18621375052
18621375127
18621375282
18621375293
18621375307
18621375513
18621375721
18621375968
18621376235
18621376370
18621376381
18621376738
18621377053
18621377103
18621377625
18621377810
18621377917
18621377963
18621378513
18621379303
18621379506
18621379651
18621379721
18621502647
18621511485
18621540195
18621540873
18621546732
18621549537
18621590240
18621594023
18621594052
18621594103
18621657364
18621663784
18621669874
18621804610
18621814027
18621814581
18621840025
18621840125
18621840152
18621840270
18621840997
18621841032
18621841105
18621841257
18621841509
18621842061
18621842062
18621842071
18621842097
18621842135
18621842260
18621842297
18621842353
18621842795
18621842851
18621842867
18621842907
18621939214
18621971284
18621972524
18621973004
18621976534
18621976614
18621981264
18621983694
18621983794
18621989524
21486678960
52250068666
56213680933
86297367018