17110092316
17110099022
17150140138
17150140182
17150140198
17150140291
17150140351
17150140368
17150140456
17150140556
17150140578
17150140595
17150140686
17150140767
17150140882
17150140932
17150140957
17150140991
17150141059
17150141080
17150141098
17150141181
17150141183
17150141190
17150141281
17150141289
17150141328
17150141338
17150141375
17150141522
17150141552
17150141560
17150141589
17150141620
17150141633
17150141682
17150141827
17150141889
17150142113
17150142210
17150142212
17150142221
17150142250
17150142278
17150142282
17150142295
17150142362
17150142533
17150142576
17150142589
17150142623
17150142667
17150142690
17150142736
17150142771
17150142883
17150142892
17150142906
17150142991
17150143104
17150143112
17150143120
17150143121
17150143183
17150143212
17150143216
17150143217
17150143218
17150143219
17150143220
17150143223
17150143250
17150143295
17150143306
17150143312
17150143313
17150143338
17150143385
17150143392
17150143398
17150143515
17150143532
17150143552
17150143553
17150143617
17150143656
17150143672
17150143697
17150143791
17150143828
17150143865
17150143911
17150144122
17150144399
17150144428
17150144458
17150144489
17150144566
17150144656
17150144844
17150144866
17150144886
17150144890
17150145011
17150145093
17150145155
17150145195
17150145205
17150145209
17150145210
17150145212
17150145560
17150145625
17150145668
17150145679
17150145711
17150145770
17150145771
17150145772
17150145776
17150145818
17150145877
17150145886
17150145950
17150145987
17150146068
17150146095
17150146097
17150146122
17150146142
17150146167
17150146169
17150146195
17150146198
17150146221
17150146259
17150146260
17150146316
17150146331
17150146339
17150146373
17150146386
17150146508
17150146523
17150146539
17150146573
17150146601
17150146639
17150146697
17150146708
17150146727
17150146770
17150146782
17150146785
17150146806
17150146867
17150146877
17150146886
17150146903
17150146923
17150146989
17150147017
17150147023
17150147051
17150147055
17150147065
17150147071
17150147106
17150147155
17150147179
17150147196
17150147238
17150147330
17150147339
17150147377
17150147565
17150147655
17150147686
17150147723
17150147737
17150147780
17150147786
17150147795
17150147880
17150147950
17150147982
17150148085
17150148112
17150148151
17150148162
17150148210
17150148226
17150148238
17150148353
17150148428
17150148448
17150148505
17150148628
17150148656
17150148658
17150148683
17150148697
17150148773
17150148812
17150148853
17150148860
17150148893
17150148973
17150148995
17150148998
17150149058
17150149065
17150149108
17150149172
17150149181
17150149262
17150149303
17150149315
17150149345
17150149383
17150149387
17150149537
17150149538
17150149637
17150149783
17150149796
17150149817
17150149887
17150149917
17150149969
17150149970
17150190281
17150190286
17150190369
17150190376
17150190391
17150190550
17150190551
17150190570
17150190577
17150190598
17150190669
17150190670
17150190757
17150190770
17150190781
17150190792
17150190855
17150190878
17150190879
17150190885
17150190991
17150191078
17150191161
17150191171
17150191186
17150191198
17150191236
17150191277
17150191319
17150191369
17150191630
17150191633
17150191665
17150191731
17150191753
17150191865
17150191879
17150191880
17150191881
17150191885
17150191887
17150191898
17150192102
17150192119
17150192208
17150192220
17150192251
17150192259
17150192269
17150192275
17150192296
17150192313
17150192325
17150192336
17150192344
17150192379
17150192421
17150192483
17150192498
17150192538
17150192556
17150192578
17150192587
17150192589
17150192601
17150192674
17150192689
17150192708
17150192722
17150192763
17150192778
17150192780
17150192785
17150192791
17150192802
17150192808
17150192815
17150192823
17150192826
17150192829
17150192852
17150192861
17150192869
17150192886
17150192889
17150192895
17150192903
17150192911
17150192919
17150192965
17150192971
17150193011
17150193019
17150193021
17150193027
17150193029
17150193032
17150193057
17150193072
17150193079
17150193093
17150193098
17150193112
17150193116
17150193122
17150193127
17150193129
17150193136
17150193139
17150193160
17150193172
17150193186
17150193192
17150193206
17150193227
17150193229
17150193238
17150193303
17150193307
17150193315
17150193329
17150193330
17150193334
17150193373
17150193393
17150193515
17150193613
17150193709
17150193770
17150193773
17150193825
17150193853
17150193912
17150193955
17150193975
17150193986
17150193998
17150194091
17150194105
17150194427
17150195069
17150195118
17150195153
17150195190
17150195203
17150195208
17150195265
17150195277
17150195280
17150195309
17150195335
17150195523
17150195569
17150195606
17150195619
17150195640
17150195660
17150195712
17150195751
17150195759
17150195762
17150195811
17150195857
17150195960
17150195977
17150195989
17150195996
17150196069
17150196082
17150196093
17150196116
17150196136
17150196165
17150196221
17150196283
17150196338
17150196346
17150196360
17150196505
17150196528
17150196558
17150196576
17150196616
17150196652
17150196681
17150196704
17150196776
17150196810
17150196893
17150196898
17150196911
17150196925
17150196987
17150196990
17150197033
17150197118
17150197125
17150197211
17150197227
17150197375
17150197376
17150197379
17150197382
17150197393
17150197420
17150197509
17150197556
17150197578
17150197611
17150197659
17150197663
17150197668
17150197730
17150197783
17150197833
17150197847
17150197859
17150197916
17150197967
17150197969
17150197982
17150197983
17150198016
17150198038
17150198056
17150198058
17150198098
17150198120
17150198220
17150198250
17150198269
17150198273
17150198283
17150198307
17150198311
17150198317
17150198320
17150198341
17150198367
17150198389
17150198464
17150198516
17150198517
17150198556
17150198558
17150198577
17150198586
17150198589
17150198608
17150198620
17150198626
17150198630
17150198633
17150198638
17150198656
17150198669
17150198679
17150198692
17150198708
17150198733
17150198750
17150198769
17150198790
17150198797
17150198801
17150198817
17150198818
17150198823
17150198829
17150198835
17150198870
17150198876
17150198891
17150198898
17150198912
17150198978
17150199019
17150199028
17150199069
17150199077
17150199085
17150199089
17150199128
17150199171
17150199180
17150199206
17150199211
17150199285
17150199306
17150199309
17150199311
17150199337
17150199361
17150199369
17150199370
17150199386
17150199396
17150199407
17150199414
17150199440
17150199505
17150199506
17150199507
17150199513
17150199522
17150199525
17150199537
17150199556
17150199569
17150199610
17150199621
17150199662
17150199665
17150199673
17150199682
17150199718
17150199773
17150199780
17150199796
17150199832
17150199868
17150199891
17150199895
17150199902
17150199903
17150199905
17150199914
17150199965
17150199984
17151070139
17151070181
17151070185
17151070239
17151070258
17151070261
17151070377
17151070382
17151070466
17151070557
17151070558
17151070577
17151070589
17151070592
17151070763
17151070770
17151070795
17151070796
17151070855
17151070871
17151070876
17151070877
17151070881
17151070891
17151070897
17151070958
17151070998
17151071038
17151071091
17151071098
17151071192
17151071258
17151071315
17151071331
17151071453
17151071511
17151071516
17151071525
17151071552
17151071585
17151071587
17151071615
17151071622
17151071677
17151071680
17151071686
17151071687
17151071689
17151071696
17151071707
17151071709
17151071726
17151071757
17151071770
17151071806
17151071811
17151071814
17151071816
17151071822
17151072106
17151072109
17151072116
17151072118
17151072128
17151072129
17151072170
17151072195
17151072208
17151072212
17151072221
17151072224
17151072229
17151072231
17151072280
17151072286
17151072320
17151072330
17151072332
17151072353
17151072391
17151072457
17151072505
17151072533
17151072550
17151072556
17151072577
17151072629
17151072680
17151072697
17151072737
17151072772
17151072808
17151072812
17151072838
17151072882
17151072886
17151072892
17151072910
17151072939
17151072955
17151072964
17151072972
17151072979
17151072987
17151073087
17151073117
17151073118
17151073136
17151073141
17151073161
17151073234
17151073306
17151073314
17151073321
17151073329
17151073393
17151073397
17151073475
17151073586
17151073698
17151073701
17151073706
17151073721
17151073723
17151073727
17151073747
17151073753
17151073755
17151073767
17151073770
17151073797
17151073822
17151073830
17151073852
17151073880
17151073896
17151073912
17151073928
17151073929
17151073935
17151073953
17151073956
17151074030
17151074345
17151074511
17151074526
17151074689
17151074959
17151074966
17151074969
17151074977
17151075015
17151075080
17151075105
17151075150
17151075157
17151075192
17151075205
17151075209
17151075211
17151075258
17151075290
17151075293
17151075335
17151075345
17151075377
17151075397
17151075499
17151075578
17151075633
17151075662
17151075717
17151075808
17151075813
17151075920
17151075925
17151075987
17151075998
17151076068
17151076078
17151076080
17151076097
17151076103
17151076138
17151076151
17151076169
17151076258
17151076318
17151076322
17151076338
17151076353
17151076376
17151076508
17151076514
17151076515
17151076536
17151076538
17151076616
17151076689
17151076690
17151076710
17151076813
17151076858
17151076869
17151076878
17151076882
17151076895
17151076909
17151076920
17151076942
17151076953
17151076990
17151076997
17151077026
17151077037
17151077055
17151077060
17151077071
17151077131
17151077133
17151077137
17151077160
17151077181
17151077206
17151077212
17151077215
17151077257
17151077275
17151077280
17151077287
17151077321
17151077322
17151077345
17151077357
17151077360
17151077380
17151077425
17151077480
17151077507
17151077570
17151077665
17151077723
17151077742
17151077751
17151077757
17151077821
17151077843
17151077850
17151077858
17151077871
17151077882
17151077887
17151077892
17151077927
17151077947
17151077970
17151077996
17151078018
17151078019
17151078021
17151078039
17151078044
17151078058
17151078063
17151078082
17151078090
17151078098
17151078117
17151078119
17151078155
17151078201
17151078227
17151078234
17151078238
17151078253
17151078281
17151078298
17151078307
17151078316
17151078367
17151078374
17151078377
17151078475
17151078508
17151078551
17151078606
17151078622
17151078653
17151078660
17151078662
17151078669
17151078687
17151078718
17151078755
17151078768
17151078776
17151078798
17151078810
17151078826
17151078838
17151078856
17151078861
17151078870
17151078897
17151078913
17151078929
17151078986
17151079177
17151079201
17151079211
17151079234
17151079271
17151079280
17151079303
17151079330
17151079358
17151079378
17151079385
17151079428
17151079466
17151079550
17151079573
17151079596
17151079633
17151079673
17151079679
17151079686
17151079695
17151079706
17151079718
17151079735
17151079738
17151079760
17151079776
17151079881
17151079885
17151079893
17151079932
17151079957
17151079969
17151079978
17160030135
17160030173
17160030180
17160030251
17160030349
17160030351
17160030355
17160030363
17160030382
17160030383
17160030390
17160030478
17160030552
17160030559
17160030560
17160030564
17160030571
17160030573
17160030677
17160030737
17160030752
17160030761
17160030767
17160030779
17160030833
17160030840
17160030854
17160030855
17160030860
17160030865
17160030881
17160030887
17160030890
17160030939
17160030942
17160030950
17160030952
17160030958
17160030976
17160030983
17160031036
17160031049
17160031192
17160031233
17160031244
17160031281
17160031306
17160031321
17160031327
17160031330
17160031430
17160031445
17160031447
17160031448
17160031466
17160031511
17160031513
17160031516
17160031548
17160031577
17160031587
17160031610
17160031614
17160031620
17160031654
17160031661
17160031670
17160031676
17160031680
17160031686
17160031695
17160031702
17160031710
17160031722
17160031738
17160031770
17160031783
17160031790
17160031808
17160031821
17160031865
17160031880
17160031885
17160032103
17160032106
17160032112
17160032131
17160032161
17160032198
17160032206
17160032234
17160032250
17160032253
17160032270
17160032271
17160032318
17160032332
17160032360
17160032389
17160032398
17160032425
17160032481
17160032510
17160032523
17160032526
17160032550
17160032587
17160032591
17160032597
17160032611
17160032662
17160032677
17160032683
17160032750
17160032755
17160032770
17160032802
17160032805
17160032816
17160032818
17160032840
17160032858
17160032880
17160032887
17160032898
17160032926
17160032928
17160032932
17160032990
17160033013
17160033021
17160033037
17160033044
17160033061
17160033073
17160033075
17160033076
17160033093
17160033096
17160033106
17160033114
17160033130
17160033132
17160033145
17160033170
17160033173
17160033179
17160033195
17160033197
17160033202
17160033223
17160033224
17160033234
17160033244
17160033257
17160033271
17160033278
17160033284
17160033307
17160033309
17160033314
17160033324
17160033349
17160033354
17160033363
17160033383
17160033385
17160033389
17160033390
17160033393
17160033411
17160033432
17160033461
17160033499
17160033526
17160033531
17160033533
17160033538
17160033565
17160033580
17160033589
17160033596
17160033607
17160033623
17160033638
17160033650
17160033681
17160033719
17160033725
17160033731
17160033732
17160033741
17160033750
17160033751
17160033752
17160033753
17160033765
17160033771
17160033773
17160033795
17160033801
17160033805
17160033895
17160033909
17160033913
17160033925
17160033940
17160033953
17160033959
17160033960
17160033991
17160033992
17160033994
17160033996
17160033998
17160034018
17160034044
17160034120
17160034137
17160034138
17160034142
17160034155
17160034161
17160034164
17160034194
17160034225
17160034255
17160034273
17160034322
17160034330
17160034357
17160034367
17160034404
17160034414
17160034415
17160034429
17160034479
17160034485
17160034505
17160034506
17160034531
17160034546
17160034564
17160034569
17160034606
17160034663
17160034677
17160034717
17160034719
17160034721
17160034745
17160034769
17160034775
17160034808
17160034845
17160034864
17160034865
17160034885
17160034907
17160034933
17160034984
17160034994
17160034998
17160035030
17160035071
17160035103
17160035110
17160035126
17160035128
17160035130
17160035131
17160035138
17160035160
17160035180
17160035181
17160035202
17160035220
17160035229
17160035230
17160035242
17160035265
17160035278
17160035281
17160035282
17160035296
17160035308
17160035309
17160035312
17160035332
17160035339
17160035360
17160035371
17160035374
17160035387
17160035451
17160035456
17160035477
17160035486
17160035508
17160035546
17160035575
17160035586
17160035596
17160035611
17160035655
17160035668
17160035676
17160035679
17160035685
17160035696
17160035704
17160035705
17160035735
17160035764
17160035771
17160035828
17160035852
17160035882
17160035949
17160035980
17160035989
17160035994
17160035997
17160036016
17160036031
17160036038
17160036050
17160036056
17160036085
17160036094
17160036103
17160036104
17160036128
17160036149
17160036184
17160036207
17160036208
17160036210
17160036220
17160036233
17160036240
17160036261
17160036279
17160036301
17160036325
17160036332
17160036338
17160036342
17160036350
17160036353
17160036373
17160036448
17160036449
17160036466
17160036486
17160036505
17160036530
17160036533
17160036536
17160036550
17160036571
17160036572
17160036583
17160036591
17160036602
17160036615
17160036629
17160036630
17160036637
17160036648
17160036650
17160036659
17160036671
17160036673
17160036680
17160036708
17160036711
17160036731
17160036732
17160036733
17160036761
17160036773
17160036779
17160036781
17160036786
17160036791
17160036803
17160036806
17160036819
17160036822
17160036858
17160036861
17160036862
17160036882
17160036889
17160036890
17160036905
17160036965
17160036968
17160036975
17160036977
17160037031
17160037038
17160037060
17160037071
17160037078
17160037121
17160037130
17160037133
17160037160
17160037180
17160037184
17160037187
17160037210
17160037232
17160037234
17160037254
17160037270
17160037287
17160037290
17160037307
17160037317
17160037322
17160037335
17160037338
17160037368
17160037428
17160037429
17160037442
17160037482
17160037540
17160037558
17160037569
17160037577
17160037582
17160037629
17160037707
17160037712
17160037720
17160037738
17160037751
17160037765
17160037767
17160037791
17160037797
17160037798
17160037803
17160037818
17160037823
17160037826
17160037842
17160037848
17160037870
17160037889
17160037928
17160037941
17160038011
17160038019
17160038024
17160038026
17160038057
17160038058
17160038084
17160038086
17160038087
17160038113
17160038115
17160038122
17160038126
17160038138
17160038151
17160038170
17160038179
17160038191
17160038209
17160038218
17160038227
17160038234
17160038248
17160038255
17160038268
17160038295
17160038306
17160038315
17160038338
17160038371
17160038422
17160038436
17160038438
17160038454
17160038466
17160038478
17160038516
17160038527
17160038590
17160038594
17160038621
17160038663
17160038677
17160038687
17160038698
17160038711
17160038712
17160038738
17160038767
17160038784
17160038786
17160038792
17160038798
17160038801
17160038814
17160038825
17160038832
17160038836
17160038839
17160038859
17160038873
17160038892
17160038898
17160038905
17160038913
17160038947
17160038958
17160038962
17160038977
17160038980
17160038996
17160038998
17160039010
17160039012
17160039018
17160039070
17160039071
17160039098
17160039108
17160039206
17160039215
17160039227
17160039240
17160039286
17160039303
17160039360
17160039361
17160039369
17160039377
17160039379
17160039387
17160039436
17160039437
17160039453
17160039483
17160039498
17160039511
17160039517
17160039526
17160039530
17160039548
17160039683
17160039685
17160039689
17160039691
17160039704
17160039765
17160039769
17160039778
17160039786
17160039825
17160039838
17160039863
17160039905
17160039906
17160039926
17160039929
17160039932
17160039938
17160039945
17160039960
17160039980
17160039981
17161100144
17161100177
17161100186
17161100187
17161100191
17161100195
17161100233
17161100237
17161100243
17161100257
17161100258
17161100269
17161100280
17161100336
17161100337
17161100358
17161100376
17161100380
17161100386
17161100432
17161100433
17161100456
17161100466
17161100558
17161100585
17161100641
17161100650
17161100651
17161100652
17161100653
17161100662
17161100665
17161100667
17161100682
17161100687
17161100696
17161100737
17161100754
17161100755
17161100771
17161100772
17161100773
17161100838
17161100855
17161100858
17161100861
17161100870
17161100877
17161100878
17161100880
17161100886
17161100892
17161100896
17161100898
17161100958
17161100979
17161100983
17161100985
17161100990
17161100996
17161100998
17161101042
17161101050
17161101060
17161101061
17161101065
17161101071
17161101072
17161101090
17161101093
17161101132
17161101134
17161101136
17161101140
17161101143
17161101156
17161101170
17161101171
17161101173
17161101176
17161101187
17161101192
17161101196
17161101233
17161101235
17161101239
17161101243
17161101260
17161101280
17161101291
17161101322
17161101339
17161101352
17161101386
17161101450
17161101479
17161101498
17161101499
17161101525
17161101538
17161101544
17161101552
17161101564
17161101585
17161101586
17161101598
17161101615
17161101617
17161101651
17161101663
17161101676
17161101682
17161101703
17161101732
17161101733
17161101770
17161101811
17161101831
17161101832
17161101861
17161101868
17161101873
17161101879
17161101898
17161102101
17161102128
17161102129
17161102140
17161102143
17161102181
17161102196
17161102216
17161102219
17161102223
17161102224
17161102232
17161102234
17161102258
17161102282
17161102305
17161102311
17161102319
17161102320
17161102330
17161102331
17161102347
17161102364
17161102392
17161102397
17161102414
17161102443
17161102510
17161102514
17161102586
17161102616
17161102622
17161102655
17161102658
17161102662
17161102680
17161102687
17161102697
17161102704
17161102735
17161102736
17161102793
17161102802
17161102811
17161102858
17161102872
17161102886
17161102977
17161102997
17161103040
17161103057
17161103110
17161103149
17161103163
17161103171
17161103212
17161103245
17161103331
17161103332
17161103336
17161103351
17161103368
17161103393
17161103398
17161103411
17161103421
17161103539
17161103552
17161103590
17161103608
17161103609
17161103639
17161103681
17161103686
17161103689
17161103755
17161103769
17161103772
17161103813
17161103831
17161103880
17161103885
17161103905
17161103923
17161103987
17161103996
17161104069
17161104101
17161104120
17161104122
17161104129
17161104136
17161104146
17161104156
17161104160
17161104165
17161104211
17161104250
17161104266
17161104299
17161104345
17161104352
17161104414
17161104430
17161104442
17161104443
17161104445
17161104446
17161104447
17161104456
17161104457
17161104542
17161104543
17161104562
17161104566
17161104568
17161104668
17161104699
17161104706
17161104707
17161104749
17161104864
17161104944
17161105011
17161105033
17161105037
17161105044
17161105081
17161105087
17161105110
17161105119
17161105121
17161105128
17161105189
17161105203
17161105204
17161105209
17161105215
17161105218
17161105233
17161105242
17161105243
17161105291
17161105308
17161105328
17161105374
17161105379
17161105452
17161105455
17161105505
17161105529
17161105556
17161105591
17161105625
17161105655
17161105658
17161105675
17161105679
17161105694
17161105704
17161105720
17161105732
17161105753
17161105760
17161105764
17161105855
17161105856
17161105869
17161105885
17161105898
17161105902
17161105911
17161105913
17161105920
17161105955
17161105969
17161105991
17161105994
17161106010
17161106021
17161106025
17161106032
17161106036
17161106115
17161106119
17161106124
17161106130
17161106133
17161106165
17161106176
17161106181
17161106184
17161106265
17161106296
17161106309
17161106322
17161106359
17161106380
17161106418
17161106466
17161106468
17161106509
17161106535
17161106550
17161106552
17161106592
17161106608
17161106615
17161106636
17161106658
17161106676
17161106718
17161106728
17161106745
17161106759
17161106771
17161106780
17161106816
17161106867
17161106878
17161106885
17161106887
17161106891
17161106910
17161106962
17161106967
17161106981
17161106991
17161106996
17161107033
17161107063
17161107090
17161107094
17161107117
17161107119
17161107120
17161107128
17161107156
17161107195
17161107297
17161107313
17161107397
17161107409
17161107425
17161107446
17161107462
17161107479
17161107510
17161107528
17161107568
17161107617
17161107623
17161107652
17161107673
17161107679
17161107698
17161107706
17161107721
17161107750
17161107787
17161107792
17161107857
17161107880
17161107890
17161107928
17161107967
17161107972
17161108016
17161108022
17161108027
17161108028
17161108075
17161108110
17161108119
17161108125
17161108129
17161108182
17161108183
17161108191
17161108202
17161108216
17161108245
17161108250
17161108275
17161108281
17161108305
17161108313
17161108336
17161108339
17161108345
17161108377
17161108479
17161108499
17161108511
17161108525
17161108529
17161108552
17161108558
17161108559
17161108584
17161108586
17161108607
17161108621
17161108658
17161108660
17161108677
17161108681
17161108693
17161108786
17161108803
17161108807
17161108809
17161108831
17161108867
17161108876
17161108892
17161108897
17161108906
17161108911
17161108913
17161108923
17161108929
17161108931
17161108948
17161108983
17161108985
17161109011
17161109029
17161109050
17161109056
17161109065
17161109077
17161109115
17161109116
17161109129
17161109153
17161109211
17161109220
17161109226
17161109229
17161109231
17161109293
17161109295
17161109298
17161109308
17161109321
17161109323
17161109334
17161109375
17161109385
17161109407
17161109434
17161109456
17161109510
17161109517
17161109577
17161109610
17161109620
17161109642
17161109660
17161109669
17161109707
17161109711
17161109717
17161109828
17161109855
17161109864
17161109878
17161109909
17161109913
17161109915
17161109929
17161109931
17161109939
17161109956
17161109958
17161109964
17161109968
17161109972
17161109975
17161109981
17161109987
17161109989
17180190286
17180190289
17180190292
17180190435
17180190535
17180190557
17180190686
17180190693
17180190732
17180190795
17180190832
17180190850
17180190860
17180190890
17180190968
17180190980
17180190989
17180190997
17180191059
17180191060
17180191077
17180191081
17180191181
17180191233
17180191298
17180191312
17180191319
17180191336
17180191345
17180191373
17180191556
17180191569
17180191577
17180191578
17180191609
17180191621
17180191676
17180191720
17180191731
17180191763
17180191808
17180191823
17180191850
17180191885
17180191891
17180192125
17180192139
17180192171
17180192181
17180192190
17180192209
17180192220
17180192221
17180192234
17180192236
17180192276
17180192286
17180192318
17180192335
17180192351
17180192505
17180192569
17180192587
17180192608
17180192633
17180192651
17180192658
17180192661
17180192686
17180192711
17180192871
17180192872
17180192907
17180192915
17180192969
17180193032
17180193056
17180193078
17180193121
17180193126
17180193165
17180193172
17180193179
17180193180
17180193196
17180193225
17180193250
17180193253
17180193257
17180193275
17180193287
17180193291
17180193301
17180193327
17180193328
17180193331
17180193362
17180193368
17180193381
17180193382
17180193387
17180193392
17180193502
17180193505
17180193531
17180193533
17180193560
17180193565
17180193571
17180193572
17180193581
17180193582
17180193589
17180193596
17180193610
17180193611
17180193612
17180193620
17180193621
17180193627
17180193629
17180193630
17180193637
17180193650
17180193651
17180193652
17180193669
17180193681
17180193692
17180193722
17180193733
17180193735
17180193738
17180193755
17180193756
17180193782
17180193786
17180193791
17180193802
17180193807
17180193808
17180193820
17180193829
17180193851
17180193852
17180193877
17180193916
17180193952
17180193970
17180193975
17180193976
17180193990
17180193997
17180194160
17180194258
17180194312
17180194445
17180194447
17180194994
17180195033
17180195051
17180195059
17180195071
17180195091
17180195101
17180195171
17180195172
17180195228
17180195230
17180195262
17180195273
17180195281
17180195282
17180195291
17180195321
17180195322
17180195327
17180195328
17180195339
17180195358
17180195359
17180195361
17180195368
17180195376
17180195446
17180195505
17180195536
17180195580
17180195593
17180195601
17180195609
17180195617
17180195620
17180195621
17180195623
17180195625
17180195651
17180195671
17180195672
17180195687
17180195692
17180195713
17180195722
17180195730
17180195731
17180195733
17180195737
17180195772
17180195775
17180195776
17180195782
17180195792
17180195797
17180195802
17180195810
17180195812
17180195816
17180195821
17180195837
17180195838
17180195859
17180195867
17180195870
17180195886
17180195892
17180195907
17180195911
17180195925
17180195938
17180196016
17180196025
17180196029
17180196032
17180196055
17180196056
17180196057
17180196059
17180196082
17180196097
17180196106
17180196110
17180196117
17180196130
17180196133
17180196136
17180196153
17180196156
17180196170
17180196172
17180196195
17180196198
17180196215
17180196221
17180196227
17180196239
17180196257
17180196267
17180196276
17180196279
17180196291
17180196297
17180196298
17180196312
17180196329
17180196331
17180196332
17180196335
17180196356
17180196358
17180196370
17180196372
17180196377
17180196389
17180196393
17180196502
17180196507
17180196510
17180196512
17180196522
17180196539
17180196553
17180196563
17180196571
17180196582
17180196597
17180196605
17180196606
17180196617
17180196621
17180196636
17180196676
17180196712
17180196715
17180196722
17180196723
17180196726
17180196737
17180196752
17180196759
17180196763
17180196775
17180196782
17180196791
17180196795
17180196802
17180196816
17180196819
17180196851
17180196871
17180196880
17180196881
17180196912
17180196913
17180196922
17180196923
17180196959
17180197012
17180197016
17180197021
17180197025
17180197029
17180197061
17180197068
17180197073
17180197098
17180197101
17180197102
17180197103
17180197108
17180197110
17180197118
17180197122
17180197125
17180197161
17180197176
17180197187
17180197189
17180197210
17180197212
17180197216
17180197219
17180197223
17180197232
17180197253
17180197258
17180197259
17180197265
17180197276
17180197286
17180197289
17180197298
17180197311
17180197317
17180197318
17180197360
17180197381
17180197389
17180197510
17180197516
17180197528
17180197535
17180197537
17180197559
17180197576
17180197581
17180197583
17180197602
17180197603
17180197611
17180197620
17180197629
17180197656
17180197671
17180197675
17180197677
17180197681
17180197683
17180197692
17180197703
17180197715
17180197716
17180197726
17180197731
17180197737
17180197753
17180197757
17180197775
17180197781
17180197785
17180197805
17180197819
17180197828
17180197850
17180197892
17180197903
17180197905
17180197915
17180197917
17180197926
17180197929
17180197953
17180197981
17180197991
17180197994
17180197998
17180198013
17180198051
17180198060
17180198085
17180198090
17180198120
17180198130
17180198150
17180198151
17180198225
17180198252
17180198255
17180198267
17180198268
17180198277
17180198279
17180198293
17180198297
17180198301
17180198320
17180198321
17180198329
17180198332
17180198350
17180198357
17180198369
17180198373
17180198375
17180198391
17180198509
17180198512
17180198529
17180198530
17180198533
17180198570
17180198583
17180198592
17180198593
17180198595
17180198596
17180198598
17180198617
17180198626
17180198628
17180198638
17180198650
17180198656
17180198660
17180198677
17180198732
17180198737
17180198751
17180198752
17180198762
17180198778
17180198779
17180198782
17180198792
17180198793
17180198807
17180198869
17180198906
17180198913
17180198958
17180198960
17180198962
17180198979
17180199010
17180199018
17180199022
17180199023
17180199027
17180199057
17180199092
17180199096
17180199118
17180199119
17180199121
17180199132
17180199137
17180199175
17180199178
17180199180
17180199186
17180199190
17180199195
17180199216
17180199223
17180199237
17180199248
17180199253
17180199265
17180199277
17180199278
17180199295
17180199296
17180199301
17180199311
17180199313
17180199315
17180199326
17180199338
17180199363
17180199377
17180199378
17180199395
17180199397
17180199513
17180199517
17180199550
17180199558
17180199559
17180199568
17180199572
17180199573
17180199576
17180199583
17180199598
17180199608
17180199667
17180199682
17180199702
17180199712
17180199721
17180199726
17180199732
17180199736
17180199762
17180199765
17180199767
17180199801
17180199802
17180199809
17180199828
17180199832
17180199938
17180199958
17180199961
17180199971
17180199973
17181010133
17181010152
17181010190
17181010191
17181010192
17181010278
17181010289
17181010456
17181010477
17181010499
17181010539
17181010561
17181010577
17181010586
17181010638
17181010670
17181010686
17181010736
17181010745
17181010759
17181010762
17181010770
17181010794
17181010838
17181010852
17181010877
17181010880
17181010962
17181010972
17181010977
17181010980
17181010987
17181010989
17181010990
17181010991
17181011053
17181011061
17181011081
17181011085
17181011132
17181011134
17181011135
17181011137
17181011139
17181011150
17181011152
17181011157
17181011184
17181011192
17181011238
17181011276
17181011278
17181011303
17181011320
17181011371
17181011375
17181011382
17181011501
17181011512
17181011525
17181011552
17181011593
17181011628
17181011651
17181011670
17181011681
17181011689
17181011715
17181011723
17181011823
17181011825
17181011828
17181011853
17181011878
17181011882
17181011889
17181011890
17181012110
17181012133
17181012141
17181012151
17181012162
17181012165
17181012207
17181012210
17181012212
17181012257
17181012259
17181012261
17181012270
17181012271
17181012293
17181012298
17181012303
17181012306
17181012359
17181012364
17181012383
17181012570
17181012631
17181012655
17181012668
17181012689
17181012757
17181012801
17181012825
17181012831
17181012861
17181012874
17181012887
17181012914
17181013024
17181013077
17181013105
17181013140
17181013195
17181013233
17181013245
17181013248
17181013256
17181013318
17181013338
17181013339
17181013354
17181013363
17181013499
17181013525
17181013530
17181013568
17181013593
17181013629
17181013662
17181013667
17181013670
17181013717
17181013736
17181013757
17181013768
17181013773
17181013776
17181013783
17181013802
17181013805
17181013807
17181013809
17181013843
17181013851
17181013858
17181013859
17181013867
17181013871
17181013872
17181013873
17181013880
17181013884
17181013892
17181013896
17181013903
17181013909
17181013925
17181013932
17181013948
17181013971
17181013983
17181013986
17181014099
17181014108
17181014121
17181014192
17181014299
17181014416
17181014429
17181014448
17181014653
17181014727
17181014766
17181014894
17181014899
17181015026
17181015027
17181015055
17181015060
17181015061
17181015070
17181015071
17181015075
17181015086
17181015089
17181015095
17181015096
17181015098
17181015113
17181015129
17181015130
17181015139
17181015182
17181015201
17181015203
17181015209
17181015210
17181015232
17181015233
17181015239
17181015259
17181015263
17181015291
17181015296
17181015307
17181015313
17181015325
17181015327
17181015350
17181015351
17181015360
17181015367
17181015373
17181015375
17181015378
17181015395
17181015507
17181015534
17181015562
17181015570
17181015573
17181015575
17181015597
17181015607
17181015610
17181015617
17181015623
17181015628
17181015633
17181015636
17181015683
17181015691
17181015695
17181015708
17181015709
17181015711
17181015731
17181015732
17181015737
17181015752
17181015755
17181015756
17181015771
17181015793
17181015803
17181015808
17181015813
17181015878
17181015907
17181015910
17181015916
17181015950
17181015952
17181015971
17181015979
17181015981
17181015987
17181016012
17181016017
17181016039
17181016052
17181016067
17181016087
17181016097
17181016120
17181016135
17181016141
17181016155
17181016175
17181016189
17181016192
17181016221
17181016233
17181016235
17181016236
17181016256
17181016257
17181016268
17181016273
17181016332
17181016356
17181016371
17181016372
17181016373
17181016379
17181016380
17181016387
17181016391
17181016397
17181016435
17181016507
17181016523
17181016528
17181016530
17181016551
17181016562
17181016572
17181016573
17181016577
17181016596
17181016613
17181016615
17181016617
17181016620
17181016623
17181016627
17181016650
17181016693
17181016705
17181016719
17181016721
17181016724
17181016727
17181016728
17181016731
17181016751
17181016753
17181016759
17181016762
17181016780
17181016791
17181016796
17181016802
17181016807
17181016812
17181016820
17181016837
17181016850
17181016853
17181016859
17181016872
17181016873
17181016891
17181016892
17181016925
17181016951
17181016963
17181016965
17181016979
17181016981
17181016990
17181016992
17181017011
17181017019
17181017031
17181017036
17181017039
17181017052
17181017053
17181017055
17181017057
17181017058
17181017068
17181017072
17181017109
17181017121
17181017125
17181017138
17181017151
17181017155
17181017162
17181017165
17181017181
17181017201
17181017209
17181017217
17181017226
17181017262
17181017265
17181017271
17181017285
17181017287
17181017291
17181017326
17181017327
17181017352
17181017358
17181017365
17181017390
17181017393
17181017398
17181017456
17181017499
17181017501
17181017503
17181017508
17181017516
17181017517
17181017535
17181017552
17181017563
17181017603
17181017609
17181017612
17181017620
17181017629
17181017651
17181017667
17181017679
17181017702
17181017710
17181017737
17181017805
17181017810
17181017823
17181017850
17181017851
17181017877
17181017916
17181017971
17181017991
17181017998
17181018022
17181018027
17181018029
17181018036
17181018053
17181018061
17181018069
17181018081
17181018086
17181018105
17181018107
17181018122
17181018179
17181018223
17181018235
17181018250
17181018257
17181018258
17181018274
17181018279
17181018281
17181018331
17181018337
17181018357
17181018363
17181018393
17181018415
17181018492
17181018506
17181018558
17181018572
17181018573
17181018579
17181018595
17181018605
17181018620
17181018628
17181018650
17181018668
17181018691
17181018692
17181018722
17181018737
17181018778
17181018783
17181018809
17181018816
17181018817
17181018823
17181018858
17181018893
17181018895
17181018937
17181018979
17181018985
17181019020
17181019027
17181019029
17181019083
17181019110
17181019133
17181019161
17181019216
17181019221
17181019275
17181019278
17181019290
17181019303
17181019511
17181019530
17181019533
17181019547
17181019557
17181019602
17181019617
17181019661
17181019707
17181019709
17181019751
17181019801
17181019826
17181019848
17181019919
17181019937
17181019952
17181019964
17181019979
17181180132
17181180151
17181180155
17181180183
17181180190
17181180191
17181180280
17181180360
17181180385
17181180387
17181180389
17181180451
17181180570
17181180585
17181180593
17181180595
17181180598
17181180655
17181180661
17181180682
17181180692
17181180752
17181180767
17181180770
17181180771
17181180780
17181180785
17181180797
17181180835
17181180852
17181180856
17181180873
17181180890
17181180937
17181180954
17181180972
17181180973
17181181032
17181181060
17181181061
17181181063
17181181065
17181181089
17181181096
17181181260
17181181269
17181181278
17181181287
17181181292
17181181315
17181181318
17181181323
17181181360
17181181401
17181181579
17181181582
17181181583
17181181596
17181181613
17181181623
17181181626
17181181657
17181181660
17181181661
17181181684
17181181689
17181181709
17181181719
17181181726
17181181729
17181181737
17181181768
17181181771
17181181775
17181181801
17181181829
17181181833
17181181836
17181181849
17181181865
17181181891
17181182116
17181182118
17181182142
17181182163
17181182183
17181182201
17181182234
17181182239
17181182248
17181182260
17181182261
17181182262
17181182265
17181182268
17181182276
17181182282
17181182293
17181182306
17181182308
17181182360
17181182395
17181182433
17181182481
17181182568
17181182610
17181182616
17181182622
17181182628
17181182657
17181182669
17181182672
17181182686
17181182752
17181182755
17181182759
17181182798
17181182875
17181182886
17181182893
17181182910
17181182912
17181182916
17181182931
17181182955
17181182960
17181182964
17181182975
17181182977
17181182991
17181182997
17181183029
17181183036
17181183061
17181183067
17181183081
17181183085
17181183097
17181183105
17181183106
17181183120
17181183130
17181183138
17181183139
17181183151
17181183172
17181183176
17181183179
17181183192
17181183193
17181183202
17181183229
17181183231
17181183236
17181183250
17181183262
17181183268
17181183278
17181183281
17181183297
17181183302
17181183323
17181183327
17181183329
17181183343
17181183350
17181183358
17181183362
17181183365
17181183371
17181183372
17181183385
17181183387
17181183391
17181183398
17181183414
17181183458
17181183510
17181183552
17181183562
17181183571
17181183580
17181183581
17181183593
17181183596
17181183620
17181183621
17181183625
17181183628
17181183657
17181183664
17181183671
17181183689
17181183692
17181183707
17181183715
17181183717
17181183721
17181183722
17181183730
17181183755
17181183757
17181183760
17181183768
17181183772
17181183782
17181183791
17181183797
17181183809
17181183810
17181183820
17181183827
17181183851
17181183856
17181183880
17181183903
17181183913
17181183917
17181183923
17181183930
17181183951
17181183953
17181183957
17181183959
17181183962
17181183965
17181183967
17181183968
17181183973
17181183981
17181183982
17181183995
17181184050
17181184081
17181184098
17181184145
17181184149
17181184151
17181184199
17181184398
17181184418
17181184490
17181184799
17181184817
17181184877
17181184880
17181184944
17181184966
17181185010
17181185032
17181185036
17181185052
17181185053
17181185060
17181185061
17181185073
17181185078
17181185082
17181185093
17181185094
17181185096
17181185097
17181185108
17181185116
17181185117
17181185133
17181185139
17181185150
17181185169
17181185179
17181185183
17181185193
17181185206
17181185217
17181185230
17181185236
17181185238
17181185239
17181185265
17181185270
17181185275
17181185282
17181185290
17181185293
17181185305
17181185307
17181185308
17181185311
17181185325
17181185326
17181185332
17181185336
17181185360
17181185361
17181185365
17181185376
17181185392
17181185398
17181185401
17181185412
17181185467
17181185516
17181185523
17181185550
17181185554
17181185569
17181185579
17181185596
17181185607
17181185610
17181185611
17181185612
17181185620
17181185638
17181185639
17181185661
17181185668
17181185671
17181185675
17181185682
17181185690
17181185693
17181185706
17181185709
17181185711
17181185716
17181185720
17181185729
17181185730
17181185736
17181185751
17181185762
17181185797
17181185801
17181185815
17181185817
17181185820
17181185825
17181185831
17181185836
17181185838
17181185860
17181185862
17181185873
17181185896
17181185920
17181185951
17181185968
17181185972
17181185977
17181185981
17181185982
17181185990
17181186021
17181186027
17181186028
17181186051
17181186059
17181186067
17181186071
17181186077
17181186135
17181186137
17181186157
17181186160
17181186163
17181186171
17181186177
17181186187
17181186192
17181186203
17181186232
17181186236
17181186237
17181186238
17181186252
17181186265
17181186268
17181186273
17181186281
17181186282
17181186291
17181186292
17181186296
17181186298
17181186306
17181186339
17181186351
17181186369
17181186377
17181186383
17181186392
17181186393
17181186397
17181186457
17181186505
17181186528
17181186550
17181186575
17181186582
17181186595
17181186608
17181186617
17181186619
17181186645
17181186684
17181186712
17181186728
17181186752
17181186775
17181186802
17181186820
17181186826
17181186871
17181186883
17181186907
17181186915
17181186939
17181186963
17181186991
17181187012
17181187020
17181187021
17181187028
17181187058
17181187082
17181187089
17181187095
17181187153
17181187157
17181187161
17181187175
17181187202
17181187221
17181187233
17181187259
17181187277
17181187293
17181187297
17181187328
17181187331
17181187358
17181187377
17181187393
17181187466
17181187515
17181187579
17181187587
17181187603
17181187612
17181187616
17181187621
17181187630
17181187650
17181187653
17181187658
17181187662
17181187665
17181187667
17181187672
17181187681
17181187685
17181187732
17181187765
17181187807
17181187817
17181187823
17181187833
17181187885
17181187909
17181187916
17181187920
17181187922
17181187926
17181187929
17181187939
17181187959
17181187962
17181187969
17181187995
17181187997
17181188020
17181188025
17181188026
17181188059
17181188060
17181188077
17181188093
17181188110
17181188114
17181188129
17181188130
17181188134
17181188143
17181188149
17181188203
17181188220
17181188223
17181188237
17181188261
17181188263
17181188267
17181188278
17181188279
17181188283
17181188285
17181188292
17181188312
17181188319
17181188328
17181188343
17181188344
17181188378
17181188389
17181188411
17181188418
17181188431
17181188454
17181188505
17181188515
17181188530
17181188554
17181188556
17181188565
17181188569
17181188573
17181188590
17181188607
17181188617
17181188637
17181188684
17181188691
17181188693
17181188695
17181188707
17181188711
17181188721
17181188731
17181188744
17181188763
17181188783
17181188791
17181188795
17181188804
17181188823
17181188837
17181188840
17181188872
17181188905
17181188908
17181188909
17181188923
17181188925
17181188935
17181188937
17181188946
17181188972
17181188975
17181188976
17181188986
17181189039
17181189057
17181189070
17181189078
17181189089
17181189109
17181189110
17181189113
17181189114
17181189122
17181189130
17181189133
17181189220
17181189228
17181189360
17181189391
17181189417
17181189466
17181189495
17181189508
17181189512
17181189537
17181189556
17181189586
17181189605
17181189616
17181189631
17181189651
17181189657
17181189659
17181189661
17181189709
17181189710
17181189715
17181189725
17181189729
17181189732
17181189753
17181189767
17181189775
17181189785
17181189802
17181189806
17181189813
17181189822
17181189850
17181189853
17181189865
17181189902
17181189919
17181189923
17181189934
17181189948
17181189976