13061753461
13062762479
13072142469
13127514081
13248043293
13248074263
13248163167
13248163595
13248163720
13262286143
16601702294
16601704654
16601707549
16601707854
16601710564
16601711264
16601711451
16601711794
16601713423
16601714376
16601714525
16601714943
16601716974
16601718374
16601719485
16601740083
16601740301
16601740510
16601740524
16601740603
16601740617
16601740657
16601740731
16601740995
16601741139
16601741243
16601741498
16601741680
16601741749
16601742038
16601742072
16601742109
16601742234
16601742306
16601742309
16601742358
16601742464
16601742559
16601742743
16601742836
16601743144
16601743151
16601743179
16601743243
16601743278
16601743428
16601743659
16601743674
16601743724
16601743932
16601744104
16601744107
16601744208
16601744235
16601744244
16601744248
16601744271
16601744413
16601744507
16601744624
16601744697
16601744864
16601745098
16601745202
17501603794
17501603945
17501604039
17501604058
17501604104
17501604112
17501604129
17501604178
17501604246
17501604373
17501604457
17501604474
17501604543
17501604708
17501604739
17501604825
17501604838
17501604969
17501605064
17501605406
17501605419
17501605480
17501605844
17501606184
17501606747
17501607204
17501607209
17501607238
17501607302
17501607441
17501607463
17501607582
17501607596
17501607652
17501607679
17501607851
17501607936
17501607953
17501607995
17501608072
17501608074
17501608130
17501608162
17501608441
17501608547
17501608703
17501608752
17501608964
17501608975
17501609051
17501609146
17501609149
17501609307
17501609416
17501609442
17501609482
17501609517
17501609710
17501609953
17501610043
17501610440
17501610934
17501611241
17501611364
17501611426
17501611469
17501611884
17501612040
17501612364
17501612402
17501612428
17501612548
17501612694
17501612741
17501612834
17501612846
17501612942
17501613054
17501613124
17501613241
17501613346
17501613428
17501613492
17501613554
17501613604
17501613904
17501613974
17501614046
17501614052
17501614215
17501614273
17501614387
17501614471
17501614542
17501614652
17501614674
17501614736
17501614837
17501614938
17501614967
17501614972
17501615074
17501615145
17501615248
17501615344
17501615406
17501615415
17501615943
17501615974
17501616044
17501616404
17501616409
17501616449
17501616542
17501616554
17501617344
17501617403
17501617458
17501617459
17501617941
17501618249
17501618418
17501618454
17501618483
17501618774
17501618845
17501619414
17501620337
17501620342
17501620351
17501620357
17501620376
17501620419
17501620451
17501620572
17501620592
17501620631
17501620672
17501620723
17501620841
17501620849
17501620874
17501620931
17501620953
17501620959
17501620969
17501621045
17501621193
17501621217
17501621248
17501621257
17501621275
17501621317
17501621346
17501621351
17501621352
17501621379
17501621395
17501621468
17501621531
17501621564
17501621572
17501621587
17501621591
17501621615
17501621643
17501621644
17501621651
17501621679
17501621707
17501621721
17501621727
17501621753
17501621805
17501621823
17501621864
17501621865
17501622051
17501622153
17501622354
17501622369
17501622412
17501622425
17501622451
17501622454
17501622491
17501622672
17501622713
17501622717
17501622725
17501622734
17501622756
17501622854
17501622859
17501622931
17501622940
17501622949
17501622957
17501623027
17501623059
17501623079
17501623150
17501623151
17501623248
17501623261
17501623279
17501623282
17501623351
17501623418
17501623507
17501623510
17501623526
17501623591
17501623612
17501623646
17501623647
17501623653
17501623674
17501623680
17501623690
17501623693
17501623716
17501623725
17501623735
17501623801
17501623862
17501623870
17501623891
17501623907
17501623912
17501623934
17501623963
17501623967
17501624017
17501624032
17501624038
17501624096
17501624116
17501624120
17501624159
17501624194
17501624202
17501624247
17501624476
17501624508
17501624595
17501624614
17501624640
17501624641
17501624673
17501624686
17501624691
17501624715
17501624749
17501624759
17501624779
17501624907
17501624954
17501625014
17501625037
17501625040
17501625073
17501625079
17501625083
17501625084
17501625101
17501625104
17501625146
17501625159
17501625290
17501625327
17501625361
17501625419
17501625571
17501625603
17501625646
17501625691
17501625735
17501625745
17501625812
17501625814
17501625843
17501625941
17501625942
17501625952
17501626087
17501626095
17501626124
17501626169
17501626223
17501626344
17501626440
17501626517
17501626541
17501626552
17501626564
17501626572
17501626574
17501626703
17501626709
17501626773
17501626807
17501626810
17501626832
17501626839
17501626903
17501626913
17501626927
17501626936
17501626975
17501627031
17501627071
17501627084
17501627135
17501627197
17501627203
17501627209
17501627213
17501627251
17501627283
17501627297
17501627316
17501627359
17501627374
17501627435
17501627457
17501627463
17501627502
17501627526
17501627540
17501627572
17501627602
17501627651
17501627674
17501627813
17501627864
17501627975
17501628041
17501628076
17501628156
17501628165
17501628183
17501628192
17501628195
17501628376
17501628429
17501628510
17501628532
17501628637
17501628639
17501628712
17501628731
17501628744
17501628775
17501628905
17501628970
17501629047
17501629101
17501629179
17501629203
17501629231
17501629251
17501629309
17501629343
17501629432
17501629441
17501629475
17501629503
17501629546
17501629573
17501629691
17501629712
17501629727
17501629810
17501629853
17501629875
17501629893
17501640823
17501643401
17501643476
17501643649
17501643964
17501643967
17501644710
17501644937
17501645702
17501645854
17501646513
17501662184
17501664143
17501667419
17501667954
17501669274
17502118471
17502130246
17502130429
17502130436
17502130437
17502130481
17502130489
17502130554
17502130747
17502131054
17502131124
17502131134
17502131184
17502131294
17502131349
17502131374
17502131431
17502131489
17502131514
17502131647
17502131714
17502131748
17502131854
17502131874
17502131940
17502131949
17502132024
17502132040
17502132043
17502132046
17502132146
17502132340
17502132347
17502132421
17502132435
17502132438
17502132457
17502132493
17502132543
17502132546
17502132646
17502132742
17502132842
17502132944
17502133104
17502133184
17502133436
17502133747
17502133874
17502133914
17502133943
17502134004
17502134026
17502134036
17502134042
17502134052
17502134082
17502134120
17502134192
17502134216
17502134238
17502134265
17502134279
17502134323
17502134324
17502134328
17502134342
17502134344
17502134347
17502134351
17502134363
17502134378
17502134383
17502134412
17502134427
17502134481
17502134529
17502134579
17502134584
17502134589
17502134598
17502134609
17502134679
17502134680
17502134704
17502134709
17502134716
17502134727
17502134783
17502134793
17502134802
17502134834
17502134837
17502134845
17502134856
17502134873
17502134882
17502134891
17502134909
17502134913
17502134939
17502134943
17502134952
17502134961
17502134962
17502134969
17502135024
17502135148
17502135348
17502135349
17502135416
17502135468
17502135492
17502135584
17502135684
17502135740
17502135754
17502135845
17502135947
17502136040
17502136224
17502136244
17502136246
17502136347
17502136348
17502136364
17502136430
17502136438
17502136449
17502136476
17502136784
17502136945
17502137014
17502137040
17502137047
17502137234
17502137340
17502137425
17502137428
17502137448
17502137464
17502137542
17502137545
17502137574
17502137584
17502137734
17502137747
17502137884
17502137945
17502137994
17502138049
17502138124
17502138145
17502138274
17502138284
17502138348
17502138410
17502138449
17502138458
17502138459
17502138554
17502138941
17502138944
17502139064
17502139114
17502139406
17502139428
17502139437
17502139484
17502139489
17502139540
17502139544
17502139545
17502139584
17502139743
17502139849
17502139945
17502139946
17502141964
17502142026
17502142032
17502142034
17502142042
17502142045
17502142046
17502142047
17502142054
17502142082
17502142085
17502142096
17502142097
17502142105
17502142116
17502142145
17502142171
17502142236
17502142237
17502142242
17502142246
17502142247
17502142251
17502142257
17502142267
17502142270
17502142276
17502142278
17502142281
17502142291
17502142301
17502142304
17502142306
17502142308
17502142327
17502142331
17502142334
17502142347
17502142350
17502142353
17502142356
17502142384
17502142385
17502142394
17502142418
17502142419
17502142425
17502142431
17502142436
17502142439
17502142441
17502142445
17502142452
17502142457
17502142459
17502142463
17502142464
17502142465
17502142470
17502142473
17502142489
17502142493
17502142495
17502142497
17502142504
17502142507
17502142508
17502142517
17502142523
17502142529
17502142530
17502142531
17502142539
17502142540
17502142548
17502142549
17502142553
17502142554
17502142565
17502142573
17502142584
17502142587
17502142592
17502142593
17502142603
17502142609
17502142612
17502142613
17502142618
17502142621
17502142629
17502142634
17502142635
17502142645
17502142653
17502142664
17502142667
17502142675
17502142676
17502142691
17502142704
17502142709
17502142713
17502142721
17502142723
17502142724
17502142725
17502142729
17502142731
17502142739
17502142743
17502142745
17502142746
17502142747
17502142753
17502142756
17502142759
17502142762
17502142773
17502142774
17502142781
17502142814
17502142815
17502142816
17502142821
17502142824
17502142825
17502142843
17502142848
17502142854
17502142860
17502142863
17502142874
17502142878
17502142879
17502142884
17502142901
17502142910
17502142917
17502142919
17502142926
17502142928
17502142930
17502142934
17502142938
17502142940
17502142942
17502142943
17502142945
17502142946
17502142948
17502142953
17502142954
17502142960
17502142961
17502142974
17502142979
17502142981
17502142982
17502142983
17502142991
17502142994
17502143014
17502143018
17502143042
17502143043
17502143070
17502143104
17502143140
17502143145
17502143149
17502143243
17502143247
17502143290
17502143349
17502143364
17502143374
17502143423
17502143449
17502143470
17502143475
17502143482
17502143497
17502143504
17502143524
17502143548
17502143594
17502143675
17502143680
17502143774
17502143794
17502143824
17502143874
17502143941
17502143964
17502144017
17502144034
17502144036
17502144039
17502144047
17502144063
17502144064
17502144072
17502144073
17502144083
17502144102
17502144107
17502144124
17502144130
17502144135
17502144163
17502144164
17502144167
17502144183
17502144184
17502144192
17502144193
17502144194
17502144209
17502144224
17502144237
17502144239
17502144261
17502144264
17502144269
17502144274
17502144282
17502144310
17502144312
17502144313
17502144340
17502144346
17502144348
17502144349
17502144350
17502144351
17502144353
17502144358
17502144359
17502144371
17502144375
17502144376
17502144382
17502144384
17502144479
17502144519
17502144541
17502144574
17502144587
17502144594
17502144597
17502144613
17502144615
17502144617
17502144620
17502144635
17502144637
17502144639
17502144641
17502144671
17502144674
17502144675
17502144686
17502144703
17502144708
17502144713
17502144714
17502144719
17502144737
17502144743
17502144754
17502144762
17502144773
17502144782
17502144801
17502144821
17502144827
17502144842
17502144849
17502144861
17502144875
17502144891
17502144902
17502144910
17502144914
17502144923
17502144927
17502144931
17502144932
17502144967
17502144973
17502144974
17502144984
17502144985
17502144993
17502145024
17502145046
17502145104
17502145134
17502145140
17502145142
17502145184
17502145249
17502145294
17502145314
17502145341
17502145344
17502145348
17502145401
17502145404
17502145417
17502145420
17502145429
17502145431
17502145439
17502145470
17502145472
17502145476
17502145480
17502145484
17502145496
17502145580
17502145631
17502145634
17502145641
17502145643
17502145649
17502145684
17502145714
17502145743
17502145790
17502145842
17502145843
17502145942
17502145947
17502145949
17502145984
17502145994
17502146014
17502146042
17502146044
17502146046
17502146048
17502146074
17502146130
17502146134
17502146143
17502146148
17502146149
17502146154
17502146164
17502146174
17502146184
17502146224
17502146228
17502146242
17502146243
17502146247
17502146248
17502146254
17502146274
17502146282
17502146284
17502146337
17502146341
17502146342
17502146347
17502146349
17502146374
17502146384
17502146401
17502146405
17502146406
17502146413
17502146416
17502146418
17502146419
17502146425
17502146431
17502146440
17502146442
17502146447
17502146452
17502146459
17502146474
17502146475
17502146484
17502146492
17502146514
17502146524
17502146549
17502146554
17502146558
17502146604
17502146624
17502146641
17502146642
17502146647
17502146649
17502146724
17502146740
17502146741
17502146747
17502146753
17502146764
17502146774
17502146794
17502146824
17502146843
17502146844
17502146845
17502146849
17502146871
17502146914
17502146924
17502146940
17502146941
17502146944
17502146945
17502146948
17502146954
17502146964
17502147014
17502147041
17502147054
17502147094
17502147142
17502147146
17502147154
17502147194
17502147219
17502147224
17502147244
17502147245
17502147314
17502147324
17502147325
17502147346
17502147354
17502147403
17502147405
17502147412
17502147414
17502147418
17502147420
17502147421
17502147425
17502147427
17502147430
17502147442
17502147445
17502147454
17502147457
17502147461
17502147462
17502147469
17502147472
17502147476
17502147482
17502147484
17502147489
17502147497
17502147524
17502147541
17502147542
17502147546
17502147548
17502147584
17502147604
17502147614
17502147642
17502147644
17502147646
17502147647
17502147648
17502147649
17502147684
17502147694
17502147746
17502147785
17502147804
17502147834
17502147840
17502147841
17502147842
17502147844
17502147845
17502147848
17502147854
17502147864
17502147881
17502147884
17502147924
17502147944
17502147984
17502148024
17502148030
17502148043
17502148044
17502148094
17502148104
17502148124
17502148134
17502148140
17502148143
17502148146
17502148178
17502148204
17502148314
17502148340
17502148344
17502148359
17502148364
17502148374
17502148394
17502148403
17502148405
17502148409
17502148413
17502148417
17502148428
17502148435
17502148439
17502148450
17502148454
17502148457
17502148459
17502148473
17502148476
17502148479
17502148491
17502148538
17502148541
17502148546
17502148594
17502148604
17502148614
17502148634
17502148640
17502148642
17502148644
17502148715
17502148744
17502148745
17502148830
17502148854
17502148874
17502148934
17502148945
17502148946
17502148948
17502148954
17502148974
17502148994
17502149021
17502149064
17502149104
17502149114
17502149140
17502149141
17502149204
17502149245
17502149247
17502149264
17502149314
17502149340
17502149341
17502149344
17502149364
17502149383
17502149416
17502149425
17502149427
17502149430
17502149431
17502149434
17502149441
17502149442
17502149443
17502149451
17502149462
17502149472
17502149474
17502149476
17502149484
17502149487
17502149489
17502149547
17502149584
17502149604
17502149614
17502149634
17502149643
17502149646
17502149694
17502149704
17502149724
17502149742
17502149748
17502149754
17502149774
17502149778
17502149804
17502149841
17502149854
17502149894
17502149943
17502149954
17502149964
17502149974
17502149984
17502150047
17502150364
17502150384
17502150468
17502150478
17502150483
17502150524
17502150564
17502150604
17502150740
17502150746
17502150749
17502150774
17502150844
17502150984
17502151284
17502151401
17502151408
17502151420
17502151423
17502151425
17502151470
17502151480
17502151490
17502151491
17502151541
17502151546
17502151554
17502151648
17502151649
17502151742
17502151843
17502151844
17502152054
17502152148
17502152334
17502152348
17502152426
17502152457
17502152469
17502152495
17502152641
17502152684
17502152844
17502152964
17502153048
17502153414
17502153423
17502153460
17502153465
17502153475
17502153478
17502153487
17502153544
17502153642
17502153834
17502153844
17502153849
17502153874
17502154071
17502154104
17502154127
17502154191
17502154224
17502154234
17502154248
17502154298
17502154306
17502154307
17502154339
17502154349
17502154414
17502154471
17502154478
17502154483
17502154589
17502154615
17502154623
17502154626
17502154657
17502154679
17502154681
17502154696
17502154713
17502154717
17502154756
17502154780
17502154782
17502154793
17502154812
17502154861
17502154917
17502154982
17502155134
17502155194
17502155341
17502155402
17502155424
17502155450
17502155476
17502155484
17502155614
17502155644
17502155724
17502155749
17502155843
17502155874
17502156048
17502156174
17502156416
17502156424
17502156434
17502156470
17502156487
17502156540
17502156546
17502156584
17502156624
17502156746
17502156824
17502156864
17502157041
17502157314
17502157403
17502157450
17502157484
17502157492
17502157547
17502157554
17502157844
17502158004
17502158014
17502158049
17502158140
17502158141
17502158342
17502158364
17502158384
17502158452
17502158540
17502158614
17502158654
17502158748
17502158784
17502159249
17502159429
17502159437
17502159443
17502159445
17502159481
17502159646
17502159654
17502159843
17502159940
17502168473
17502168478
17502168479
17502168482
17502168484
17502168486
17502168492
17502168494
17502168495
17502168496
17502168498
17502168514
17502168524
17502168534
17502168542
17502168545
17502168546
17502168548
17502168564
17502168574
17502168643
17502168644
17502168647
17502168649
17502168714
17502168724
17502168740
17502168741
17502168742
17502168743
17502168748
17502168754
17502168774
17502168794
17502168804
17502168847
17502168924
17502168942
17502168944
17502168954
17502168964
17502168974
17502168994
17502169004
17502169014
17502169024
17502169034
17502169040
17502169042
17502169045
17502169046
17502169054
17502169094
17502169104
17502169114
17502169124
17502169134
17502169141
17502169142
17502169143
17502169144
17502169145
17502169146
17502169148
17502169154
17502169164
17502169242
17502169247
17502169248
17502169249
17502169264
17502169294
17502169324
17502169334
17502169340
17502169341
17502169342
17502169346
17502169348
17502169403
17502169407
17502169409
17502169410
17502169414
17502169415
17502169416
17502169424
17502169430
17502169431
17502169432
17502169434
17502169440
17502169441
17502169450
17502169452
17502169453
17502169454
17502169457
17502169458
17502169459
17502169463
17502169467
17502169470
17502169471
17502169472
17502169474
17502169479
17502169480
17502169481
17502169482
17502169483
17502169485
17502169487
17502169489
17502169494
17502169496
17502169497
17502169504
17502169514
17502169524
17502169534
17502169540
17502169542
17502169545
17502169547
17502169554
17502169574
17502169641
17502169643
17502169644
17502169647
17502169649
17502169694
17502169714
17502169724
17502169734
17502169740
17502169743
17502169744
17502169746
17502169747
17502169749
17502169774
17502169814
17502169840
17502169842
17502169845
17502169846
17502169847
17502169874
17502169884
17502169904
17502169914
17502169924
17502169940
17502169945
17502169947
17502169954
17502169964
17502170184
17502170204
17502170242
17502170341
17502170342
17502170418
17502170419
17502170437
17502170439
17502170443
17502170449
17502170474
17502170483
17502170487
17502170541
17502170547
17502170644
17502170645
17502170647
17502170734
17502170742
17502170743
17502170749
17502170841
17502170843
17502170847
17502170874
17502170884
17502170904
17502170942
17502171034
17502171041
17502171140
17502171142
17502171242
17502171274
17502171304
17502171324
17502171346
17502171354
17502171416
17502171418
17502171419
17502171420
17502171430
17502171431
17502171435
17502171437
17502171440
17502171460
17502171468
17502171470
17502171481
17502171487
17502171540
17502171546
17502171549
17502171554
17502171574
17502171584
17502171684
17502171734
17502171749
17502171824
17502171845
17502171940
17502171941
17502171944
17502171945
17502172144
17502172241
17502172245
17502172349
17502172364
17502172405
17502172412
17502172429
17502172432
17502172439
17502172443
17502172446
17502172469
17502172475
17502172478
17502172483
17502172484
17502172487
17502172490
17502172496
17502172504
17502172544
17502172634
17502172747
17502172749
17502172774
17502172804
17502172842
17502172843
17502172894
17502172941
17502172974
17502173024
17502173040
17502173064
17502173074
17502173124
17502173141
17502173144
17502173146
17502173284
17502173342
17502173348
17502173364
17502173407
17502173421
17502173428
17502173429
17502173439
17502173440
17502173442
17502173449
17502173451
17502173459
17502173463
17502173465
17502173475
17502173484
17502173493
17502173540
17502173544
17502173574
17502173614
17502173645
17502173694
17502173742
17502173849
17502173864
17502173943
17502173984
17502174007
17502174043
17502174044
17502174052
17502174054
17502174060
17502174062
17502174067
17502174073
17502174075
17502174076
17502174078
17502174080
17502174091
17502174109
17502174128
17502174134
17502174137
17502174139
17502174140
17502174147
17502174149
17502174157
17502174162
17502174165
17502174184
17502174192
17502174205
17502174210
17502174229
17502174232
17502174237
17502174239
17502174256
17502174281
17502174287
17502174291
17502174295
17502174302
17502174305
17502174307
17502174335
17502174347
17502174351
17502174372
17502174395
17502174410
17502174416
17502174450
17502174453
17502174470
17502174501
17502174523
17502174534
17502174543
17502174553
17502174564
17502174572
17502174579
17502174584
17502174591
17502174595
17502174603
17502174619
17502174621
17502174639
17502174675
17502174709
17502174715
17502174720
17502174725
17502174735
17502174742
17502174743
17502174758
17502174761
17502174771
17502174778
17502174782
17502174785
17502174823
17502174832
17502174850
17502174851
17502174852
17502174857
17502174864
17502174869
17502174870
17502174874
17502174885
17502174902
17502174906
17502174914
17502174926
17502174934
17502174950
17502174953
17502174956
17502174959
17502174962
17502174963
17502174985
17502175064
17502175104
17502175134
17502175144
17502175145
17502175164
17502175247
17502175249
17502175348
17502175404
17502175419
17502175427
17502175434
17502175442
17502175443
17502175449
17502175461
17502175472
17502175480
17502175484
17502175493
17502175498
17502175514
17502175534
17502175574
17502175634
17502175654
17502175741
17502175742
17502175747
17502175794
17502175844
17502175954
17502176004
17502176142
17502176147
17502176184
17502176244
17502176254
17502176324
17502176334
17502176349
17502176401
17502176410
17502176413
17502176445
17502176459
17502176473
17502176480
17502176489
17502176490
17502176504
17502176541
17502176544
17502176546
17502176574
17502176724
17502176740
17502176744
17502176774
17502176794
17502176804
17502176834
17502176842
17502176843
17502176946
17502176949
17502177049
17502177141
17502177254
17502177348
17502177349
17502177394
17502177404
17502177421
17502177426
17502177431
17502177439
17502177446
17502177454
17502177458
17502177465
17502177489
17502177492
17502177541
17502177604
17502177624
17502177645
17502177674
17502177804
17502177840
17502177849
17502177943
17502178045
17502178184
17502178204
17502178234
17502178314
17502178346
17502178404
17502178405
17502178406
17502178439
17502178450
17502178453
17502178457
17502178467
17502178470
17502178475
17502178494
17502178495
17502178504
17502178634
17502178642
17502178643
17502178734
17502178746
17502178749
17502178841
17502178854
17502178914
17502178948
17502179045
17502179134
17502179149
17502179154
17502179244
17502179249
17502179340
17502179410
17502179413
17502179429
17502179432
17502179440
17502179460
17502179474
17502179494
17502179540
17502179541
17502179564
17502179634
17502179645
17502179648
17502179664
17502179674
17502179694
17502179745
17502179924
17502179948
17502179954
17502179984
17502192746
17502192748
17502192764
17502192784
17502192804
17502192824
17502192844
17502192854
17502192864
17502192874
17502192884
17502192914
17502192924
17502192934
17502192941
17502192943
17502192946
17502192954
17502192994
17502193004
17502193024
17502193034
17502193040
17502193042
17502193043
17502193045
17502193046
17502193064
17502193074
17502193084
17502193094
17502193114
17502193142
17502193143
17502193145
17502193146
17502193147
17502193154
17502193174
17502193204
17502193214
17502193224
17502193240
17502193241
17502193245
17502193246
17502193247
17502193254
17502193264
17502193274
17502193284
17502193294
17502193324
17502193341
17502193343
17502193347
17502193348
17502193364
17502193374
17502193384
17502193394
17502193404
17502193407
17502193415
17502193416
17502193417
17502193419
17502193423
17502193425
17502193426
17502193428
17502193440
17502193447
17502193449
17502193452
17502193453
17502193460
17502193464
17502193467
17502193468
17502193469
17502193470
17502193473
17502193476
17502193479
17502193480
17502193482
17502193484
17502193485
17502193489
17502193491
17502193493
17502193494
17502193496
17502193504
17502193534
17502193540
17502193542
17502193543
17502193546
17502193547
17502193564
17502193584
17502193594
17502193624
17502193641
17502193642
17502193643
17502193646
17502193674
17502193684
17502193714
17502193734
17502193740
17502193754
17502193774
17502193784
17502193804
17502193824
17502193834
17502193845
17502193846
17502193848
17502193849
17502193854
17502193874
17502193914
17502193940
17502193942
17502193943
17502193945
17502193946
17502193954
17502193964
17502193984
17502194013
17502194016
17502194024
17502194029
17502194031
17502194037
17502194038
17502194039
17502194041
17502194046
17502194047
17502194049
17502194051
17502194052
17502194054
17502194057
17502194060
17502194067
17502194069
17502194071
17502194072
17502194081
17502194082
17502194084
17502194087
17502194092
17502194095
17502194098
17502194103
17502194105
17502194109
17502194130
17502194139
17502194142
17502194143
17502194145
17502194147
17502194150
17502194151
17502194154
17502194156
17502194157
17502194158
17502194163
17502194165
17502194169
17502194170
17502194174
17502194176
17502194178
17502194181
17502194183
17502194192
17502194201
17502194202
17502194204
17502194206
17502194210
17502194213
17502194214
17502194217
17502194221
17502194224
17502194225
17502194226
17502194229
17502194231
17502194236
17502194237
17502194240
17502194241
17502194242
17502194244
17502194247
17502194250
17502194254
17502194259
17502194262
17502194263
17502194270
17502194272
17502194273
17502194281
17502194282
17502194283
17502194285
17502194291
17502194292
17502194293
17502194297
17502194301
17502194304
17502194306
17502194309
17502194310
17502194316
17502194323
17502194324
17502194326
17502194330
17502194331
17502194332
17502194337
17502194340
17502194341
17502194342
17502194344
17502194345
17502194346
17502194350
17502194357
17502194363
17502194364
17502194365
17502194368
17502194372
17502194373
17502194374
17502194378
17502194381
17502194382
17502194383
17502194387
17502194389
17502194391
17502194395
17502194396
17502194403
17502194404
17502194408
17502194413
17502194414
17502194415
17502194418
17502194420
17502194421
17502194424
17502194427
17502194429
17502194434
17502194437
17502194453
17502194457
17502194465
17502194470
17502194472
17502194473
17502194476
17502194478
17502194479
17502194481
17502194482
17502194484
17502194486
17502194487
17502194490
17502194492
17502194493
17502194494
17502194496
17502194504
17502194506
17502194507
17502194508
17502194510
17502194512
17502194516
17502194523
17502194529
17502194532
17502194534
17502194536
17502194538
17502194541
17502194542
17502194543
17502194547
17502194549
17502194557
17502194561
17502194562
17502194564
17502194565
17502194569
17502194570
17502194573
17502194574
17502194579
17502194581
17502194582
17502194583
17502194584
17502194587
17502194590
17502194594
17502194595
17502194596
17502194597
17502194602
17502194604
17502194606
17502194608
17502194614
17502194617
17502194623
17502194626
17502194627
17502194629
17502194631
17502194632
17502194634
17502194638
17502194639
17502194641
17502194645
17502194647
17502194650
17502194653
17502194654
17502194659
17502194662
17502194672
17502194681
17502194683
17502194684
17502194685
17502194686
17502194692
17502194693
17502194695
17502194696
17502194698
17502194701
17502194702
17502194703
17502194705
17502194710
17502194717
17502194719
17502194723
17502194724
17502194725
17502194734
17502194735
17502194739
17502194743
17502194746
17502194748
17502194749
17502194753
17502194756
17502194762
17502194763
17502194765
17502194772
17502194773
17502194776
17502194778
17502194781
17502194782
17502194783
17502194784
17502194787
17502194790
17502194791
17502194796
17502194797
17502194798
17502194801
17502194804
17502194806
17502194807
17502194809
17502194810
17502194814
17502194815
17502194817
17502194819
17502194821
17502194825
17502194826
17502194829
17502194830
17502194838
17502194842
17502194849
17502194856
17502194857
17502194858
17502194859
17502194873
17502194876
17502194882
17502194885
17502194893
17502194896
17502194903
17502194910
17502194913
17502194925
17502194926
17502194929
17502194932
17502194938
17502194942
17502194954
17502194960
17502194965
17502194969
17502194976
17502194978
17502194982
17502194993
17502194995
17502195046
17502195194
17502195214
17502195409
17502195415
17502195416
17502195418
17502195419
17502195426
17502195436
17502195440
17502195441
17502195445
17502195447
17502195453
17502195454
17502195481
17502195483
17502195485
17502195514
17502195540
17502195574
17502195624
17502195747
17502195754
17502195841
17502195849
17502195884
17502195941
17502195947
17502195949
17502195984
17502196045
17502196142
17502196145
17502196146
17502196244
17502196264
17502196324
17502196344
17502196413
17502196418
17502196428
17502196445
17502196449
17502196451
17502196452
17502196454
17502196475
17502196480
17502196481
17502196490
17502196540
17502196542
17502196545
17502196594
17502196741
17502196749
17502196764
17502196784
17502196840
17502196843
17502196844
17502196846
17502196849
17502196904
17502196914
17502196942
17502196943
17502196954
17502196984
17502196994
17502197041
17502197043
17502197054
17502197064
17502197074
17502197104
17502197124
17502197134
17502197147
17502197148
17502197234
17502197240
17502197249
17502197294
17502197324
17502197342
17502197346
17502197410
17502197418
17502197426
17502197442
17502197451
17502197458
17502197460
17502197469
17502197473
17502197492
17502197540
17502197544
17502197545
17502197547
17502197574
17502197584
17502197594
17502197643
17502197646
17502197647
17502197734
17502197741
17502197742
17502197764
17502197814
17502197841
17502197894
17502197949
17502197964
17502198040
17502198149
17502198174
17502198374
17502198409
17502198410
17502198416
17502198420
17502198428
17502198429
17502198432
17502198440
17502198449
17502198452
17502198454
17502198461
17502198462
17502198467
17502198471
17502198476
17502198483
17502198487
17502198540
17502198541
17502198545
17502198549
17502198641
17502198644
17502198648
17502198684
17502198814
17502198840
17502199024
17502199040
17502199084
17502199104
17502199134
17502199143
17502199147
17502199148
17502199149
17502199174
17502199242
17502199244
17502199254
17502199344
17502199405
17502199413
17502199414
17502199416
17502199442
17502199449
17502199453
17502199459
17502199482
17502199486
17502199489
17502199491
17502199493
17502199504
17502199514
17502199541
17502199542
17502199543
17502199574
17502199643
17502199644
17502199647
17502199684
17502199734
17502199742
17502199841
17502199849
17511685612
17511685703
17511685901
17511685919
17511686675
17511687092
17511687109
17511687205
17511687265
17511687301
17511687307
17511687309
17511687835
17511687837
17511688982
17511689107
17511689503
17511689675
17511690043
17511690144
17511690179
17511690215
17511690257
17511690343
17511690384
17511690448
17511690453
17511690457
17511690467
17511690478
17511690494
17511690542
17511690637
17511690649
17511690735
17511690740
17511690841
17511690864
17511690874
17511690938
17511691047
17511691084
17511691240
17511691241
17511691243
17511691293
17511691379
17511691401
17511691409
17511691438
17511691473
17511691478
17511691480
17511691484
17511691487
17511691603
17511691675
17511691704
17511692039
17511692442
17511692461
17511692491
17511692494
17511692524
17511692632
17511692646
17511692653
17511692716
17511692783
17511692847
17511692957
17511692973
17511693024
17511693044
17511693124
17511693145
17511693194
17511693204
17511693207
17511693246
17511693249
17511693289
17511693384
17511693412
17511693413
17511693420
17511693424
17511693428
17511693432
17511693435
17511693442
17511693462
17511693471
17511693504
17511693515
17511693544
17511693575
17511693582
17511693583
17511693592
17511693745
17511693761
17511693794
17511693926
17511693934
17511694002
17511694027
17511694039
17511694045
17511694061
17511694070
17511694076
17511694103
17511694127
17511694135
17511694189
17511694192
17511694208
17511694210
17511694217
17511694220
17511694247
17511694254
17511694265
17511694282
17511694291
17511694295
17511694303
17511694329
17511694331
17511694361
17511694378
17511694381
17511694389
17511694390
17511694392
17511694407
17511694416
17511694429
17511694460
17511694516
17511694526
17511694574
17511694583
17511694594
17511694608
17511694609
17511694615
17511694637
17511694672
17511694673
17511694702
17511694703
17511694715
17511694744
17511694754
17511694805
17511694821
17511694835
17511694851
17511694854
17511694864
17511694873
17511694878
17511694897
17511694901
17511694931
17511694950
17511694956
17511694964
17511694985
17511695042
17511695064
17511695084
17511695104
17511695106
17511695164
17511695184
17511695194
17511695243
17511695267
17511695376
17511695394
17511695419
17511695430
17511695440
17511695441
17511695459
17511695474
17511695478
17511695479
17511695485
17511695494
17511695496
17511695540
17511695541
17511695637
17511695707
17511695734
17511695742
17511695749
17511695763
17511695783
17511695790
17511695994
17511696084
17511696134
17511696201
17511696204
17511696246
17511696276
17511696304
17511696405
17511696418
17511696419
17511696435
17511696450
17511696454
17511696482
17511696493
17511696541
17511696704
17511696714
17511696924
17511697048
17511697064
17511697083
17511697144
17511697154
17511697284
17511697292
17511697347
17511697348
17511697420
17511697425
17511697452
17511697463
17511697479
17511697484
17511697624
17511697634
17511697635
17511697646
17511697653
17511697674
17511697825
17511697837
17511697874
17511697964
17511698064
17511698141
17511698244
17511698274
17511698343
17511698401
17511698416
17511698417
17511698435
17511698438
17511698470
17511698514
17511698637
17511698840
17511698843
17511698904
17511698941
17511698942
17511698947
17511699044
17511699046
17511699049
17511699124
17511699154
17511699241
17511699274
17511699341
17511699434
17511699473
17511699497
17511699723
17511699804
17521246957
17521272463
17521301537
17521311293
17521349415
17521514394
17521540975
17521564291
17521564463
17521564572
17521564604
17521602412
17521602467
17521604207
17521605461
17521607344
17521609204
17521609745
17521624014
17521637064
17521637745
17521638439
17521641694
17521641947
17521642462
17521642643
17521643017
17521643154
17521643254
17521643356
17521643753
17521644072
17521644073
17521644504
17521644784
17521645401
17521646490
17521646744
17521649951
17521723844
17521729742
17521734674
17521736342
17521760274
17521761405
17521764424
17521765494
17521767824
17521769344
17521769447
17521774845
17521781049
17521782994
17521784048
17521784172
17521784370
17601215492
17601243831
17601248295
17601248715
17601299385
17601299402
17621605490
17621657942
17621697647
18516064034
18516074047
18516285094
18516341702
18516343891
18516347113
18516349313
18516349601
18516539445
18516560471
18516571934
18516575447
18516587264
18516775246
18521794642
18521941761
18521944589
18521944674
18521944781
18521945341
18521945457
18521945461
18521945484
18521946044
18521946201
18521946544
18521947167
18521947245
18521948312
18616584164
18621541095
18621987124