13127519038
13248040435
13248042965
13248042971
13248043112
13248043167
13248043170
13248043482
13248043491
13248043494
13248044129
13248046985
13248047630
13248048751
13248049378
13248061364
13248064281
13248064953
13248067340
13248068074
13248068170
13248072264
13248073214
13248073840
13248075814
13248078623
13248079434
13248079532
13248139245
13248165271
13248165762
13248167291
13248171673
13248171692
13248180447
13248192074
13248194109
13248196471
13248198049
16601700134
16601700141
16601700142
16601700144
16601700149
16601700194
16601700240
16601700244
16601700248
16601700249
16601700340
16601700347
16601700348
16601700354
16601700418
16601700431
16601700432
16601700434
16601700437
16601700445
16601700449
16601700452
16601700457
16601700463
16601700469
16601700474
16601700476
16601700478
16601700487
16601700491
16601700492
16601700493
16601700494
16601700524
16601700534
16601700547
16601700549
16601700584
16601700645
16601700647
16601700674
16601700743
16601700748
16601700754
16601700764
16601700774
16601700784
16601700794
16601700840
16601700842
16601700847
16601700874
16601700894
16601700943
16601700944
16601700984
16601701041
16601701042
16601701047
16601701048
16601701054
16601701074
16601701094
16601701140
16601701141
16601701145
16601701148
16601701164
16601701243
16601701247
16601701264
16601701344
16601701346
16601701347
16601701348
16601701354
16601701364
16601701403
16601701404
16601701405
16601701406
16601701408
16601701413
16601701415
16601701416
16601701417
16601701418
16601701420
16601701421
16601701423
16601701424
16601701425
16601701426
16601701432
16601701434
16601701435
16601701438
16601701440
16601701441
16601701447
16601701449
16601701451
16601701452
16601701454
16601701459
16601701460
16601701461
16601701463
16601701464
16601701467
16601701470
16601701472
16601701474
16601701475
16601701478
16601701480
16601701481
16601701482
16601701485
16601701489
16601701490
16601701491
16601701493
16601701495
16601701497
16601701514
16601701524
16601701534
16601701541
16601701543
16601701545
16601701546
16601701547
16601701548
16601701554
16601701564
16601701574
16601701584
16601701604
16601701624
16601701648
16601701649
16601701654
16601701664
16601701674
16601701684
16601701694
16601701714
16601701734
16601701742
16601701745
16601701747
16601701748
16601701764
16601701834
16601701841
16601701849
16601701854
16601701864
16601701874
16601701904
16601701924
16601701944
16601701947
16601701948
16601702014
16601702024
16601702034
16601702041
16601702042
16601702045
16601702049
16601702064
16601702074
16601702094
16601702134
16601702140
16601702143
16601702146
16601702147
16601702148
16601702154
16601702204
16601702214
16601702240
16601702241
16601702248
16601702249
16601702254
16601702294
16601702304
16601702324
16601702334
16601702342
16601702344
16601702346
16601702347
16601702348
16601702384
16601702401
16601702403
16601702405
16601702409
16601702414
16601702418
16601702419
16601702421
16601702425
16601702426
16601702427
16601702431
16601702432
16601702434
16601702435
16601702437
16601702439
16601702447
16601702448
16601702454
16601702457
16601702459
16601702462
16601702464
16601702467
16601702469
16601702472
16601702474
16601702478
16601702479
16601702480
16601702487
16601702489
16601702490
16601702491
16601702492
16601702493
16601702495
16601702496
16601702504
16601702514
16601702534
16601702541
16601702543
16601702544
16601702546
16601702548
16601702554
16601702574
16601702604
16601702640
16601702641
16601702642
16601702643
16601702645
16601702648
16601702649
16601702654
16601702684
16601702694
16601702704
16601702724
16601702741
16601702743
16601702744
16601702745
16601702747
16601702754
16601702774
16601702784
16601702824
16601702842
16601702874
16601702904
16601702914
16601702924
16601702940
16601702942
16601702943
16601702945
16601702946
16601702947
16601702948
16601702954
16601702984
16601703004
16601703014
16601703041
16601703042
16601703043
16601703044
16601703046
16601703047
16601703049
16601703064
16601703084
16601703144
16601703154
16601703164
16601703184
16601703194
16601703214
16601703224
16601703234
16601703240
16601703243
16601703244
16601703249
16601703264
16601703274
16601703284
16601703304
16601703341
16601703347
16601703349
16601703354
16601703374
16601703384
16601703401
16601703402
16601703406
16601703407
16601703409
16601703414
16601703416
16601703419
16601703420
16601703421
16601703423
16601703424
16601703425
16601703426
16601703427
16601703429
16601703431
16601703435
16601703436
16601703438
16601703442
16601703443
16601703449
16601703452
16601703459
16601703460
16601703465
16601703467
16601703471
16601703474
16601703478
16601703482
16601703483
16601703484
16601703486
16601703493
16601703497
16601703498
16601703504
16601703514
16601703534
16601703541
16601703542
16601703545
16601703546
16601703548
16601703549
16601703564
16601703574
16601703584
16601703594
16601703624
16601703634
16601703664
16601703674
16601703684
16601703694
16601703704
16601703714
16601703724
16601703734
16601703743
16601703744
16601703745
16601703749
16601703774
16601703804
16601703814
16601703834
16601703841
16601703843
16601703844
16601703854
16601703864
16601703894
16601703940
16601703941
16601703943
16601703947
16601703949
16601703964
16601703984
16601703994
16601704021
16601704023
16601704024
16601704026
16601704028
16601704029
16601704035
16601704038
16601704042
16601704043
16601704045
16601704049
16601704052
16601704056
16601704057
16601704061
16601704062
16601704063
16601704064
16601704069
16601704073
16601704074
16601704076
16601704078
16601704079
16601704081
16601704082
16601704083
16601704084
16601704091
16601704092
16601704095
16601704097
16601704102
16601704104
16601704106
16601704107
16601704109
16601704116
16601704121
16601704124
16601704130
16601704131
16601704132
16601704139
16601704140
16601704143
16601704147
16601704154
16601704161
16601704165
16601704168
16601704169
16601704171
16601704175
16601704182
16601704183
16601704184
16601704189
16601704192
16601704194
16601704195
16601704197
16601704198
16601704208
16601704209
16601704214
16601704217
16601704219
16601704223
16601704226
16601704229
16601704231
16601704234
16601704235
16601704236
16601704237
16601704238
16601704241
16601704245
16601704246
16601704247
16601704251
16601704254
16601704256
16601704260
16601704261
16601704263
16601704264
16601704269
16601704271
16601704272
16601704273
16601704275
16601704279
16601704280
16601704284
16601704287
16601704294
16601704301
16601704302
16601704303
16601704308
16601704309
16601704310
16601704313
16601704314
16601704316
16601704319
16601704325
16601704326
16601704331
16601704334
16601704335
16601704336
16601704343
16601704352
16601704353
16601704359
16601704365
16601704370
16601704373
16601704374
16601704382
16601704383
16601704385
16601704387
16601704391
16601704392
16601704394
16601704395
16601704398
16601704401
16601704409
16601704412
16601704414
16601704420
16601704423
16601704424
16601704429
16601704431
16601704437
16601704438
16601704439
16601704441
16601704463
16601704467
16601704469
16601704471
16601704472
16601704475
16601704480
16601704481
16601704483
16601704486
16601704489
16601704491
16601704493
16601704496
16601704501
16601704504
16601704505
16601704508
16601704527
16601704529
16601704532
16601704535
16601704540
16601704541
16601704542
16601704543
16601704548
16601704553
16601704558
16601704563
16601704564
16601704570
16601704571
16601704574
16601704575
16601704579
16601704580
16601704582
16601704584
16601704585
16601704596
16601704603
16601704604
16601704605
16601704606
16601704613
16601704620
16601704623
16601704624
16601704625
16601704627
16601704632
16601704637
16601704640
16601704643
16601704645
16601704652
16601704653
16601704654
16601704657
16601704659
16601704672
16601704675
16601704681
16601704683
16601704687
16601704693
16601704695
16601704701
16601704702
16601704703
16601704704
16601704708
16601704709
16601704718
16601704724
16601704731
16601704734
16601704738
16601704742
16601704743
16601704744
16601704746
16601704756
16601704758
16601704761
16601704767
16601704774
16601704781
16601704787
16601704790
16601704791
16601704792
16601704794
16601704795
16601704796
16601704797
16601704798
16601704809
16601704810
16601704814
16601704819
16601704820
16601704823
16601704824
16601704825
16601704831
16601704832
16601704835
16601704837
16601704841
16601704844
16601704857
16601704859
16601704860
16601704862
16601704863
16601704865
16601704867
16601704869
16601704872
16601704873
16601704890
16601704891
16601704892
16601704893
16601704894
16601704895
16601704902
16601704903
16601704905
16601704906
16601704908
16601704910
16601704914
16601704918
16601704921
16601704923
16601704926
16601704931
16601704936
16601704937
16601704942
16601704951
16601704957
16601704961
16601704963
16601704967
16601704968
16601704969
16601704971
16601704974
16601704975
16601704976
16601704979
16601704984
16601704986
16601704995
16601704997
16601705034
16601705041
16601705045
16601705046
16601705047
16601705049
16601705074
16601705094
16601705124
16601705134
16601705140
16601705143
16601705144
16601705146
16601705147
16601705148
16601705149
16601705184
16601705194
16601705224
16601705234
16601705242
16601705243
16601705246
16601705247
16601705274
16601705284
16601705342
16601705344
16601705346
16601705349
16601705374
16601705394
16601705406
16601705407
16601705408
16601705409
16601705410
16601705414
16601705416
16601705417
16601705419
16601705424
16601705425
16601705426
16601705427
16601705429
16601705434
16601705435
16601705437
16601705439
16601705441
16601705443
16601705446
16601705448
16601705450
16601705452
16601705453
16601705457
16601705461
16601705463
16601705465
16601705469
16601705470
16601705471
16601705472
16601705476
16601705479
16601705482
16601705483
16601705485
16601705487
16601705489
16601705491
16601705494
16601705496
16601705498
16601705504
16601705534
16601705542
16601705543
16601705546
16601705547
16601705564
16601705594
16601705641
16601705642
16601705643
16601705647
16601705648
16601705654
16601705664
16601705694
16601705714
16601705734
16601705741
16601705742
16601705748
16601705754
16601705784
16601705794
16601705804
16601705824
16601705842
16601705843
16601705846
16601705847
16601705849
16601705854
16601705874
16601705894
16601705904
16601705914
16601705924
16601705941
16601705942
16601705946
16601705947
16601705948
16601705949
16601705954
16601705974
16601706047
16601706048
16601706074
16601706124
16601706134
16601706144
16601706146
16601706147
16601706148
16601706149
16601706164
16601706194
16601706204
16601706234
16601706240
16601706241
16601706242
16601706244
16601706245
16601706249
16601706254
16601706294
16601706314
16601706324
16601706334
16601706340
16601706341
16601706344
16601706348
16601706349
16601706354
16601706384
16601706402
16601706404
16601706407
16601706408
16601706414
16601706415
16601706420
16601706429
16601706431
16601706432
16601706435
16601706437
16601706438
16601706439
16601706441
16601706445
16601706446
16601706447
16601706448
16601706451
16601706453
16601706460
16601706464
16601706467
16601706469
16601706471
16601706474
16601706478
16601706479
16601706482
16601706483
16601706486
16601706493
16601706504
16601706534
16601706542
16601706546
16601706548
16601706554
16601706634
16601706642
16601706694
16601706714
16601706724
16601706734
16601706740
16601706742
16601706743
16601706746
16601706774
16601706804
16601706824
16601706834
16601706840
16601706841
16601706844
16601706846
16601706847
16601706864
16601706874
16601706894
16601706904
16601706942
16601706943
16601706944
16601706947
16601706954
16601707014
16601707024
16601707045
16601707054
16601707064
16601707084
16601707104
16601707134
16601707142
16601707145
16601707147
16601707164
16601707204
16601707240
16601707242
16601707244
16601707254
16601707274
16601707294
16601707304
16601707334
16601707340
16601707343
16601707346
16601707349
16601707402
16601707404
16601707409
16601707413
16601707416
16601707421
16601707424
16601707426
16601707427
16601707429
16601707436
16601707439
16601707443
16601707447
16601707450
16601707453
16601707454
16601707458
16601707460
16601707461
16601707462
16601707464
16601707467
16601707471
16601707472
16601707482
16601707483
16601707484
16601707494
16601707495
16601707496
16601707514
16601707524
16601707534
16601707549
16601707594
16601707604
16601707624
16601707634
16601707640
16601707643
16601707644
16601707645
16601707648
16601707694
16601707714
16601707740
16601707741
16601707746
16601707748
16601707784
16601707804
16601707814
16601707824
16601707834
16601707842
16601707845
16601707846
16601707854
16601707874
16601707884
16601707904
16601707914
16601707924
16601707942
16601707943
16601707945
16601707947
16601707964
16601707974
16601707994
16601708024
16601708034
16601708041
16601708043
16601708048
16601708064
16601708094
16601708142
16601708143
16601708144
16601708145
16601708148
16601708149
16601708154
16601708164
16601708194
16601708204
16601708241
16601708244
16601708249
16601708304
16601708324
16601708334
16601708343
16601708384
16601708401
16601708402
16601708403
16601708404
16601708412
16601708419
16601708423
16601708426
16601708430
16601708436
16601708437
16601708438
16601708443
16601708445
16601708446
16601708449
16601708451
16601708458
16601708464
16601708465
16601708467
16601708469
16601708470
16601708471
16601708473
16601708475
16601708476
16601708478
16601708479
16601708482
16601708485
16601708490
16601708496
16601708497
16601708504
16601708524
16601708540
16601708544
16601708554
16601708564
16601708574
16601708614
16601708634
16601708640
16601708642
16601708644
16601708645
16601708646
16601708647
16601708654
16601708664
16601708694
16601708740
16601708742
16601708743
16601708744
16601708745
16601708748
16601708774
16601708794
16601708842
16601708854
16601708874
16601708924
16601708934
16601708943
16601708944
16601708945
16601708948
16601708964
16601708984
16601709004
16601709034
16601709045
16601709046
16601709047
16601709048
16601709054
16601709104
16601709114
16601709134
16601709164
16601709204
16601709224
16601709243
16601709246
16601709248
16601709264
16601709274
16601709294
16601709304
16601709334
16601709340
16601709341
16601709342
16601709364
16601709403
16601709406
16601709407
16601709408
16601709409
16601709410
16601709413
16601709415
16601709416
16601709426
16601709432
16601709439
16601709442
16601709448
16601709452
16601709462
16601709463
16601709464
16601709467
16601709470
16601709473
16601709475
16601709478
16601709483
16601709489
16601709491
16601709492
16601709496
16601709497
16601709514
16601709524
16601709534
16601709541
16601709542
16601709548
16601709549
16601709564
16601709574
16601709584
16601709634
16601709641
16601709644
16601709649
16601709704
16601709724
16601709734
16601709741
16601709744
16601709746
16601709748
16601709774
16601709784
16601709842
16601709843
16601709845
16601709846
16601709864
16601709874
16601709894
16601709924
16601709934
16601709946
16601709947
16601710034
16601710043
16601710049
16601710054
16601710114
16601710142
16601710143
16601710144
16601710146
16601710149
16601710242
16601710243
16601710248
16601710294
16601710340
16601710341
16601710344
16601710347
16601710364
16601710394
16601710401
16601710402
16601710405
16601710409
16601710412
16601710414
16601710415
16601710417
16601710436
16601710438
16601710441
16601710442
16601710443
16601710447
16601710451
16601710452
16601710453
16601710457
16601710458
16601710461
16601710462
16601710464
16601710465
16601710472
16601710474
16601710480
16601710481
16601710484
16601710485
16601710487
16601710489
16601710491
16601710495
16601710497
16601710504
16601710524
16601710541
16601710542
16601710544
16601710547
16601710564
16601710574
16601710594
16601710624
16601710640
16601710641
16601710642
16601710643
16601710644
16601710724
16601710743
16601710744
16601710746
16601710747
16601710748
16601710749
16601710764
16601710834
16601710840
16601710841
16601710846
16601710847
16601710849
16601710854
16601710894
16601710940
16601710941
16601710943
16601710945
16601710946
16601710947
16601710948
16601710964
16601710974
16601711014
16601711043
16601711046
16601711054
16601711140
16601711142
16601711154
16601711204
16601711240
16601711241
16601711242
16601711243
16601711246
16601711248
16601711254
16601711264
16601711284
16601711340
16601711341
16601711347
16601711354
16601711404
16601711408
16601711410
16601711416
16601711418
16601711419
16601711421
16601711423
16601711426
16601711429
16601711430
16601711432
16601711434
16601711442
16601711443
16601711446
16601711448
16601711449
16601711452
16601711454
16601711459
16601711460
16601711462
16601711463
16601711464
16601711467
16601711468
16601711481
16601711483
16601711484
16601711485
16601711486
16601711491
16601711495
16601711497
16601711524
16601711541
16601711543
16601711546
16601711547
16601711564
16601711574
16601711624
16601711644
16601711648
16601711654
16601711674
16601711734
16601711743
16601711745
16601711748
16601711749
16601711784
16601711794
16601711824
16601711834
16601711841
16601711844
16601711845
16601711846
16601711847
16601711849
16601711854
16601711940
16601711941
16601711942
16601711984
16601712024
16601712034
16601712044
16601712049
16601712074
16601712094
16601712134
16601712140
16601712143
16601712145
16601712146
16601712148
16601712164
16601712174
16601712184
16601712241
16601712243
16601712245
16601712247
16601712249
16601712274
16601712294
16601712314
16601712324
16601712342
16601712349
16601712354
16601712374
16601712384
16601712394
16601712402
16601712404
16601712405
16601712408
16601712412
16601712415
16601712417
16601712419
16601712420
16601712421
16601712432
16601712434
16601712435
16601712436
16601712438
16601712440
16601712441
16601712443
16601712446
16601712447
16601712448
16601712450
16601712453
16601712454
16601712458
16601712460
16601712461
16601712463
16601712465
16601712469
16601712470
16601712473
16601712475
16601712479
16601712480
16601712486
16601712487
16601712489
16601712490
16601712491
16601712493
16601712496
16601712514
16601712544
16601712545
16601712549
16601712564
16601712574
16601712584
16601712594
16601712614
16601712624
16601712640
16601712643
16601712644
16601712646
16601712647
16601712648
16601712704
16601712714
16601712724
16601712740
16601712743
16601712784
16601712824
16601712845
16601712849
16601712854
16601712864
16601712874
16601712904
16601712934
16601712943
16601712946
16601712947
16601712964
16601712974
16601713034
16601713042
16601713043
16601713044
16601713048
16601713054
16601713094
16601713104
16601713124
16601713134
16601713140
16601713143
16601713154
16601713184
16601713194
16601713204
16601713214
16601713243
16601713247
16601713274
16601713284
16601713294
16601713354
16601713364
16601713374
16601713384
16601713394
16601713401
16601713402
16601713403
16601713404
16601713405
16601713406
16601713413
16601713414
16601713416
16601713418
16601713434
16601713435
16601713437
16601713440
16601713445
16601713446
16601713447
16601713451
16601713453
16601713454
16601713460
16601713463
16601713467
16601713468
16601713472
16601713473
16601713474
16601713476
16601713478
16601713481
16601713483
16601713485
16601713487
16601713489
16601713491
16601713492
16601713493
16601713495
16601713497
16601713540
16601713541
16601713544
16601713545
16601713547
16601713548
16601713554
16601713564
16601713604
16601713614
16601713624
16601713641
16601713643
16601713644
16601713647
16601713654
16601713674
16601713704
16601713714
16601713724
16601713734
16601713740
16601713741
16601713742
16601713744
16601713747
16601713748
16601713749
16601713754
16601713764
16601713774
16601713784
16601713794
16601713804
16601713834
16601713842
16601713844
16601713864
16601713894
16601713904
16601713914
16601713934
16601713940
16601713943
16601713944
16601713946
16601713947
16601713948
16601713949
16601713964
16601713984
16601713994
16601714004
16601714010
16601714014
16601714018
16601714019
16601714021
16601714026
16601714027
16601714030
16601714032
16601714036
16601714037
16601714038
16601714041
16601714042
16601714043
16601714047
16601714048
16601714049
16601714051
16601714052
16601714053
16601714058
16601714061
16601714065
16601714069
16601714072
16601714073
16601714076
16601714078
16601714081
16601714083
16601714085
16601714087
16601714092
16601714097
16601714098
16601714105
16601714107
16601714113
16601714115
16601714117
16601714125
16601714137
16601714139
16601714140
16601714150
16601714151
16601714152
16601714163
16601714165
16601714167
16601714174
16601714176
16601714181
16601714185
16601714187
16601714190
16601714192
16601714194
16601714198
16601714201
16601714202
16601714204
16601714206
16601714208
16601714210
16601714216
16601714219
16601714221
16601714231
16601714232
16601714234
16601714235
16601714237
16601714238
16601714239
16601714240
16601714241
16601714243
16601714244
16601714247
16601714248
16601714249
16601714253
16601714257
16601714260
16601714262
16601714264
16601714270
16601714273
16601714274
16601714276
16601714279
16601714285
16601714286
16601714289
16601714290
16601714292
16601714295
16601714298
16601714301
16601714302
16601714305
16601714306
16601714309
16601714310
16601714312
16601714316
16601714323
16601714324
16601714329
16601714332
16601714335
16601714338
16601714339
16601714340
16601714341
16601714344
16601714345
16601714346
16601714347
16601714349
16601714350
16601714351
16601714352
16601714356
16601714358
16601714360
16601714363
16601714364
16601714369
16601714370
16601714373
16601714374
16601714375
16601714379
16601714382
16601714383
16601714384
16601714387
16601714391
16601714394
16601714396
16601714397
16601714401
16601714403
16601714408
16601714409
16601714412
16601714415
16601714418
16601714423
16601714430
16601714436
16601714438
16601714439
16601714451
16601714452
16601714457
16601714459
16601714469
16601714472
16601714473
16601714475
16601714481
16601714484
16601714486
16601714487
16601714494
16601714495
16601714496
16601714498
16601714503
16601714508
16601714510
16601714514
16601714516
16601714517
16601714519
16601714524
16601714527
16601714530
16601714532
16601714538
16601714540
16601714542
16601714544
16601714546
16601714547
16601714554
16601714557
16601714564
16601714570
16601714572
16601714574
16601714576
16601714579
16601714587
16601714604
16601714605
16601714606
16601714608
16601714614
16601714620
16601714623
16601714634
16601714638
16601714643
16601714644
16601714649
16601714653
16601714657
16601714670
16601714671
16601714672
16601714674
16601714675
16601714679
16601714680
16601714682
16601714683
16601714684
16601714689
16601714691
16601714692
16601714695
16601714698
16601714703
16601714704
16601714707
16601714710
16601714714
16601714718
16601714723
16601714725
16601714727
16601714731
16601714735
16601714737
16601714743
16601714744
16601714750
16601714752
16601714753
16601714758
16601714763
16601714767
16601714769
16601714771
16601714772
16601714773
16601714780
16601714783
16601714784
16601714790
16601714792
16601714796
16601714797
16601714802
16601714803
16601714805
16601714806
16601714814
16601714815
16601714816
16601714819
16601714821
16601714826
16601714829
16601714830
16601714831
16601714832
16601714834
16601714837
16601714843
16601714845
16601714846
16601714848
16601714849
16601714851
16601714860
16601714861
16601714862
16601714863
16601714867
16601714878
16601714882
16601714883
16601714890
16601714892
16601714895
16601714901
16601714905
16601714907
16601714910
16601714913
16601714915
16601714917
16601714921
16601714923
16601714924
16601714928
16601714930
16601714931
16601714932
16601714934
16601714936
16601714937
16601714939
16601714940
16601714941
16601714943
16601714945
16601714946
16601714947
16601714953
16601714959
16601714964
16601714967
16601714971
16601714972
16601714978
16601714981
16601714982
16601714984
16601714985
16601714993
16601715004
16601715024
16601715045
16601715046
16601715047
16601715054
16601715074
16601715084
16601715114
16601715140
16601715144
16601715146
16601715147
16601715184
16601715204
16601715240
16601715243
16601715244
16601715246
16601715249
16601715264
16601715294
16601715324
16601715334
16601715344
16601715348
16601715384
16601715401
16601715403
16601715404
16601715405
16601715412
16601715417
16601715420
16601715421
16601715424
16601715426
16601715427
16601715430
16601715434
16601715435
16601715438
16601715440
16601715442
16601715448
16601715449
16601715450
16601715451
16601715454
16601715458
16601715459
16601715460
16601715461
16601715463
16601715469
16601715470
16601715474
16601715475
16601715476
16601715479
16601715480
16601715483
16601715484
16601715485
16601715489
16601715495
16601715497
16601715498
16601715504
16601715540
16601715543
16601715547
16601715584
16601715624
16601715641
16601715643
16601715644
16601715648
16601715674
16601715694
16601715704
16601715714
16601715740
16601715741
16601715742
16601715743
16601715746
16601715748
16601715749
16601715754
16601715764
16601715774
16601715784
16601715794
16601715814
16601715847
16601715854
16601715864
16601715894
16601715904
16601715924
16601715934
16601715940
16601715941
16601715943
16601715944
16601715947
16601715954
16601715964
16601715994
16601716004
16601716024
16601716042
16601716045
16601716047
16601716054
16601716124
16601716134
16601716142
16601716144
16601716145
16601716146
16601716147
16601716154
16601716214
16601716224
16601716234
16601716243
16601716244
16601716248
16601716254
16601716264
16601716304
16601716314
16601716324
16601716334
16601716341
16601716342
16601716344
16601716345
16601716347
16601716348
16601716404
16601716408
16601716413
16601716414
16601716415
16601716419
16601716423
16601716424
16601716426
16601716427
16601716428
16601716429
16601716430
16601716432
16601716435
16601716442
16601716443
16601716445
16601716449
16601716453
16601716454
16601716457
16601716459
16601716460
16601716463
16601716470
16601716473
16601716474
16601716478
16601716480
16601716484
16601716487
16601716491
16601716494
16601716496
16601716498
16601716524
16601716534
16601716541
16601716547
16601716584
16601716614
16601716634
16601716641
16601716642
16601716714
16601716724
16601716734
16601716740
16601716742
16601716743
16601716744
16601716745
16601716747
16601716748
16601716764
16601716834
16601716840
16601716841
16601716843
16601716844
16601716849
16601716854
16601716864
16601716874
16601716894
16601716914
16601716924
16601716934
16601716941
16601716943
16601716944
16601716954
16601716974
16601716984
16601717014
16601717024
16601717034
16601717042
16601717049
16601717054
16601717064
16601717084
16601717094
16601717145
16601717146
16601717149
16601717164
16601717184
16601717240
16601717243
16601717244
16601717247
16601717254
16601717284
16601717294
16601717314
16601717324
16601717340
16601717348
16601717354
16601717374
16601717384
16601717401
16601717409
16601717410
16601717413
16601717420
16601717428
16601717430
16601717435
16601717436
16601717443
16601717452
16601717457
16601717459
16601717461
16601717463
16601717478
16601717483
16601717489
16601717491
16601717495
16601717534
16601717540
16601717541
16601717544
16601717549
16601717594
16601717624
16601717643
16601717647
16601717648
16601717674
16601717742
16601717745
16601717784
16601717804
16601717824
16601717843
16601717844
16601717845
16601717924
16601717940
16601717946
16601717947
16601717964
16601717974
16601717984
16601718014
16601718041
16601718045
16601718054
16601718114
16601718124
16601718143
16601718147
16601718149
16601718154
16601718164
16601718174
16601718224
16601718241
16601718242
16601718243
16601718244
16601718246
16601718254
16601718314
16601718324
16601718334
16601718340
16601718344
16601718348
16601718349
16601718354
16601718374
16601718384
16601718409
16601718410
16601718413
16601718414
16601718417
16601718419
16601718421
16601718430
16601718439
16601718442
16601718449
16601718451
16601718453
16601718454
16601718465
16601718468
16601718471
16601718472
16601718473
16601718480
16601718489
16601718490
16601718495
16601718496
16601718504
16601718524
16601718534
16601718541
16601718544
16601718548
16601718584
16601718604
16601718634
16601718641
16601718642
16601718647
16601718648
16601718649
16601718664
16601718694
16601718714
16601718724
16601718734
16601718740
16601718749
16601718754
16601718774
16601718824
16601718894
16601718904
16601718924
16601718934
16601718943
16601718945
16601718947
16601718949
16601718954
16601718964
16601718974
16601719014
16601719034
16601719043
16601719044
16601719045
16601719046
16601719047
16601719054
16601719064
16601719074
16601719094
16601719104
16601719114
16601719140
16601719146
16601719148
16601719164
16601719174
16601719240
16601719242
16601719244
16601719246
16601719247
16601719249
16601719254
16601719294
16601719304
16601719314
16601719334
16601719341
16601719344
16601719347
16601719348
16601719354
16601719364
16601719374
16601719402
16601719419
16601719421
16601719423
16601719425
16601719427
16601719431
16601719432
16601719435
16601719436
16601719438
16601719439
16601719443
16601719448
16601719450
16601719454
16601719457
16601719460
16601719464
16601719465
16601719468
16601719470
16601719472
16601719473
16601719475
16601719478
16601719479
16601719481
16601719482
16601719534
16601719541
16601719545
16601719546
16601719547
16601719554
16601719584
16601719594
16601719614
16601719645
16601719646
16601719654
16601719694
16601719746
16601719749
16601719754
16601719764
16601719774
16601719794
16601719814
16601719824
16601719840
16601719841
16601719845
16601719847
16601719849
16601719864
16601719904
16601719934
16601719942
16601719945
16601719947
16601719984
16601740063
16601740071
16601740146
16601740163
16601740197
16601740241
16601740243
16601740249
16601740254
16601740267
16601740271
16601740342
16601740354
16601740357
16601740384
16601740402
16601740437
16601740441
16601740454
16601740459
16601740472
16601740481
16601740491
16601740495
16601740547
16601740575
16601740582
16601740591
16601740635
16601740645
16601740702
16601740737
16601740742
16601740743
16601740765
16601740792
16601740794
16601740842
16601740871
16601740895
16601740957
16601740963
16601740981
16601740983
16601741054
16601741072
16601741162
16601741164
16601741171
16601741179
16601741201
16601741242
16601741243
16601741244
16601741262
16601741267
16601741270
16601741290
16601741291
16601741305
16601741329
16601741334
16601741342
16601741346
16601741375
16601741379
16601741391
16601741401
16601741405
16601741420
16601741427
16601741431
16601741463
16601741465
16601741472
16601741479
16601741493
16601741548
16601741554
16601741570
16601741571
16601741574
16601741575
16601741585
16601741592
16601741598
16601741613
16601741619
16601741641
16601741653
16601741657
16601741675
16601741730
16601741731
16601741735
16601741751
16601741794
16601741824
16601741835
16601741843
16601741846
16601741847
16601741864
16601741879
16601741903
16601741914
16601741924
16601741930
16601741932
16601741937
16601741944
16601741953
16601741962
16601741974
16601742029
16601742047
16601742076
16601742103
16601742142
16601742146
16601742153
16601742156
16601742161
16601742171
16601742173
16601742175
16601742187
16601742192
16601742194
16601742246
16601742248
16601742249
16601742256
16601742263
16601742264
16601742271
16601742274
16601742285
16601742304
16601742337
16601742351
16601742353
16601742390
16601742397
16601742401
16601742402
16601742405
16601742409
16601742416
16601742420
16601742452
16601742457
16601742465
16601742474
16601742476
16601742480
16601742493
16601742498
16601742501
16601742509
16601742510
16601742519
16601742537
16601742547
16601742561
16601742562
16601742571
16601742584
16601742593
16601742597
16601742609
16601742614
16601742642
16601742650
16601742654
16601742674
16601742683
16601742691
16601742723
16601742736
16601742743
16601742746
16601742751
16601742753
16601742758
16601742787
16601742797
16601742843
16601742844
16601742847
16601742854
16601742874
16601742894
16601742895
16601742944
16601742945
16601742946
16601742974
16601742976
16601742981
16601743023
16601743034
16601743036
16601743079
16601743096
16601743121
16601743141
16601743147
16601743154
16601743157
16601743163
16601743167
16601743178
16601743214
16601743217
16601743245
16601743246
16601743247
16601743248
16601743256
16601743264
16601743269
16601743274
16601743275
16601743294
16601743297
16601743301
16601743407
16601743426
16601743439
16601743440
16601743447
16601743451
16601743462
16601743471
16601743490
16601743494
16601743496
16601743508
16601743544
16601743572
16601743591
16601743593
16601743597
16601743604
16601743623
16601743634
16601743647
16601743685
16601743694
16601743734
16601743740
16601743745
16601743754
16601743775
16601743784
16601743787
16601743792
16601743793
16601743802
16601743804
16601743814
16601743815
16601743821
16601743842
16601743874
16601743941
16601743942
16601743947
16601743953
16601743965
16601744010
16601744023
16601744038
16601744054
16601744063
16601744065
16601744071
16601744078
16601744082
16601744083
16601744086
16601744087
16601744094
16601744102
16601744116
16601744143
16601744149
16601744156
16601744175
16601744196
16601744204
16601744206
16601744214
16601744270
16601744273
16601744274
16601744276
16601744284
16601744289
16601744297
16601744305
16601744307
16601744340
16601744342
16601744346
16601744347
16601744353
16601744365
16601744373
16601744374
16601744387
16601744389
16601744427
16601744502
16601744509
16601744532
16601744542
16601744546
16601744584
16601744589
16601744597
16601744605
16601744632
16601744650
16601744651
16601744659
16601744682
16601744690
16601744691
16601744719
16601744730
16601744741
16601744790
16601744796
16601744797
16601744809
16601744810
16601744821
16601744827
16601744835
16601744865
16601744871
16601744874
16601744903
16601744913
16601744915
16601744924
16601744956
16601744967
16601744971
16601744976
16601744984
16601744991
16601745024
16601745041
16601745045
16601745049
16601745061
16601745102
16601745103
16601745117
16601745129
16601745152
16601745169
16601745171
16601745190
16601745191
16621378443
17501603814
17501603834
17501603841
17501603844
17501603943
17501604029
17501604049
17501604092
17501604130
17501604153
17501604164
17501604174
17501604247
17501604262
17501604263
17501604346
17501604457
17501604471
17501604483
17501604547
17501604572
17501604721
17501604732
17501604753
17501604759
17501604874
17501604914
17501604941
17501605064
17501605247
17501605294
17501605425
17501605491
17501605604
17501605747
17501605764
17501605784
17501605904
17501606443
17501606540
17501606641
17501606844
17501607014
17501607304
17501607314
17501607354
17501607419
17501607428
17501607449
17501607454
17501607487
17501607547
17501607694
17501607742
17501607748
17501607794
17501607834
17501607846
17501608149
17501608167
17501608467
17501608624
17501608674
17501608694
17501608743
17501609243
17501609304
17501609394
17501609412
17501609541
17501609649
17501610148
17501610394
17501610435
17501610464
17501610473
17501610496
17501610774
17501610944
17501610974
17501611047
17501611374
17501611394
17501611492
17501611546
17501611574
17501611724
17501611748
17501612041
17501612142
17501612241
17501612274
17501612374
17501612401
17501612442
17501612459
17501612473
17501612548
17501612604
17501612641
17501612804
17501612824
17501612904
17501612942
17501612947
17501613240
17501613294
17501613406
17501613415
17501613421
17501613465
17501613647
17501613654
17501613754
17501613814
17501613842
17501613947
17501613974
17501614038
17501614124
17501614152
17501614167
17501614252
17501614267
17501614272
17501614274
17501614293
17501614305
17501614339
17501614340
17501614350
17501614372
17501614407
17501614434
17501614453
17501614475
17501614503
17501614562
17501614704
17501614708
17501614714
17501614794
17501614795
17501614947
17501614961
17501614974
17501615049
17501615074
17501615084
17501615124
17501615247
17501615374
17501615409
17501615412
17501615428
17501615440
17501615475
17501615742
17501615744
17501615842
17501615942
17501616247
17501616274
17501616431
17501616740
17501617140
17501617314
17501617454
17501617457
17501617461
17501617470
17501617644
17501617941
17501617946
17501618014
17501618034
17501618042
17501618044
17501618047
17501618241
17501618443
17501618467
17501618472
17501618754
17501618904
17501619104
17501619146
17501619240
17501619324
17501619348
17501619405
17501619410
17501619443
17501619484
17501619643
17501619745
17501619764
17501620494
17501620546
17501620849
17501620944
17501621146
17501621249
17501621304
17501621341
17501621459
17501621470
17501621476
17501621483
17501621497
17501621544
17501621645
17501621742
17501621744
17501621764
17501621824
17501621934
17501621941
17501622041
17501622043
17501622148
17501622402
17501622417
17501622454
17501622471
17501622540
17501622747
17501622854
17501622914
17501623124
17501623146
17501623214
17501623294
17501623342
17501623407
17501623410
17501623413
17501623474
17501623542
17501623546
17501623572
17501623627
17501623645
17501623794
17501623892
17501623964
17501624023
17501624097
17501624115
17501624132
17501624165
17501624191
17501624196
17501624254
17501624265
17501624281
17501624290
17501624350
17501624352
17501624361
17501624375
17501624384
17501624385
17501624403
17501624425
17501624516
17501624552
17501624675
17501624683
17501624687
17501624742
17501624784
17501624814
17501624850
17501624859
17501624971
17501624985
17501625074
17501625247
17501625248
17501625346
17501625384
17501625434
17501625461
17501625476
17501625694
17501625732
17501625742
17501625774
17501625874
17501625914
17501626243
17501626394
17501626441
17501626442
17501626445
17501626485
17501626549
17501626849
17501626945
17501627145
17501627194
17501627402
17501627441
17501627471
17501627484
17501627642
17501627684
17501627741
17501627824
17501627849
17501627946
17501628039
17501628304
17501628364
17501628401
17501628406
17501628417
17501628453
17501628774
17501628984
17501629041
17501629048
17501629084
17501629124
17501629344
17501629404
17501629447
17501629453
17501629544
17501629645
17501629739
17501629741
17501629774
17501629824
17501640148
17501640275
17501640342
17501640348
17501640494
17501640644
17501640675
17501640864
17501642745
17501642823
17501642836
17501642964
17501643167
17501643241
17501643401
17501643439
17501643446
17501643491
17501643509
17501643723
17501643844
17501643872
17501644043
17501644171
17501644187
17501644254
17501644387
17501644504
17501644704
17501644805
17501644907
17501645044
17501645137
17501645172
17501645238
17501645484
17501645495
17501645594
17501645602
17501646274
17501646437
17501646523
17501646794
17501646814
17501646905
17501660461
17501661483
17501663247
17501664764
17501667413
17501669101
17502133184
17502134979
17502142639
17502150043
17502150148
17502150748
17502170149
17502170241
17502170494
17502170844
17502171614
17502171814
17502171874
17502171904
17502172143
17502172341
17502172406
17502172447
17502172467
17502172474
17502172492
17502172684
17502172940
17502173274
17502173349
17502173405
17502173542
17502173940
17502173941
17502174065
17502174135
17502174140
17502174194
17502174294
17502174387
17502174415
17502174524
17502174536
17502174652
17502174763
17502174795
17502174819
17502174853
17502175241
17502175342
17502175494
17502175643
17502176247
17502176442
17502176462
17502176514
17502176584
17502176814
17502176824
17502176914
17502177401
17502177574
17502177934
17502178364
17502178419
17502178452
17502178624
17502178654
17502178741
17502178946
17502178964
17502179143
17502179184
17502179254
17502179423
17502179424
17502179454
17502193409
17502194227
17502194846
17502194892
17502194934
17502195374
17502195462
17502195484
17502196144
17502196414
17502196745
17502196841
17502197349
17502197437
17502197439
17502197446
17502197450
17502197491
17502197495
17502197640
17502197644
17502197645
17502197940
17502198147
17502198154
17502198349
17502198427
17502198434
17502198497
17502198547
17502198646
17502198742
17502199240
17502199241
17502199454
17502199465
17502199471
17502199674
17511686208
17511689670
17511690037
17511690252
17511690260
17511690386
17511690396
17511690398
17511690661
17511690676
17511690774
17511690924
17511690971
17511691026
17511691067
17511691082
17511691479
17511691550
17511691574
17511691584
17511691595
17511691680
17511691792
17511691857
17511692043
17511692131
17511692273
17511692421
17511692509
17511692547
17511692631
17511692696
17511692778
17511692841
17511692844
17511692962
17511692971
17511693136
17511693253
17511693505
17511693525
17511693550
17511693578
17511693604
17511693629
17511693650
17511693684
17511693756
17511693758
17511693916
17511693958
17511694006
17511694084
17511694154
17511694250
17511694269
17511694318
17511694357
17511694376
17511694421
17511694491
17511694539
17511694750
17511694809
17511694857
17511694937
17511695081
17511695158
17511695378
17511695491
17511695546
17511695653
17511695661
17511695704
17511695744
17511695756
17511695850
17511695852
17511695870
17511696042
17511696242
17511696244
17511696354
17511696408
17511696483
17511696527
17511696535
17511696542
17511696802
17511696803
17511697116
17511697160
17511697241
17511697295
17511697303
17511697343
17511697375
17511697386
17511697443
17511697546
17511697774
17511698070
17511698097
17511698165
17511698195
17511698450
17511698454
17511698707
17511698834
17511698960
17511699112
17511699256
17511699350
17511699373
17511699834
17511699981
17521090465
17521091674
17521272384
17521341472
17521344749
17521346427
17521384641
17521524146
17521544741
17521546014
17521564314
17521564376
17521564459
17521564482
17521564519
17521564620
17521564734
17521600764
17521601406
17521602141
17521602194
17521602445
17521602461
17521602542
17521602549
17521603244
17521603294
17521604134
17521604182
17521604274
17521604291
17521604744
17521604904
17521605134
17521605642
17521606417
17521606744
17521607264
17521607454
17521607471
17521607674
17521608574
17521609404
17521636424
17521636457
17521637147
17521637454
17521637541
17521638214
17521638254
17521638314
17521638347
17521638410
17521638447
17521638454
17521638459
17521638476
17521638734
17521639324
17521639417
17521639540
17521639574
17521639734
17521640184
17521640463
17521640492
17521640494
17521640572
17521640854
17521641149
17521641249
17521641262
17521641460
17521641594
17521641701
17521641747
17521641842
17521641947
17521642097
17521642214
17521642240
17521642371
17521642634
17521643044
17521643194
17521643271
17521643314
17521643374
17521643420
17521643425
17521643461
17521643764
17521644170
17521644370
17521644572
17521644601
17521644652
17521644701
17521644792
17521644861
17521644875
17521644941
17521644967
17521645439
17521645442
17521645476
17521645491
17521645604
17521646237
17521646654
17521647025
17521647327
17521647364
17521648162
17521648247
17521648436
17521648439
17521648454
17521648540
17521649074
17521649470
17521649574
17521649752
17521649754
17521673462
17521697401
17521719376
17521734153
17521736342
17521737453
17521759142
17521760449
17521760454
17521760747
17521762423
17521762954
17521763149
17521763634
17521764226
17521764390
17521767084
17521768354
17521769241
17521770147
17521770451
17521770494
17521774349
17521781394
17521781452
17521781746
17521782543
17521784464
17521784471
17521785124
17521785409
17621360942
17621374094
17621374534
17621604379
17621605235
17621607374
17621659084
17621659457
17621661145
17621674649
17621675034
17621694317
17621697647
17621743541
17621745373
17621947024
17621974571
18501622442
18501638275
18501708391
18501724544
18501724545
18501755137
18501755287
18501755344
18501755419
18516053015
18516094747
18516222514
18516222547
18516266964
18516277471
18516401609
18516500243
18516500454
18516500539
18516500714
18516500741
18516500742
18516500824
18516501242
18516501932
18516502074
18516502132
18516502149
18516502524
18516502934
18516502958
18516503414
18516503867
18516504035
18516504105
18516504164
18516504173
18516504175
18516504227
18516504282
18516504614
18516504630
18516504710
18516504730
18516504738
18516505334
18516505431
18516505440
18516505647
18516506141
18516506391
18516506412
18516506446
18516506642
18516506691
18516506749
18516506942
18516507304
18516507490
18516507514
18516507830
18516508045
18516508235
18516508449
18516508529
18516508737
18516508743
18516510754
18516511420
18516511476
18516511814
18516511903
18516511904
18516511914
18516512079
18516512094
18516512141
18516512401
18516512457
18516512653
18516512664
18516512904
18516513013
18516513065
18516513397
18516513427
18516514085
18516514167
18516514515
18516514575
18516514608
18516514632
18516514763
18516514875
18516515317
18516517458
18516517572
18516517582
18516517695
18516518334
18516518346
18516518962
18516518967
18516520171
18516520327
18516520374
18516520431
18516520482
18516520487
18516520740
18516520746
18516521061
18516521341
18516521458
18516521460
18516521782
18516521956
18516522041
18516522149
18516522371
18516522457
18516522492
18516524059
18516524124
18516524314
18516524336
18516524601
18516524770
18516524786
18516524863
18516524948
18516525249
18516526126
18516526254
18516526313
18516526347
18516526487
18516526540
18516526557
18516526821
18516527039
18516527134
18516527147
18516527224
18516527253
18516527297
18516527317
18516527340
18516527570
18516527603
18516527639
18516527823
18516527836
18516527951
18516527953
18516528141
18516528147
18516528164
18516528264
18516528425
18516528572
18516528842
18516529043
18516529204
18516529264
18516529403
18516529407
18516529437
18516529439
18516529442
18516529467
18516529472
18516529490
18516529564
18516529651
18516529654
18516529841
18516529842
18516531732
18516531739
18516531946
18516532487
18516532613
18516532695
18516532796
18516533046
18516533287
18516533541
18516533767
18516533934
18516534069
18516534151
18516534264
18516534296
18516534472
18516534576
18516534861
18516534903
18516535027
18516535479
18516535735
18516536479
18516537136
18516537286
18516537387
18516537545
18516537614
18516537967
18516538428
18516538674
18516538694
18516539075
18516539094
18516539443
18516539513
18516539514
18516539641
18516540179
18516541445
18516541844
18516544460
18516547331
18516548114
18516548176
18516548727
18516548905
18516549028
18516549249
18516549474
18516551537
18516551763
18516551874
18516551940
18516552419
18516552428
18516552534
18516552609
18516552648
18516552764
18516552841
18516552861
18516552916
18516552934
18516553402
18516553454
18516555387
18516555470
18516555492
18516555749
18516556120
18516556142
18516556356
18516556432
18516557284
18516557384
18516557405
18516557494
18516557592
18516557641
18516557940
18516558409
18516558447
18516558478
18516558504
18516558632
18516558648
18516559241
18516559430
18516559743
18516560894
18516561394
18516561430
18516561489
18516561747
18516561791
18516562184
18516562247
18516562408
18516562490
18516562726
18516562942
18516563072
18516563154
18516563159
18516563437
18516563497
18516563504
18516563829
18516563884
18516564379
18516565072
18516565740
18516565754
18516565835
18516565842
18516565940
18516566327
18516566372
18516566382
18516566402
18516566442
18516567004
18516567046
18516567062
18516567092
18516567217
18516567250
18516567548
18516567817
18516568406
18516568407
18516568470
18516568472
18516568946
18516569460
18516570145
18516570270
18516570356
18516570840
18516572190
18516572381
18516572630
18516572692
18516572916
18516573125
18516573212
18516573287
18516573526
18516573802
18516574023
18516574136
18516574160
18516574282
18516574295
18516574308
18516574316
18516574352
18516574357
18516574559
18516574561
18516574772
18516574779
18516575332
18516575447
18516575497
18516575684
18516575861
18516576748
18516576943
18516576974
18516577145
18516577364
18516577475
18516577540
18516578049
18516578263
18516578391
18516578457
18516578742
18516578743
18516579045
18516579216
18516579362
18516579546
18516579554
18516579773
18516579941
18516580965
18516581091
18516581194
18516581195
18516581221
18516581737
18516581742
18516581792
18516582041
18516582453
18516582472
18516582741
18516583021
18516583217
18516583534
18516583672
18516583682
18516585342
18516585430
18516585431
18516587240
18516587324
18516587371
18516587468
18516587475
18516587692
18516587809
18516588312
18516588597
18516589349
18516589404
18516590746
18516591360
18516591396
18516591514
18516591547
18516591648
18516591664
18516591671
18516591952
18516592139
18516592517
18516592541
18516592574
18516592646
18516592747
18516593029
18516593150
18516593157
18516593296
18516593443
18516593496
18516593561
18516594019
18516594108
18516594261
18516594351
18516594391
18516594713
18516594717
18516594756
18516594762
18516594791
18516594793
18516594840
18516594871
18516594906
18516594976
18516595046
18516595175
18516595240
18516595342
18516595447
18516595647
18516595746
18516596048
18516596374
18516596431
18516596604
18516596831
18516597092
18516597181
18516597225
18516597324
18516597438
18516598245
18516598590
18516598771
18516599034
18516599140
18516599142
18516599406
18516599442
18516599448
18516599451
18516599504
18516599534
18516599642
18516599714
18516600359
18516600795
18516602044
18516602424
18516602685
18516603144
18516603543
18516603596
18516603932
18516604913
18516607087
18516607351
18516607357
18516607427
18516607764
18516608247
18516608713
18516608903
18516609242
18516609248
18516609378
18516609459
18516609672
18516630127
18516630231
18516630241
18516630483
18516630643
18516630684
18516632027
18516632481
18516635493
18516635502
18516635629
18516635849
18516636352
18516636570
18516636571
18516637028
18516637043
18516637290
18516637352
18516638476
18516638752
18516639075
18516639845
18516690340
18516691492
18516691547
18516692642
18516697583
18516698037
18516699254
18516761731
18516762462
18516762463
18516762472
18516763312
18516763359
18516763709
18516763732
18516764191
18516764282
18516764383
18516764821
18516764936
18516765451
18516765873
18516768253
18516768705
18516769712
18516769719
18516769734
18516769752
18516769864
18516769904
18516771405
18516771428
18516771725
18516772903
18516773023
18516773057
18516773193
18516773817
18516773873
18516773956
18516774791
18516774801
18516774813
18516774814
18516774827
18516774834
18516774841
18516774863
18516775170
18516775192
18516775371
18516775379
18516775603
18516775892
18516776045
18516776164
18516776204
18516776384
18516776394
18516776413
18516776415
18516776994
18516779224
18521031385
18521031544
18521032037
18521032723
18521033862
18521035013
18521035183
18521035739
18521035907
18521035973
18521036273
18521036283
18521036370
18521036750
18521763197
