13121355101
13121368037
13121369761
13121377092
13121525702
13121539796
13121560178
13121903659
16601202461
16601204307
16601204527
16601204571
16601204705
16601204904
16601205465
16601205485
16601205495
16601207247
16601207437
16601209424
16601210540
16601213074
16601213542
16601214610
16601216940
16601217641
16601218465
16601219542
16601270841
16601271354
16601271424
16601272434
16601273147
16601273294
16601274263
16601274630
16601274701
16601274739
16601274819
16601275140
16601275420
16601275594
16601279402
16601279423
16601279754
16601340467
16601341647
16601342742
16601343724
16601343748
16601344284
16601344287
16601344873
16601347246
16601347457
16601348453
16619727407
16619732754
16619734076
16619735149
16619746743
16619748945
16619760284
16619784701
16619813249
16619879534
16619889724
17600051192
17600051253
17600131738
17600136036
17600139129
17600143092
17600151832
17600195784
17600196843
17600202186
17600211723
17600243670
17600258937
17600283258
17600283697
17600289965
17600291870
17600299215
17600320638
17600322510
17600327737
17600365729
17600410159
17600415027
17600417953
17600418301
17600421738
17600422871
17600423769
17600425262
17600429650
17600433673
17600438175
17600441537
17600449062
17600453352
17600459236
17600497328
17600512572
17600513568
17600516002
17600519781
17600546359
17600547210
17600548276
17600552913
17600610126
17600623583
17600641793
17600679735
17600687560
17600691551
17600734831
17600739054
17600739445
17600771825
17600778620
17601048390
17601057251
17601062309
17601062909
17601065187
17601071963
17601073779
17601075712
17601076172
17601079537
17601086052
17601087381
17601091751
17601092573
17601600393
17601605890
17601606716
17601639208
17610041383
17610042163
17610058563
17610065373
17610065502
17610066973
17610067580
17610087267
17610093529
17610123739
17610138129
17610138225
17610141792
17610252873
17610275077
17610275338
17610301755
17610320179
17610360375
17610363912
17610367232
17610382962
17610387156
17610395078
17610396132
17610406025
17610430652
17610431252
17610431732
17610432137
17610432192
17610432592
17610462351
17610462597
17610463151
17610468073
17610475561
17610475582
17610476510
17610476701
17610476875
17610477037
17610477061
17610477393
17610478378
17610478659
17610479276
17610490291
17610490638
17610492853
17610493081
17610493160
17610493682
17610495083
17610496738
17610497167
17610513306
17610537802
17610538260
17610577582
17610579232
17610602651
17610606776
17610628673
17610631691
17610637698
17610673019
17610740351
17610740861
17610755322
17610771533
17610772717
17610780832
17610783196
17610805563
17610813680
17610815737
17610816078
17610850372
17610923382
17610923682
17610925127
17610927923
17610928552
17610955397
17610956037
17610959073
17610971592
17610997938
17611013179
17611018736
17611019673
17611027172
17611027276
17611037525
17611038572
17611050687
17611052091
17611056325
17611073176
17611077620
17611077875
17611130197
17611130658
17611132038
17611132865
17611139580
17611147037
17611148536
17611168259
17611175713
17611176958
17611177932
17611195097
17611208357
17611218269
17611225223
17611229005
17611229135
17611229379
17611232537
17611236970
17611238836
17611242169
17611242652
17611243807
17611245773
17611246771
17611249752
17611250276
17611250587
17611263917
17611270935
17611293360
17611312885
17611313967
17611348973
17611358183
17611362506
17611375967
17611376080
17611391986
17611392383
17611402350
17611406801
17611406807
17611407061
17611409320
17611457013
17611461578
17611461673
17611487032
17611487529
17611487563
17611487802
17611489253
17611490293
17611491509
17611491938
17611492305
17611493603
17611493832
17611496329
17611496835
17611497106
17611497192
17611497587
17611497853
17611497931
17611515897
17611516965
17611521250
17611526725
17611537090
17611543879
17611543952
17611545362
17611546530
17611561733
17611563971
17611565016
17611565637
17611565987
17611591051
17611596159
17611599381
17611605329
17611608773
17611609361
17611609557
17611633953
17611636723
17611640552
17611641507
17611642657
17611648679
17611662153
17611668921
17611673280
17611677505
17611685075
17611708625
17611740397
17611742317
17611742351
17611742850
17611745397
17611745930
17611746021
17611792672
17611792912
17611793805
17611796052
18500604274
18501376394
18501390241
18501957584
18510204192
18510296443
18510334103
18510711490
18510956474
18510981463
18511536757
18511752782
18511835433
18511837424
18511838461
18513644982
18513926094
18514476176
18514476237
18514487289
18515305482
18516890344
18516893724
18516894049
18516894962
18516895840
18516896524
18516897904
18516901424
18516903472
18516904497
18516904753
18519501443
18519501453
18519502854
18519507445
18519723494
18519724529
18519724710
18519724843
18548900363
18548902231
18548903396
