13121317395
13121323905
13121329013
13121329758
13121352529
13121355767
13121357125
13121358162
13121359261
13121360371
13121361391
13121362823
13121376072
13121376913
13121377130
13121378637
13121378792
13121379076
13121379810
13121380937
13121382991
13121386770
13121388207
13121389165
13121393765
13121395303
13121396085
13121397057
13121506189
13121508357
13121509897
13121513852
13121519657
13121529396
13121532358
13121535672
13121551736
13121553867
13121557539
13121561702
13121796621
13121803526
13121863870
13121875305
13121880259
13121891625
13121896825
13121903621
13121905013
13121916271
13121921078
13121971275
13124720180
13124732780
13124757130
13124761302
16601045784
16601102494
16601104943
16601155462
16601155734
16601201443
16601201463
16601201564
16601201604
16601202447
16601202490
16601202494
16601203094
16601203479
16601203494
16601203574
16601203584
16601203734
16601203804
16601203874
16601203984
16601204279
16601204304
16601204403
16601204467
16601204476
16601204517
16601204571
16601204612
16601204614
16601204638
16601204687
16601204718
16601204740
16601204743
16601204790
16601204792
16601204803
16601204867
16601204894
16601204956
16601204985
16601205194
16601205243
16601205244
16601205406
16601205496
16601206445
16601206484
16601206814
16601206942
16601206947
16601207048
16601207254
16601207384
16601207402
16601207409
16601207435
16601207482
16601207594
16601207794
16601208364
16601208415
16601208545
16601208564
16601208734
16601208743
16601209240
16601209447
16601209452
16601209463
16601209475
16601209504
16601209746
16601210684
16601210734
16601210746
16601211524
16601212904
16601213426
16601213854
16601213874
16601214079
16601214109
16601214147
16601214237
16601214307
16601214475
16601214542
16601214631
16601214639
16601214685
16601214697
16601214752
16601214935
16601215274
16601215342
16601215349
16601215480
16601215489
16601215647
16601215734
16601215749
16601215834
16601216034
16601216074
16601216243
16601216489
16601216554
16601216744
16601216844
16601216934
16601217184
16601217340
16601217405
16601217482
16601217824
16601217940
16601218403
16601218408
16601218742
16601219447
16601219475
16601219482
16601219483
16601219534
16601219704
16601219743
16601219847
16601270542
16601270544
16601270774
16601271249
16601271284
16601271436
16601271476
16601271496
16601271904
16601272074
16601272243
16601272394
16601272437
16601272454
16601272544
16601272644
16601272740
16601272841
16601272874
16601272934
16601272945
16601273043
16601273142
16601273414
16601273425
16601273442
16601273443
16601273473
16601273484
16601273487
16601273544
16601273748
16601273841
16601273842
16601273847
16601273924
16601273947
16601274024
16601274037
16601274075
16601274126
16601274147
16601274180
16601274206
16601274215
16601274393
16601274395
16601274439
16601274457
16601274492
16601274506
16601274507
16601274514
16601274584
16601274612
16601274617
16601274679
16601274682
16601274695
16601274702
16601274847
16601274905
16601274907
16601274943
16601274963
16601274985
16601275104
16601275140
16601275147
16601275242
16601275405
16601275430
16601275642
16601275784
16601275834
16601275924
16601276042
16601276249
16601276401
16601276414
16601276490
16601276497
16601277254
16601277347
16601277497
16601277604
16601277914
16601277954
16601278284
16601278346
16601278424
16601278437
16601278446
16601278469
16601278475
16601278574
16601278694
16601279104
16601279174
16601279274
16601279342
16601279402
16601279423
16601279430
16601279490
16601279497
16601279547
16601279647
16601340452
16601340453
16601340465
16601340471
16601340473
16601340475
16601340486
16601340554
16601340642
16601341049
16601341473
16601341487
16601341574
16601341794
16601341804
16601341843
16601342034
16601342174
16601342403
16601342408
16601342430
16601342442
16601342449
16601342452
16601342454
16601342459
16601342494
16601342564
16601342747
16601342754
16601342804
16601343048
16601343084
16601343245
16601343264
16601343294
16601343649
16601343842
16601343843
16601343964
16601344059
16601344159
16601344187
16601344292
16601344309
16601344381
16601344540
16601344674
16601344761
16601344764
16601344784
16601344840
16601344854
16601344873
16601344874
16601344928
16601344965
16601344972
16601345244
16601345439
16601345534
16601345649
16601345740
16601345847
16601345904
16601346043
16601346049
16601346141
16601346274
16601346348
16601346409
16601346428
16601346743
16601346840
16601346844
16601346946
16601346947
16601347104
16601347254
16601347342
16601347404
16601347412
16601347439
16601347442
16601347459
16601347483
16601347544
16601347614
16601347641
16601347643
16601347840
16601347942
16601347944
16601348042
16601348241
16601348304
16601348374
16601348401
16601348415
16601348436
16601348442
16601348453
16601348457
16619703604
16619703843
16619704347
16619704384
16619704791
16619707864
16619707943
16619713274
16619714327
16619714367
16619714384
16619714734
16619715074
16619716342
16619717054
16619718439
16619723904
16619724137
16619724729
16619724754
16619724795
16619725148
16619725374
16619725471
16619729451
16619730943
16619732452
16619732941
16619733074
16619733840
16619733847
16619734074
16619734290
16619734467
16619734786
16619735374
16619736404
16619737094
16619737154
16619738441
16619738947
16619740249
16619740764
16619741241
16619741409
16619741493
16619742485
16619742647
16619743054
16619743064
16619743408
16619743942
16619745470
16619746340
16619748245
16619749462
16619750741
16619751467
16619752942
16619753649
16619754761
16619756489
16619758154
16619758404
16619763640
16619763748
16619764379
16619764491
16619768714
16619778479
16619782754
16619784706
16619785483
16619786241
16619787491
16619796041
16619802541
16619806344
16619806524
16619810462
16619811574
16619811847
16619812274
16619812647
16619814074
16619814394
16619814730
16619814972
16619816274
16619817684
16619817947
16619822484
16619823904
16619824492
16619824571
16619832481
16619832491
16619832774
16619834791
16619834945
16619835704
16619836492
16619838742
16619840344
16619842439
16619842934
16619842964
16619843504
16619844758
16619844942
16619845164
16619845774
16619845943
16619846354
16619846475
16619847461
16619850384
16619854784
16619854871
16619856459
16619859475
16619864974
16619879534
16619886424
16619886941
16619959164
17600011390
17600042798
17600049052
17600051657
17600051785
17600052232
17600053807
17600057295
17600063621
17600063972
17600067193
17600067389
17600067563
17600070571
17600075392
17600092859
17600093282
17600093770
17600102859
17600103062
17600106582
17600107935
17600108671
17600109750
17600110267
17600113863
17600115817
17600117590
17600117615
17600118715
17600131153
17600131671
17600131902
17600132315
17600133092
17600136138
17600136212
17600136293
17600136319
17600137708
17600138510
17600138591
17600139129
17600142751
17600143805
17600145107
17600147331
17600147857
17600147952
17600149515
17600151085
17600151185
17600151383
17600151638
17600151793
17600152291
17600152621
17600153379
17600153782
17600156375
17600156532
17600158795
17600158972
17600159335
17600178574
17600195164
17600195641
17600195784
17600196384
17600198902
17600201132
17600201361
17600202238
17600203982
17600207201
17600207392
17600208336
17600208721
17600211329
17600212639
17600215575
17600215935
17600216573
17600218226
17600219629
17600243501
17600246392
17600247582
17600248745
17600249372
17600249531
17600258937
17600263958
17600279362
17600286257
17600287365
17600293163
17600296957
17600297485
17600298276
17600321691
17600322027
17600323957
17600325571
17600325619
17600325637
17600326796
17600327095
17600327901
17600328729
17600341539
17600342579
17600342692
17600342752
17600342962
17600346273
17600347391
17600348753
17600348793
17600358275
17600359019
17600362573
17600366275
17600368702
17600375382
17600376563
17600381490
17600392576
17600402892
17600407195
17600407356
17600407532
17600410159
17600411832
17600411879
17600412697
17600413905
17600415027
17600415167
17600415725
17600416932
17600416982
17600418731
17600419673
17600419732
17600419739
17600420359
17600420663
17600420769
17600421263
17600421968
17600422068
17600422721
17600422750
17600422759
17600422871
17600423159
17600423179
17600423376
17600423762
17600423873
17600423902
17600425380
17600426375
17600426796
17600427018
17600427031
17600427390
17600427689
17600427862
17600428127
17600428307
17600428590
17600429751
17600432291
17600432381
17600433673
17600433785
17600435061
17600436025
17600436170
17600436253
17600437931
17600439137
17600439572
17600441725
17600443851
17600445758
17600446136
17600446157
17600449731
17600452202
17600452373
17600452907
17600453315
17600453708
17600453913
17600455023
17600459165
17600459756
17600471691
17600473903
17600482690
17600486571
17600487395
17600490139
17600490193
17600491756
17600492075
17600492563
17600492938
17600492972
17600493035
17600493071
17600493178
17600493182
17600493652
17600493807
17600493915
17600493917
17600495372
17600495862
17600495937
17600496167
17600496507
17600496553
17600496701
17600496792
17600496852
17600496859
17600496901
17600496935
17600497163
17600497283
17600497371
17600497526
17600497610
17600511338
17600512133
17600512282
17600512572
17600512671
17600515273
17600517528
17600518087
17600521357
17600523278
17600525689
17600525793
17600527036
17600527231
17600527237
17600528976
17600529713
17600540792
17600541592
17600542709
17600542715
17600543057
17600543953
17600543976
17600546531
17600546583
17600546590
17600546701
17600546791
17600546852
17600547210
17600547389
17600547682
17600547931
17600547956
17600548513
17600548570
17600549167
17600549276
17600549281
17600552712
17600552932
17600553719
17600571132
17600572195
17600572269
17600573115
17600573150
17600573972
17600575196
17600576137
17600576172
17600577263
17600578776
17600579173
17600585107
17600591039
17600596206
17600601875
17600601893
17600605179
17600611619
17600612072
17600613108
17600616127
17600617013
17600617236
17600617589
17600617763
17600617806
17600617920
17600619507
17600620851
17600621506
17600623571
17600625863
17600626809
17600640963
17600642782
17600642791
17600643107
17600643296
17600645026
17600645038
17600645109
17600645809
17600645907
17600646950
17600647163
17600647293
17600647635
17600647902
17600648295
17600671285
17600673309
17600673652
17600675507
17600679629
17600683571
17600689532
17600689731
17600691462
17600691474
17600692609
17600693510
17600693802
17600694358
17600694671
17600694736
17600694784
17600695347
17600696823
17600697164
17600697853
17600697941
17600698132
17600705165
17600705268
17600721365
17600734262
17600734798
17600734845
17600734964
17600735074
17600739154
17600739347
17600742735
17600742751
17600742953
17600743613
17600748139
17600748572
17600753517
17600771809
17600772705
17600773293
17600778135
17600779259
17600782082
17600786572
17600786973
17600788035
17600791638
17600824694
17600906238
17600920252
17600927815
17600945732
17600946583
17600950673
17600957371
17600958375
17600958952
17600971265
17600973805
17601031073
17601031691
17601032205
17601033575
17601036282
17601036290
17601036395
17601036923
17601037735
17601041309
17601042892
17601043672
17601043785
17601043872
17601043976
17601045792
17601046257
17601047350
17601047386
17601048291
17601048953
17601061305
17601061727
17601062968
17601063031
17601063539
17601066820
17601066961
17601068183
17601069602
17601069750
17601070265
17601071082
17601072682
17601072992
17601073159
17601073256
17601073381
17601075278
17601075613
17601075629
17601076569
17601076833
17601076853
17601078729
17601080739
17601081091
17601081672
17601083115
17601083189
17601085993
17601086031
17601086352
17601087376
17601087639
17601088676
17601088738
17601089583
17601089913
17601090293
17601090573
17601090956
17601092720
17601093982
17601096623
17601096807
17601097062
17601097592
17601097938
17601601261
17601602267
17601602873
17601603620
17601605620
17601607339
17601631823
17601635297
17610015079
17610015583
17610015825
17610017251
17610017281
17610017806
17610017810
17610018089
17610020390
17610020851
17610020937
17610025896
17610026921
17610027859
17610028522
17610033872
17610035095
17610038296
17610039507
17610040639
17610040769
17610040791
17610041372
17610041739
17610041759
17610041851
17610042083
17610042138
17610060173
17610062089
17610062267
17610062382
17610062755
17610065021
17610065609
17610065933
17610068337
17610081370
17610082502
17610087679
17610089561
17610093152
17610095631
17610095927
17610097268
17610101657
17610125691
17610126103
17610126207
17610128635
17610128697
17610129205
17610131539
17610133265
17610135071
17610135560
17610136577
17610136725
17610138256
17610138607
17610138926
17610139007
17610140187
17610140276
17610140362
17610140571
17610140735
17610141297
17610141672
17610141837
17610142063
17610142367
17610142593
17610142693
17610142897
17610143163
17610147931
17610148670
17610152785
17610153708
17610156290
17610157163
17610167805
17610178292
17610178538
17610191809
17610205312
17610205807
17610209237
17610211875
17610213320
17610232253
17610232297
17610233610
17610235705
17610236992
17610239732
17610250031
17610250696
17610251697
17610251795
17610253033
17610253707
17610255260
17610256260
17610256853
17610257651
17610257972
17610260962
17610262365
17610265296
17610265861
17610266837
17610268561
17610269921
17610270898
17610270961
17610271771
17610272180
17610272280
17610272983
17610273175
17610273755
17610273776
17610273779
17610275020
17610276035
17610276089
17610276707
17610277236
17610277893
17610277995
17610278177
17610279312
17610279537
17610279883
17610279978
17610285309
17610290873
17610291053
17610291297
17610291908
17610292116
17610292195
17610292351
17610292368
17610293150
17610293271
17610295012
17610295603
17610295767
17610295997
17610296037
17610296231
17610296750
17610296853
17610297053
17610297131
17610297152
17610297167
17610297302
17610297305
17610297330
17610297392
17610297507
17610297576
17610297650
17610297806
17610297871
17610297885
17610297931
17610298739
17610299171
17610299205
17610299236
17610299310
17610299792
17610313283
17610316770
17610316775
17610317157
17610319723
17610320179
17610320652
17610320852
17610322176
17610323723
17610323961
17610325182
17610325689
17610325690
17610326350
17610327138
17610327397
17610328251
17610329012
17610329267
17610329388
17610329875
17610331902
17610332179
17610332381
17610333905
17610336932
17610337105
17610337358
17610339507
17610353617
17610357917
17610360078
17610363255
17610367816
17610367820
17610367825
17610369361
17610369687
17610369906
17610378502
17610380287
17610382150
17610382573
17610382855
17610383085
17610383220
17610383815
17610383973
17610385037
17610385052
17610385659
17610386562
17610387026
17610388729
17610389153
17610389332
17610389580
17610389695
17610389763
17610390793
17610393682
17610395078
17610395187
17610395351
17610395617
17610395715
17610396167
17610396352
17610396596
17610397106
17610406025
17610408980
17610415257
17610416226
17610418775
17610430187
17610430238
17610430259
17610430572
17610430578
17610430691
17610430772
17610430787
17610430795
17610430798
17610430961
17610430976
17610430982
17610431287
17610431291
17610431370
17610431380
17610431392
17610431572
17610431575
17610431621
17610431675
17610431693
17610431829
17610432039
17610432081
17610432392
17610432602
17610453170
17610460591
17610461372
17610462057
17610462135
17610462795
17610462978
17610463752
17610463758
17610463850
17610465571
17610465793
17610466391
17610466739
17610467937
17610469130
17610469657
17610469761
17610470637
17610470837
17610475130
17610475371
17610475382
17610475392
17610475836
17610475857
17610475865
17610475937
17610475962
17610476095
17610476132
17610476202
17610476235
17610476283
17610476287
17610476295
17610476307
17610476325
17610476395
17610476539
17610476573
17610476719
17610476759
17610476835
17610476859
17610476903
17610476932
17610477025
17610477035
17610477058
17610477103
17610477182
17610477183
17610477263
17610477286
17610477353
17610477371
17610478150
17610478201
17610478207
17610478315
17610478352
17610478356
17610478579
17610478591
17610478657
17610478659
17610478675
17610478930
17610478953
17610479057
17610479132
17610479187
17610479235
17610479253
17610479305
17610479337
17610479531
17610479587
17610479637
17610479761
17610479967
17610490187
17610490252
17610490595
17610490781
17610490795
17610491263
17610491309
17610491356
17610491562
17610491653
17610491785
17610491852
17610492085
17610492107
17610492161
17610492197
17610492351
17610492375
17610492563
17610492597
17610492693
17610492769
17610492961
17610492970
17610493183
17610493529
17610493682
17610493823
17610493957
17610493971
17610495038
17610495130
17610495170
17610495561
17610495837
17610495870
17610495906
17610495965
17610496037
17610496167
17610496172
17610496203
17610496239
17610496305
17610496371
17610496379
17610496590
17610496753
17610496907
17610496937
17610496971
17610497087
17610497125
17610497135
17610497150
17610497163
17610497230
17610497237
17610497398
17610497591
17610497593
17610509103
17610512538
17610513020
17610513615
17610515293
17610516238
17610516853
17610517176
17610519550
17610529138
17610531085
17610532037
17610532769
17610533923
17610536237
17610553273
17610559078
17610561273
17610561708
17610561828
17610561891
17610562851
17610563039
17610563912
17610565380
17610566198
17610566231
17610566891
17610571330
17610571786
17610572522
17610572965
17610572982
17610573205
17610573509
17610573512
17610573856
17610575102
17610576913
17610577639
17610578779
17610585736
17610587313
17610590682
17610591269
17610592570
17610592812
17610596365
17610596526
17610600737
17610602719
17610602731
17610602907
17610602937
17610603102
17610603596
17610605781
17610605972
17610606653
17610606792
17610607078
17610607091
17610607108
17610607685
17610608238
17610608613
17610608710
17610609252
17610609529
17610609838
17610613038
17610617087
17610617136
17610623177
17610631312
17610631701
17610632087
17610632595
17610633982
17610635039
17610635153
17610635772
17610637622
17610638153
17610638705
17610639692
17610639798
17610639821
17610670109
17610670391
17610670832
17610675532
17610679396
17610681352
17610682177
17610682715
17610682857
17610683509
17610686039
17610686683
17610687250
17610687552
17610687576
17610687836
17610690037
17610690356
17610690663
17610691576
17610693527
17610693655
17610698270
17610699702
17610699835
17610710536
17610712363
17610712385
17610716850
17610719923
17610721372
17610722587
17610722950
17610722981
17610723072
17610723095
17610723359
17610723361
17610723702
17610725337
17610726016
17610726398
17610726525
17610726605
17610726758
17610727183
17610727268
17610727320
17610727681
17610728095
17610728330
17610728550
17610729606
17610729621
17610730153
17610731853
17610731927
17610732079
17610732318
17610732328
17610735082
17610735121
17610735601
17610736177
17610736856
17610738875
17610738927
17610738951
17610739251
17610739367
17610740193
17610740236
17610740253
17610740267
17610740278
17610740351
17610740368
17610740389
17610740391
17610740592
17610740631
17610740679
17610740739
17610740772
17610740897
17610740953
17610740983
17610751358
17610751667
17610752381
17610752550
17610752896
17610753571
17610755260
17610755863
17610756071
17610756083
17610756302
17610757631
17610757823
17610757863
17610758363
17610758737
17610759287
17610761187
17610761839
17610762182
17610765128
17610767032
17610769513
17610770263
17610770293
17610771035
17610771061
17610771769
17610772057
17610772673
17610773391
17610773783
17610775283
17610775756
17610776581
17610776752
17610777593
17610777867
17610778538
17610779087
17610779235
17610779720
17610780177
17610780385
17610780389
17610782632
17610782831
17610783121
17610785032
17610785337
17610786071
17610787956
17610788293
17610789083
17610791653
17610793027
17610793053
17610795133
17610795235
17610796053
17610800235
17610802091
17610802162
17610802363
17610803072
17610803186
17610806381
17610809563
17610809720
17610809757
17610810295
17610811622
17610812592
17610813602
17610813837
17610813896
17610815067
17610815179
17610815573
17610815852
17610816028
17610816258
17610816278
17610816579
17610818316
17610819335
17610819703
17610821792
17610822831
17610823296
17610823872
17610827105
17610831062
17610831836
17610833172
17610833607
17610835337
17610835387
17610835587
17610837371
17610838093
17610838596
17610838912
17610846753
17610847198
17610849273
17610850763
17610851360
17610852173
17610857150
17610857762
17610860262
17610871830
17610872759
17610875719
17610878252
17610889236
17610895925
17610896371
17610901175
17610901329
17610902831
17610903631
17610903736
17610903759
17610905196
17610906337
17610908365
17610912503
17610913850
17610916083
17610918536
17610919262
17610920378
17610920879
17610921590
17610921708
17610921758
17610922516
17610925326
17610926378
17610927317
17610928653
17610928779
17610929237
17610929259
17610929716
17610930972
17610931823
17610932606
17610932621
17610935671
17610936352
17610937209
17610937395
17610950335
17610951605
17610951760
17610952315
17610952720
17610953015
17610953153
17610955397
17610955738
17610955953
17610956087
17610956873
17610957836
17610958020
17610958803
17610958933
17610959082
17610959092
17610959137
17610959261
17610959656
17610959712
17610959931
17610961697
17610961736
17610962861
17610962912
17610963625
17610963751
17610963831
17610966387
17610967265
17610967360
17610968687
17610968717
17610969237
17610971321
17610971325
17610979957
17610980186
17610980272
17610980763
17610981096
17610981795
17610982037
17610982357
17610983153
17610986031
17610987163
17610987692
17610987752
17610988935
17610992873
17610997119
17611012573
17611013125
17611013992
17611018635
17611018736
17611019653
17611027172
17611031739
17611032185
17611032503
17611032572
17611033189
17611035523
17611036182
17611036916
17611037756
17611038572
17611039253
17611051569
17611052651
17611053265
17611053278
17611053575
17611053729
17611053837
17611056050
17611056116
17611056297
17611056995
17611057315
17611057320
17611057362
17611057367
17611058962
17611059536
17611072177
17611072790
17611072791
17611072822
17611073017
17611075105
17611075615
17611075717
17611076212
17611076293
17611076581
17611078029
17611079770
17611100375
17611102153
17611102819
17611109682
17611132865
17611135767
17611136050
17611138197
17611146985
17611148576
17611149039
17611149073
17611171978
17611172509
17611175382
17611176357
17611176852
17611176902
17611193219
17611193231
17611193261
17611193501
17611195083
17611197382
17611201065
17611201697
17611201702
17611202135
17611202769
17611203192
17611203986
17611205752
17611208357
17611208502
17611208509
17611208981
17611209287
17611209323
17611209695
17611210167
17611212682
17611213539
17611213602
17611213725
17611213902
17611216753
17611217583
17611217952
17611219050
17611219273
17611219298
17611220871
17611223795
17611226017
17611227652
17611228676
17611230599
17611230652
17611230792
17611230936
17611232069
17611232891
17611233269
17611233350
17611233672
17611233837
17611235762
17611235769
17611236715
17611236750
17611236913
17611237031
17611237129
17611237227
17611238559
17611240560
17611240639
17611240752
17611241037
17611241053
17611241382
17611241706
17611242063
17611242169
17611242603
17611242670
17611242675
17611242953
17611243163
17611243195
17611243709
17611243710
17611243792
17611243968
17611245067
17611245327
17611245636
17611245782
17611245796
17611246129
17611246173
17611246392
17611246771
17611247091
17611247162
17611247351
17611247381
17611247592
17611247825
17611247902
17611248563
17611248565
17611248937
17611249157
17611249201
17611249220
17611249752
17611250280
17611250283
17611250961
17611252355
17611253852
17611253865
17611256115
17611256277
17611256308
17611257306
17611257316
17611257553
17611257826
17611258115
17611259317
17611259683
17611259733
17611262052
17611263127
17611263970
17611265819
17611265981
17611266793
17611267261
17611267637
17611270078
17611271080
17611271957
17611275631
17611276759
17611276796
17611277129
17611277301
17611277320
17611277653
17611278152
17611278390
17611278758
17611279806
17611280397
17611281519
17611285235
17611285571
17611285786
17611285815
17611289370
17611290231
17611290795
17611291075
17611291091
17611291376
17611291392
17611291582
17611291656
17611292736
17611293150
17611293182
17611293690
17611293879
17611295077
17611295332
17611295502
17611295780
17611296081
17611296303
17611296917
17611296963
17611297015
17611297353
17611297610
17611298392
17611299303
17611299350
17611311701
17611312327
17611312657
17611313205
17611313506
17611313796
17611315325
17611316293
17611316573
17611316587
17611317031
17611317078
17611317150
17611318163
17611318206
17611318238
17611319739
17611340285
17611340392
17611340865
17611341052
17611342607
17611343286
17611347193
17611347351
17611347591
17611348530
17611349325
17611352819
17611361365
17611362701
17611362916
17611363109
17611366121
17611369275
17611369592
17611370593
17611373639
17611376023
17611376596
17611376967
17611376993
17611377762
17611378367
17611378375
17611378712
17611379612
17611379812
17611379875
17611391709
17611392362
17611393190
17611393656
17611396257
17611396939
17611398210
17611398570
17611398873
17611399692
17611400338
17611400398
17611400651
17611400872
17611400895
17611400936
17611401861
17611402095
17611402383
17611402753
17611402812
17611402906
17611402908
17611403675
17611405620
17611406390
17611406525
17611406801
17611406975
17611407196
17611407370
17611407871
17611407936
17611408223
17611408557
17611409182
17611409967
17611413970
17611415292
17611419363
17611420533
17611425338
17611426632
17611427265
17611429073
17611429081
17611429156
17611430672
17611432961
17611435682
17611437967
17611439067
17611439650
17611450253
17611452952
17611456125
17611460770
17611461058
17611461691
17611462207
17611462381
17611463085
17611463906
17611465192
17611466723
17611467701
17611468185
17611469056
17611469757
17611469803
17611469873
17611472386
17611482236
17611485398
17611485976
17611486035
17611486037
17611486182
17611486290
17611487026
17611487069
17611487506
17611487530
17611487592
17611487951
17611487952
17611488295
17611488392
17611489582
17611490133
17611490763
17611491075
17611491352
17611492760
17611492871
17611492905
17611492960
17611493208
17611493253
17611493279
17611493509
17611493561
17611493562
17611493726
17611493735
17611493802
17611493808
17611493857
17611493971
17611493980
17611495027
17611495336
17611495732
17611495736
17611495753
17611495807
17611495873
17611495937
17611495971
17611495982
17611496105
17611496290
17611496705
17611496733
17611496761
17611496803
17611496870
17611497015
17611497108
17611497162
17611497195
17611497239
17611497305
17611497683
17611497910
17611498065
17611498137
17611498173
17611498205
17611498572
17611498603
17611498651
17611498732
17611500965
17611501572
17611502873
17611509138
17611510286
17611511870
17611512153
17611512615
17611512991
17611513710
17611513728
17611515938
17611516103
17611516331
17611516965
17611517312
17611518038
17611518073
17611518273
17611519035
17611519052
17611519086
17611519091
17611519097
17611520936
17611522052
17611523860
17611526173
17611526259
17611526339
17611527231
17611527338
17611527590
17611527971
17611528262
17611529526
17611529532
17611530037
17611530335
17611531289
17611531672
17611532208
17611533067
17611533083
17611535230
17611535707
17611535875
17611536387
17611536703
17611537090
17611537813
17611538173
17611538713
17611539367
17611539625
17611540579
17611540582
17611540897
17611540937
17611541283
17611541672
17611541716
17611542063
17611542167
17611542269
17611542609
17611542681
17611542695
17611542807
17611542879
17611542956
17611543089
17611543150
17611543192
17611543591
17611543782
17611543796
17611543906
17611545062
17611545267
17611545362
17611545907
17611546071
17611546203
17611546293
17611546328
17611546375
17611546573
17611546825
17611547037
17611547152
17611549262
17611549620
17611560836
17611560851
17611561371
17611561733
17611561891
17611563768
17611563787
17611563833
17611563932
17611565152
17611565177
17611565879
17611566987
17611568152
17611569351
17611569622
17611582210
17611583767
17611590265
17611591051
17611591086
17611591135
17611591287
17611591533
17611591783
17611592103
17611592335
17611592503
17611592597
17611592630
17611592638
17611593512
17611593538
17611593932
17611593991
17611595329
17611596108
17611596127
17611596923
17611597032
17611597163
17611597815
17611597877
17611597952
17611597973
17611598216
17611598793
17611599291
17611599801
17611599871
17611600167
17611600182
17611601891
17611602865
17611603805
17611603955
17611605318
17611607058
17611607096
17611607393
17611609081
17611609361
17611631371
17611633859
17611633875
17611636672
17611636755
17611637563
17611641706
17611642252
17611642721
17611643383
17611643652
17611643961
17611643981
17611645606
17611645950
17611646870
17611647235
17611647635
17611647762
17611648131
17611649338
17611657783
17611660589
17611661352
17611662187
17611662651
17611663752
17611667089
17611669283
17611672036
17611672178
17611672638
17611672975
17611673225
17611673292
17611673391
17611673736
17611673951
17611675953
17611676926
17611677081
17611677515
17611677950
17611678172
17611679159
17611680385
17611681631
17611682380
17611683010
17611683052
17611683056
17611685391
17611686297
17611687101
17611687960
17611689578
17611705062
17611706938
17611737992
17611740579
17611740653
17611740657
17611741082
17611741287
17611741530
17611741593
17611741853
17611741873
17611742035
17611742063
17611742106
17611742167
17611742197
17611742595
17611742602
17611742638
17611742650
17611742657
17611742783
17611742791
17611742803
17611742857
17611742973
17611743095
17611743098
17611743108
17611743153
17611743359
17611743597
17611743617
17611743637
17611743695
17611743786
17611743812
17611743859
17611743865
17611743891
17611743972
17611745027
17611745095
17611745162
17611745283
17611745379
17611745591
17611745602
17611745692
17611745709
17611745729
17611745787
17611745807
17611745812
17611745837
17611745891
17611746021
17611746102
17611746172
17611746208
17611746272
17611746315
17611746328
17611746351
17611746379
17611746508
17611760380
17611790793
17611791892
17611792895
17611793263
17611793318
17611793523
17611793578
17611793831
17611793852
17611793892
17611796236
17611796257
17611796760
17611797015
17611799725
18500152471
18500239274
18500314637
18500322484
18500327304
18500327431
18500381409
18500381784
18500381934
18500382954
18500387094
18500387134
18500425649
18500644147
18500807467
18500814975
18500816743
18500818754
18501285479
18501341264
18501364604
18501367643
18501367964
18501380741
18501396549
18501917342
18501923473
18501924551
18501955064
18501955294
18501955452
18501955481
18501956840
18501957439
18501957684
18501957914
18501959174
18501959482
18501959842
18501974461
18501980541
18501983471
18501984049
18501984292
18501986774
18501988473
18510248934
18510299174
18510331264
18510331794
18510332784
18510334206
18510334981
18510335642
18510354782
18510356846
18510410835
18510450484
18510487207
18510573460
18510573492
18510573640
18510574102
18510579554
18510612847
18510710942
18510729542
18510737648
18510737742
18510740461
18510741465
18510743145
18510748542
18510749164
18510944227
18510956074
18510956247
18510956746
18510957340
18510957417
18510957467
18510957604
18510958497
18510959054
18510959341
18510959452
18510970254
18510974138
18510974150
18510981463
18511240793
18511243072
18511247003
18511249580
18511405891
18511490370
18511723242
18511834014
18511834264
18511834347
18511835433
18511835476
18511835634
18511836074
18511837408
18511837487
18511837546
18511837964
18511838024
18511838794
18511839384
18511839634
18513249352
18513361490
18513363245
18513364351
18513364363
18513364528
18513367040
18513644205
18513644367
18513647506
18513649262
18513732407
18513734727
18513736074
18513736924
18513832407
18513834519
18513836422
18513921458
18513922847
18513924417
18513924490
18513924573
18513924710
18513924748
18513926094
18513928324
18513928437
18513929417
18514067612
18514459278
18514470695
18514472295
18514473251
18514473891
18514476283
18514477535
18514487163
18514488791
18514627379
18514627870
18515303249
18515305574
18515308204
18515322482
18515322640
18515323064
18515323743
18515326074
18515329470
18515329564
18515924650
18515948751
18515960164
18515964860
18515967614
18515968742
18515969754
18516890740
18516890744
18516890841
18516891284
18516891354
18516892240
18516892478
18516893247
18516893405
18516893804
18516894171
18516894451
18516894453
18516894619
18516894640
18516894837
18516894846
18516894851
18516894904
18516895604
18516895840
18516896204
18516896417
18516896458
18516896465
18516897042
18516897417
18516897584
18516897964
18516898374
18516898424
18516898432
18516898774
18516899174
18516899401
18516899547
18516899734
18516900294
18516900475
18516900548
18516900684
18516901154
18516901184
18516901424
18516903414
18516903944
18516904283
18516904547
18516904712
18516904746
18516904937
18516905374
18516905451
18516905774
18516905854
18516905943
18516906134
18516907540
18516908274
18516908324
18516908544
18516908954
18516909804
18518160174
18518167384
18518169947
18518243752
18518446322
18518447693
18518530941
18518678542
18518922974
18518927174
18519165792
18519501284
18519501424
18519501443
18519501492
18519502140
18519502474
18519502644
18519505424
18519505446
18519506794
18519507445
18519507541
18519508043
18519721492
18519723064
18519723442
18519723494
18519723694
18519723804
18519724736
18519724743
18519724865
18519725154
18519725490
18519725774
18519726164
18519726504
18519726774
18519727214
18519727364
18519727704
18519728134
18519728437
18519728483
18519728647
18519728774
18519729401
18519729406
18519729423
18519729450
18548900571
18548901386
18548901780
18548902569
18548902578
18548903017
18548903179
18548903583
18548903622
18548906193
18548906583
18548922137