13121287723
13121295270
13121297602
13121297650
13121298563
13121299172
13121301913
13121302592
13121302931
13121302979
13121306508
13121306791
13121311691
13121312338
13121315826
13121317286
13121317661
13121318065
13121320573
13121323082
13121323675
13121323905
13121325138
13121328537
13121328991
13121329837
13121333170
13121335179
13121350063
13121351659
13121351695
13121351698
13121352216
13121355101
13121355267
13121355767
13121357063
13121357116
13121357203
13121357283
13121358139
13121358395
13121359925
13121360092
13121360359
13121360371
13121360581
13121361035
13121361683
13121361923
13121362273
13121362517
13121362572
13121362659
13121363209
13121366729
13121368037
13121368075
13121368937
13121369320
13121369687
13121370351
13121372638
13121373672
13121375635
13121376027
13121376072
13121376095
13121376793
13121376859
13121376870
13121376897
13121377092
13121377096
13121377105
13121377303
13121377330
13121377331
13121377783
13121378205
13121378587
13121378662
13121378770
13121378792
13121379868
13121381375
13121383203
13121383290
13121383352
13121385262
13121389161
13121389962
13121390752
13121395539
13121396683
13121396713
13121396901
13121396971
13121397061
13121397530
13121397605
13121397673
13121397706
13121397873
13121397951
13121398005
13121398136
13121398252
13121398350
13121398352
13121398925
13121399035
13121502815
13121503173
13121503698
13121506115
13121507703
13121508751
13121509967
13121515285
13121517657
13121522518
13121523723
13121523875
13121525715
13121526032
13121527801
13121528167
13121528179
13121528981
13121531676
13121535109
13121536517
13121537160
13121539221
13121539796
13121552758
13121552973
13121555615
13121557358
13121557838
13121560178
13121561702
13121562057
13121562287
13121563161
13121563295
13121563980
13121565639
13121793679
13121793970
13121798632
13121802736
13121803151
13121809951
13121822638
13121822659
13121823370
13121836169
13121839210
13121852259
13121852997
13121853516
13121853806
13121855297
13121857713
13121857961
13121859902
13121860353
13121863870
13121865017
13121868761
13121870563
13121870593
13121871261
13121871731
13121875912
13121877363
13121887609
13121900387
13121900793
13121902303
13121902712
13121903165
13121903621
13121903879
13121905013
13121905330
13121905571
13121905862
13121906937
13121906962
13121907107
13121907150
13121909072
13121910275
13121912059
13121912983
13121913532
13121915082
13121915590
13121920356
13121921262
13121921327
13121922780
13121923797
13121923852
13121971275
13124722503
13124729361
13124756593
13124759823
13124761537
13124788037
16601103784
16601155974
16601200784
16601201284
16601201394
16601201463
16601201487
16601201493
16601201496
16601201524
16601201542
16601201564
16601201604
16601201774
16601202403
16601202447
16601202491
16601202694
16601202734
16601202749
16601202841
16601202904
16601203043
16601203468
16601203469
16601203474
16601203475
16601203524
16601203542
16601203554
16601203574
16601203684
16601203744
16601203804
16601203842
16601203894
16601204069
16601204170
16601204185
16601204207
16601204248
16601204265
16601204291
16601204292
16601204294
16601204304
16601204307
16601204383
16601204390
16601204394
16601204415
16601204463
16601204472
16601204495
16601204583
16601204624
16601204701
16601204712
16601204718
16601204731
16601204732
16601204741
16601204761
16601204764
16601204780
16601204790
16601204803
16601204814
16601204834
16601204852
16601204924
16601204950
16601204952
16601204983
16601204985
16601205041
16601205043
16601205134
16601205149
16601205184
16601205244
16601205284
16601205349
16601205446
16601205453
16601205479
16601205485
16601205486
16601205487
16601205491
16601205734
16601205744
16601205814
16601205943
16601206104
16601206141
16601206194
16601206243
16601206247
16601206304
16601206341
16601206438
16601206471
16601206473
16601206479
16601206524
16601206774
16601206843
16601206844
16601206946
16601206974
16601207034
16601207044
16601207054
16601207148
16601207241
16601207247
16601207254
16601207348
16601207384
16601207402
16601207415
16601207431
16601207491
16601207492
16601207497
16601207594
16601207624
16601207634
16601207646
16601207648
16601207649
16601207834
16601207874
16601208034
16601208094
16601208134
16601208194
16601208342
16601208424
16601208451
16601208463
16601208475
16601208634
16601208642
16601208734
16601208749
16601208904
16601208942
16601209074
16601209249
16601209404
16601209419
16601209428
16601209438
16601209542
16601209547
16601209584
16601209645
16601209740
16601209742
16601209843
16601209864
16601210154
16601210463
16601210465
16601210484
16601210492
16601210554
16601210564
16601210694
16601210834
16601210874
16601210947
16601210964
16601210974
16601211254
16601211452
16601211462
16601211524
16601211834
16601211942
16601212540
16601213049
16601213074
16601213094
16601213284
16601213547
16601213624
16601213740
16601213742
16601213749
16601213874
16601213934
16601213964
16601214027
16601214073
16601214079
16601214083
16601214174
16601214183
16601214184
16601214195
16601214205
16601214206
16601214209
16601214248
16601214263
16601214274
16601214278
16601214283
16601214292
16601214293
16601214365
16601214375
16601214392
16601214437
16601214478
16601214481
16601214529
16601214542
16601214574
16601214610
16601214639
16601214673
16601214681
16601214689
16601214697
16601214704
16601214743
16601214749
16601214752
16601214763
16601214823
16601214863
16601214867
16601214871
16601214873
16601214874
16601214897
16601214943
16601214978
16601215049
16601215149
16601215244
16601215473
16601215475
16601215485
16601215644
16601215647
16601215724
16601215894
16601215964
16601216024
16601216034
16601216047
16601216048
16601216074
16601216154
16601216241
16601216254
16601216413
16601216434
16601216445
16601216459
16601216482
16601216489
16601216495
16601216554
16601216724
16601216744
16601216754
16601216844
16601216854
16601216934
16601217044
16601217045
16601217143
16601217149
16601217244
16601217284
16601217347
16601217354
16601217402
16601217405
16601217429
16601217435
16601217452
16601217453
16601217468
16601217480
16601217482
16601217483
16601217547
16601217641
16601217642
16601217746
16601217784
16601217834
16601217847
16601217864
16601217934
16601217940
16601217943
16601218044
16601218045
16601218124
16601218142
16601218254
16601218294
16601218408
16601218434
16601218437
16601218451
16601218457
16601218479
16601218674
16601218747
16601218754
16601219041
16601219354
16601219441
16601219447
16601219473
16601219482
16601219540
16601219548
16601219847
16601219894
16601270264
16601270284
16601270341
16601270342
16601270457
16601270469
16601270470
16601270497
16601270498
16601270542
16601270644
16601270645
16601270646
16601270649
16601270734
16601270754
16601270842
16601270849
16601270854
16601270894
16601270941
16601270944
16601270974
16601271049
16601271084
16601271247
16601271249
16601271254
16601271374
16601271424
16601271429
16601271436
16601271438
16601271439
16601271445
16601271446
16601271462
16601271476
16601271481
16601271483
16601271491
16601271534
16601271594
16601271604
16601271764
16601271841
16601271842
16601271847
16601272024
16601272034
16601272124
16601272141
16601272274
16601272394
16601272402
16601272405
16601272420
16601272437
16601272441
16601272447
16601272448
16601272449
16601272454
16601272461
16601272463
16601272464
16601272465
16601272482
16601272497
16601272641
16601272648
16601272674
16601272841
16601272849
16601272864
16601272874
16601272934
16601273024
16601273042
16601273043
16601273044
16601273047
16601273142
16601273149
16601273164
16601273174
16601273349
16601273408
16601273414
16601273442
16601273446
16601273447
16601273469
16601273475
16601273484
16601273487
16601273498
16601273544
16601273549
16601273574
16601273594
16601273634
16601273642
16601273740
16601273748
16601273814
16601273843
16601273844
16601273954
16601274047
16601274053
16601274078
16601274081
16601274083
16601274089
16601274147
16601274152
16601274153
16601274175
16601274179
16601274180
16601274183
16601274187
16601274192
16601274198
16601274203
16601274208
16601274226
16601274235
16601274240
16601274261
16601274262
16601274275
16601274286
16601274295
16601274309
16601274317
16601274322
16601274342
16601274357
16601274360
16601274363
16601274376
16601274379
16601274384
16601274385
16601274392
16601274395
16601274398
16601274409
16601274432
16601274439
16601274462
16601274472
16601274475
16601274492
16601274508
16601274517
16601274548
16601274598
16601274605
16601274625
16601274639
16601274644
16601274650
16601274652
16601274681
16601274692
16601274701
16601274715
16601274734
16601274748
16601274758
16601274764
16601274776
16601274784
16601274794
16601274819
16601274845
16601274856
16601274879
16601274890
16601274905
16601274913
16601274945
16601274953
16601274962
16601274963
16601274964
16601274965
16601274972
16601274992
16601275046
16601275141
16601275241
16601275243
16601275284
16601275294
16601275384
16601275430
16601275467
16601275473
16601275474
16601275479
16601275496
16601275547
16601275647
16601275714
16601275746
16601275749
16601275784
16601275804
16601275842
16601275847
16601275914
16601275942
16601276045
16601276047
16601276049
16601276146
16601276154
16601276249
16601276274
16601276341
16601276348
16601276401
16601276443
16601276454
16601276474
16601276475
16601276480
16601276481
16601276487
16601276490
16601276497
16601276734
16601276774
16601276794
16601276824
16601276941
16601276964
16601276984
16601277149
16601277154
16601277241
16601277419
16601277437
16601277452
16601277457
16601277479
16601277494
16601277549
16601277641
16601277643
16601277648
16601277694
16601277914
16601277943
16601278041
16601278043
16601278047
16601278143
16601278147
16601278242
16601278254
16601278264
16601278340
16601278342
16601278343
16601278346
16601278354
16601278437
16601278443
16601278446
16601278462
16601278469
16601278498
16601278514
16601278542
16601278574
16601278714
16601278747
16601278940
16601279041
16601279042
16601279043
16601279064
16601279104
16601279141
16601279144
16601279147
16601279244
16601279254
16601279274
16601279401
16601279402
16601279428
16601279437
16601279445
16601279471
16601279481
16601279548
16601279574
16601279704
16601279742
16601279748
16601340467
16601340471
16601340479
16601340481
16601340486
16601340542
16601340548
16601340554
16601340741
16601340842
16601340846
16601340946
16601340947
16601341142
16601341147
16601341284
16601341347
16601341407
16601341438
16601341480
16601341546
16601341547
16601341624
16601341724
16601341749
16601341784
16601341843
16601341846
16601341849
16601341904
16601341941
16601342154
16601342194
16601342384
16601342415
16601342420
16601342426
16601342430
16601342459
16601342463
16601342464
16601342479
16601342480
16601342483
16601342491
16601342542
16601342574
16601342714
16601342814
16601342834
16601342841
16601342842
16601342847
16601342894
16601343064
16601343244
16601343294
16601343348
16601343406
16601343414
16601343447
16601343471
16601343647
16601343654
16601343714
16601343724
16601343742
16601343747
16601343764
16601343804
16601343841
16601343842
16601343846
16601343894
16601343934
16601343942
16601344026
16601344038
16601344067
16601344069
16601344079
16601344093
16601344094
16601344132
16601344159
16601344173
16601344206
16601344246
16601344259
16601344261
16601344271
16601344287
16601344295
16601344304
16601344342
16601344347
16601344375
16601344381
16601344398
16601344507
16601344540
16601344580
16601344607
16601344631
16601344637
16601344675
16601344684
16601344687
16601344693
16601344705
16601344712
16601344725
16601344745
16601344748
16601344756
16601344790
16601344795
16601344796
16601344801
16601344802
16601344827
16601344830
16601344865
16601344906
16601344927
16601344960
16601344968
16601344975
16601344983
16601345064
16601345142
16601345164
16601345247
16601345304
16601345402
16601345407
16601345438
16601345449
16601345461
16601345473
16601345483
16601345492
16601345494
16601345504
16601345534
16601345784
16601345824
16601345834
16601345874
16601345894
16601346047
16601346049
16601346143
16601346254
16601346284
16601346304
16601346341
16601346349
16601346401
16601346403
16601346455
16601346470
16601346483
16601346490
16601346491
16601346496
16601346547
16601346743
16601346754
16601346794
16601346840
16601346845
16601346846
16601346847
16601346874
16601346914
16601346974
16601347034
16601347043
16601347046
16601347094
16601347104
16601347142
16601347145
16601347154
16601347214
16601347243
16601347249
16601347294
16601347304
16601347404
16601347413
16601347416
16601347420
16601347425
16601347433
16601347438
16601347442
16601347458
16601347467
16601347478
16601347486
16601347490
16601347494
16601347604
16601347643
16601347694
16601347794
16601347814
16601347824
16601347834
16601347845
16601347864
16601347924
16601347942
16601347948
16601347984
16601348014
16601348046
16601348054
16601348064
16601348141
16601348164
16601348246
16601348249
16601348374
16601348409
16601348415
16601348421
16601348424
16601348453
16619703604
16619703843
16619704384
16619704730
16619704754
16619707864
16619710243
16619710742
16619712043
16619712451
16619712489
16619712941
16619712947
16619713487
16619713841
16619713842
16619714307
16619714384
16619714479
16619714824
16619714853
16619714874
16619714902
16619715174
16619715324
16619715764
16619717469
16619718462
16619718474
16619718946
16619720947
16619724025
16619724097
16619724291
16619724538
16619724547
16619724701
16619724894
16619724904
16619725174
16619725471
16619726054
16619726743
16619726874
16619727104
16619727407
16619728914
16619729048
16619729451
16619729640
16619732084
16619732409
16619732754
16619732941
16619733074
16619733174
16619733840
16619733847
16619734071
16619734109
16619734267
16619734304
16619734367
16619734492
16619734629
16619734634
16619734690
16619734702
16619734738
16619734739
16619734837
16619734892
16619735014
16619735405
16619735479
16619735964
16619735974
16619736404
16619736491
16619737134
16619737449
16619737594
16619737841
16619738643
16619738947
16619739174
16619740146
16619740247
16619740461
16619740641
16619740764
16619741241
16619741409
16619742374
16619742481
16619742634
16619742647
16619742734
16619742904
16619743064
16619743246
16619743541
16619743641
16619743684
16619743942
16619743964
16619744076
16619744172
16619745594
16619746074
16619746814
16619747493
16619747504
16619748245
16619748704
16619749043
16619749245
16619749340
16619749354
16619749473
16619750194
16619750242
16619750674
16619750741
16619750847
16619751284
16619752940
16619752942
16619752948
16619753497
16619753674
16619753894
16619754051
16619754143
16619754734
16619754762
16619754781
16619754794
16619754854
16619754894
16619754972
16619756405
16619758354
16619758471
16619758945
16619759174
16619759482
16619760484
16619760545
16619762147
16619762490
16619763485
16619763847
16619764047
16619764052
16619764053
16619764079
16619764129
16619764375
16619764481
16619764901
16619765694
16619765974
16619766474
16619767184
16619767247
16619767348
16619768154
16619768244
16619769140
16619769462
16619772840
16619781461
16619782470
16619782497
16619782754
16619784367
16619785043
16619785842
16619786042
16619787584
16619787942
16619790461
16619794290
16619794374
16619794854
16619794951
16619796438
16619796472
16619802493
16619805924
16619810142
16619811475
16619811574
16619811847
16619812474
16619813594
16619814209
16619814262
16619814384
16619814487
16619814502
16619814537
16619814541
16619814573
16619814764
16619814784
16619815462
16619816274
16619816442
16619817341
16619817442
16619817451
16619817634
16619818247
16619818476
16619820849
16619821284
16619822407
16619823473
16619824475
16619824514
16619824607
16619824674
16619824835
16619824970
16619825364
16619825649
16619826404
16619826774
16619827459
16619828974
16619832491
16619832924
16619834246
16619834854
16619834975
16619835474
16619835924
16619837194
16619837401
16619841274
16619841472
16619842754
16619842934
16619843470
16619843749
16619844173
16619844769
16619845479
16619845704
16619845847
16619845943
16619847194
16619848145
16619850143
16619850874
16619850946
16619851462
16619851464
16619851574
16619854097
16619854549
16619854734
16619854784
16619854836
16619854974
16619857149
16619857204
16619857541
16619859704
16619862584
16619862874
16619864794
16619864804
16619867294
16619873460
16619873842
16619874253
16619874301
16619874674
16619874769
16619874791
16619886142
16619886493
16619886940
16619887394
16619887549
16619887641
16619889154
16619889645
16619958946
16619959164
16619959452
16619959547
16619959634
17600011905
17600011907
17600011936
17600012035
17600021282
17600021703
17600021710
17600022623
17600022961
17600023207
17600023792
17600025020
17600025650
17600025652
17600026901
17600027906
17600029338
17600029973
17600041607
17600041750
17600043072
17600043257
17600043639
17600046937
17600047593
17600048723
17600049107
17600050161
17600050165
17600051157
17600051253
17600051579
17600051679
17600051701
17600053301
17600053725
17600055063
17600056167
17600057562
17600057606
17600057917
17600058035
17600061538
17600061728
17600061821
17600061953
17600062167
17600062359
17600063513
17600063972
17600065869
17600066393
17600067205
17600067389
17600067563
17600067901
17600068952
17600071927
17600072617
17600072897
17600073907
17600075392
17600078523
17600078729
17600079172
17600091633
17600092238
17600093282
17600095267
17600097605
17600097683
17600098256
17600099127
17600099276
17600099502
17600099590
17600099705
17600101825
17600102153
17600102859
17600103062
17600105397
17600105726
17600105982
17600107895
17600109202
17600109335
17600110235
17600110285
17600110375
17600110985
17600111096
17600111382
17600112259
17600112629
17600112962
17600112969
17600113038
17600113819
17600115805
17600116380
17600116526
17600117157
17600117362
17600117367
17600117569
17600118082
17600118539
17600118607
17600118997
17600119023
17600119530
17600130953
17600130959
17600131259
17600131538
17600131929
17600132029
17600132155
17600132280
17600132372
17600132507
17600132835
17600133853
17600135128
17600135220
17600135268
17600135373
17600135787
17600136597
17600136802
17600137036
17600137153
17600137268
17600137581
17600137637
17600138235
17600138735
17600138830
17600139257
17600139260
17600141652
17600141672
17600141877
17600142161
17600142281
17600142635
17600142739
17600143171
17600143516
17600143523
17600143873
17600143917
17600145107
17600146175
17600147265
17600147269
17600147837
17600148737
17600149316
17600149572
17600150358
17600150859
17600150883
17600150903
17600151619
17600151638
17600151735
17600151751
17600151793
17600151937
17600152339
17600152377
17600152523
17600152621
17600152992
17600153120
17600153238
17600153369
17600153598
17600153606
17600156652
17600157289
17600157329
17600157816
17600157900
17600157955
17600158795
17600159780
17600159786
17600159962
17600175748
17600193497
17600195164
17600195492
17600195641
17600195817
17600195964
17600196453
17600196834
17600197294
17600200325
17600201262
17600201697
17600201802
17600202197
17600202703
17600202912
17600202936
17600203069
17600203078
17600203181
17600203891
17600203918
17600203982
17600205291
17600205309
17600205951
17600205970
17600206317
17600206596
17600206878
17600207151
17600207528
17600207719
17600208336
17600208532
17600208721
17600208927
17600209037
17600209768
17600210860
17600211672
17600211723
17600212639
17600213157
17600213796
17600215096
17600215867
17600216573
17600216752
17600216973
17600217335
17600218083
17600218608
17600237607
17600243501
17600243783
17600243795
17600245893
17600245932
17600246337
17600246763
17600247681
17600248637
17600248736
17600248745
17600249075
17600250192
17600250561
17600250650
17600251323
17600251397
17600251635
17600251812
17600251911
17600252039
17600252289
17600252786
17600252805
17600252993
17600253122
17600253832
17600253873
17600253875
17600255691
17600255801
17600256036
17600256278
17600257856
17600257915
17600258112
17600258593
17600258631
17600258965
17600259076
17600259255
17600259683
17600259983
17600264783
17600271509
17600272031
17600272682
17600273887
17600275702
17600276079
17600278276
17600278752
17600279187
17600279682
17600280681
17600280852
17600281611
17600281619
17600281903
17600282109
17600282187
17600282272
17600282573
17600283595
17600283621
17600283890
17600285110
17600285215
17600285650
17600285761
17600286356
17600286537
17600286623
17600286625
17600286683
17600286733
17600286908
17600287181
17600287257
17600287601
17600289532
17600289617
17600289820
17600289965
17600291338
17600291870
17600293381
17600293482
17600293903
17600293916
17600294395
17600294734
17600295290
17600295326
17600295753
17600295755
17600295843
17600295925
17600296348
17600296871
17600296957
17600296993
17600297091
17600297142
17600297164
17600297332
17600298133
17600299021
17600299215
17600299265
17600299729
17600310265
17600320539
17600320636
17600321181
17600321252
17600321291
17600321581
17600321597
17600321691
17600321782
17600321853
17600322307
17600322615
17600322931
17600323685
17600323717
17600323957
17600323981
17600324691
17600325035
17600325290
17600325571
17600325692
17600325831
17600325833
17600325860
17600325972
17600326155
17600326212
17600326347
17600326529
17600326796
17600326872
17600326909
17600327336
17600327350
17600327541
17600327620
17600327696
17600327956
17600328218
17600328332
17600328467
17600329152
17600329509
17600329683
17600329852
17600329980
17600341675
17600341795
17600342579
17600342692
17600342753
17600342973
17600343857
17600346057
17600346132
17600346273
17600346319
17600346793
17600346901
17600347083
17600347253
17600347261
17600347362
17600347450
17600347581
17600347902
17600347957
17600348793
17600349167
17600349683
17600349760
17600349762
17600350253
17600351178
17600351297
17600351510
17600351817
17600351883
17600352575
17600352606
17600353136
17600355236
17600357257
17600359615
17600359767
17600363035
17600363361
17600363976
17600365932
17600366716
17600366805
17600367163
17600367179
17600367292
17600367927
17600369203
17600369857
17600371738
17600375367
17600381642
17600396597
17600401183
17600401537
17600402390
17600405237
17600405387
17600406130
17600407106
17600407356
17600407532
17600410137
17600411591
17600411675
17600411879
17600412617
17600412672
17600412867
17600412871
17600412891
17600413207
17600413782
17600413902
17600413905
17600415281
17600415297
17600415307
17600415725
17600415901
17600416237
17600416285
17600416329
17600416375
17600416852
17600416902
17600417257
17600417296
17600417350
17600417537
17600417597
17600417960
17600418165
17600418193
17600418506
17600418731
17600418737
17600418791
17600418932
17600419105
17600419253
17600419572
17600419673
17600420239
17600420259
17600420359
17600420363
17600420372
17600420589
17600420663
17600420786
17600420938
17600420992
17600421637
17600421793
17600421808
17600421853
17600421859
17600421968
17600422030
17600422163
17600422181
17600422301
17600422573
17600422579
17600422721
17600422725
17600422750
17600422906
17600422928
17600423091
17600423376
17600423587
17600423657
17600423697
17600423763
17600423873
17600423902
17600423972
17600425237
17600425262
17600425675
17600425683
17600425691
17600425879
17600425962
17600426097
17600426375
17600426965
17600427031
17600427159
17600427258
17600427689
17600427936
17600428091
17600428135
17600428159
17600428193
17600428307
17600428373
17600428573
17600428862
17600428902
17600429071
17600429275
17600429675
17600430281
17600430391
17600430763
17600430795
17600430867
17600431263
17600431607
17600431835
17600431897
17600432136
17600433617
17600433673
17600433785
17600435361
17600435806
17600436025
17600436170
17600436253
17600436279
17600436297
17600436596
17600436721
17600436973
17600437387
17600437801
17600437832
17600438075
17600438175
17600438179
17600438197
17600438295
17600438932
17600438935
17600439261
17600439273
17600439781
17600439837
17600440397
17600440755
17600441309
17600441595
17600441725
17600443180
17600443867
17600445786
17600445892
17600447635
17600447692
17600448515
17600448596
17600449105
17600449163
17600449280
17600450881
17600452259
17600452373
17600452538
17600453102
17600453269
17600453281
17600453507
17600453736
17600453737
17600453930
17600453971
17600453972
17600455035
17600455961
17600455973
17600456308
17600456372
17600456672
17600457022
17600457063
17600457097
17600457131
17600457696
17600457782
17600457860
17600457865
17600457993
17600458067
17600458132
17600458239
17600458313
17600458631
17600459165
17600459281
17600459609
17600459790
17600459826
17600461532
17600463172
17600467630
17600468296
17600470953
17600473159
17600476397
17600482051
17600482690
17600485183
17600485831
17600485973
17600486092
17600486305
17600486571
17600487093
17600487592
17600487631
17600489135
17600490139
17600490273
17600490581
17600490583
17600490592
17600490935
17600491263
17600491287
17600491362
17600491365
17600491372
17600491537
17600491561
17600491571
17600491735
17600491753
17600491785
17600491795
17600492089
17600492171
17600492178
17600492372
17600492617
17600492635
17600492723
17600492763
17600492781
17600492872
17600492931
17600492938
17600493025
17600493071
17600493107
17600493156
17600493182
17600493196
17600493257
17600493576
17600493631
17600493652
17600493705
17600493710
17600493753
17600493762
17600493832
17600495057
17600495092
17600495093
17600495162
17600495263
17600495386
17600495625
17600495931
17600496083
17600496172
17600496193
17600496203
17600496235
17600496273
17600496302
17600496357
17600496501
17600496587
17600496701
17600496739
17600496792
17600496852
17600496937
17600497102
17600497195
17600497213
17600497257
17600497283
17600497298
17600497365
17600497532
17600497596
17600510302
17600510359
17600511038
17600511089
17600511296
17600512110
17600512203
17600512398
17600512506
17600512532
17600512577
17600513017
17600513663
17600515338
17600516295
17600516327
17600516372
17600516817
17600517006
17600517107
17600517169
17600517528
17600517887
17600518865
17600519007
17600519327
17600520676
17600520776
17600521357
17600522171
17600522192
17600522215
17600522325
17600523398
17600525070
17600525167
17600526116
17600526865
17600527053
17600527927
17600528092
17600528330
17600529625
17600540792
17600541281
17600541397
17600541637
17600541792
17600541872
17600541893
17600542057
17600542107
17600542173
17600542362
17600542379
17600542635
17600542697
17600542715
17600542780
17600542792
17600542857
17600543057
17600543092
17600543096
17600543708
17600543795
17600543932
17600543953
17600543976
17600545381
17600546031
17600546201
17600546359
17600546590
17600546835
17600546931
17600546935
17600547092
17600547103
17600547193
17600547210
17600547263
17600547539
17600547831
17600547956
17600548031
17600548105
17600548169
17600548276
17600548389
17600548513
17600548563
17600548570
17600548639
17600548732
17600548792
17600549167
17600549235
17600549281
17600549357
17600549359
17600549372
17600549382
17600550372
17600551280
17600552073
17600553252
17600553662
17600553719
17600557036
17600557087
17600557371
17600557737
17600558127
17600558316
17600558993
17600559379
17600559503
17600559658
17600561653
17600570628
17600570772
17600571169
17600571379
17600571685
17600572195
17600572197
17600572269
17600572387
17600572518
17600572590
17600572620
17600572782
17600573115
17600573152
17600573275
17600573329
17600573396
17600573539
17600573722
17600575027
17600575115
17600575795
17600576137
17600576215
17600576221
17600576586
17600576595
17600576670
17600576750
17600576815
17600576839
17600577219
17600577522
17600577683
17600577715
17600577956
17600578039
17600578078
17600578611
17600578690
17600578771
17600579029
17600579173
17600579833
17600590645
17600591492
17600591851
17600592495
17600596807
17600601062
17600601263
17600601362
17600601385
17600601537
17600601809
17600601873
17600601893
17600602307
17600602765
17600603103
17600603255
17600603367
17600603531
17600605179
17600605262
17600605271
17600606239
17600606295
17600606751
17600607056
17600607165
17600607213
17600607359
17600609622
17600609687
17600610231
17600610260
17600610650
17600610838
17600611381
17600611619
17600611623
17600611712
17600612096
17600612097
17600612098
17600612573
17600612787
17600615286
17600615560
17600615872
17600615956
17600615965
17600616113
17600616127
17600616187
17600617198
17600617236
17600617582
17600617589
17600617763
17600617821
17600617981
17600618072
17600618792
17600618871
17600619085
17600619195
17600619507
17600619808
17600620150
17600620171
17600620387
17600620597
17600620967
17600621033
17600621506
17600621651
17600622381
17600622385
17600622505
17600622508
17600622705
17600622850
17600623259
17600623391
17600623571
17600625931
17600626190
17600626309
17600627220
17600627513
17600627708
17600627926
17600627986
17600628089
17600628616
17600629781
17600635051
17600640358
17600640857
17600640963
17600641387
17600641390
17600641537
17600641590
17600641639
17600641691
17600641693
17600641703
17600641705
17600641871
17600642367
17600642375
17600642392
17600642693
17600642782
17600642871
17600642873
17600642975
17600643179
17600643267
17600643296
17600643591
17600643597
17600643670
17600643892
17600645069
17600645109
17600645713
17600645736
17600645738
17600646507
17600647087
17600647161
17600647163
17600647235
17600647252
17600647253
17600647392
17600647631
17600647803
17600647902
17600648207
17600648295
17600648392
17600648693
17600658937
17600661695
17600671285
17600671593
17600672237
17600672238
17600672783
17600673309
17600673537
17600673619
17600675019
17600677201
17600677593
17600678237
17600680162
17600680982
17600681527
17600681952
17600682387
17600683372
17600683380
17600683852
17600685091
17600685651
17600685890
17600686290
17600687072
17600687073
17600687560
17600687569
17600687665
17600688580
17600688961
17600689135
17600689382
17600689721
17600689731
17600690150
17600690206
17600690293
17600691270
17600691487
17600692125
17600692364
17600692606
17600692647
17600692743
17600693089
17600693093
17600693198
17600693462
17600693474
17600693510
17600693742
17600694076
17600694281
17600694358
17600694457
17600694653
17600694671
17600694675
17600694736
17600694752
17600694792
17600694952
17600695038
17600695347
17600695362
17600695680
17600695753
17600695834
17600695849
17600695907
17600696235
17600696715
17600696731
17600696823
17600696875
17600696937
17600697080
17600697181
17600697215
17600698354
17600698532
17600698594
17600699139
17600699156
17600699529
17600699756
17600701192
17600701650
17600702790
17600702981
17600705165
17600705376
17600705387
17600705908
17600706261
17600706598
17600708502
17600708692
17600709118
17600709680
17600721280
17600722961
17600723367
17600723517
17600723820
17600725038
17600725619
17600725760
17600734074
17600734138
17600734292
17600736194
17600736341
17600736344
17600736745
17600737034
17600737845
17600738254
17600738493
17600738649
17600741693
17600742735
17600742751
17600742953
17600742971
17600745383
17600746192
17600746970
17600747156
17600748193
17600748963
17600749162
17600749653
17600753097
17600758062
17600771509
17600771607
17600771809
17600772625
17600772808
17600772897
17600773023
17600773258
17600773293
17600773297
17600773632
17600775226
17600775857
17600775906
17600776062
17600776323
17600776713
17600777290
17600777851
17600778502
17600778620
17600778911
17600779360
17600780260
17600780935
17600781578
17600782082
17600782739
17600783202
17600783987
17600785029
17600785335
17600785372
17600786572
17600788137
17600788261
17600789951
17600792852
17600824694
17600829471
17600900265
17600901286
17600902556
17600902623
17600902702
17600902953
17600903025
17600903202
17600903512
17600903563
17600904972
17600905736
17600907250
17600908257
17600908790
17600909796
17600921698
17600923680
17600925370
17600925513
17600927239
17600927817
17600928072
17600928216
17600929395
17600940639
17600940890
17600941065
17600941167
17600943687
17600943962
17600943970
17600945268
17600945738
17600946132
17600947293
17600949603
17600950673
17600951290
17600953705
17600953722
17600953828
17600955985
17600956302
17600956706
17600957387
17600957532
17600958752
17600962657
17600971381
17600972103
17600972311
17600972852
17600972935
17600997130
17601031073
17601031373
17601031569
17601031790
17601031939
17601032075
17601032152
17601032568
17601033575
17601033612
17601035157
17601035182
17601035296
17601035375
17601035613
17601036207
17601036261
17601036290
17601036395
17601036610
17601036651
17601036723
17601036923
17601037305
17601037735
17601037833
17601038137
17601038231
17601038301
17601038307
17601039076
17601042875
17601042931
17601043253
17601043672
17601043857
17601043957
17601045317
17601045362
17601045393
17601045782
17601045792
17601046179
17601046257
17601046317
17601046675
17601046752
17601046937
17601046971
17601047091
17601047293
17601047328
17601047390
17601047592
17601047639
17601047691
17601047692
17601047937
17601047963
17601048035
17601048195
17601048291
17601048609
17601048952
17601048953
17601049132
17601049682
17601049713
17601060076
17601060255
17601060296
17601060939
17601060975
17601061291
17601061331
17601061382
17601061630
17601062076
17601062286
17601062501
17601062976
17601063168
17601063519
17601063539
17601063577
17601063755
17601063762
17601063819
17601063910
17601063985
17601065150
17601065390
17601065570
17601065707
17601066128
17601067178
17601067583
17601067592
17601067665
17601067863
17601068238
17601068310
17601068658
17601069013
17601069776
17601070038
17601070265
17601070391
17601070595
17601070835
17601070973
17601071061
17601071167
17601071175
17601071372
17601071562
17601071785
17601071963
17601072035
17601072135
17601072136
17601072271
17601072372
17601072600
17601072852
17601072992
17601073159
17601073256
17601073309
17601073515
17601073519
17601073586
17601073608
17601073616
17601073726
17601073807
17601073876
17601073916
17601075270
17601075308
17601075613
17601075636
17601075712
17601075898
17601075987
17601076065
17601076172
17601076395
17601076713
17601076853
17601077530
17601077620
17601078235
17601078380
17601078509
17601078572
17601078651
17601078716
17601079037
17601079120
17601079137
17601079250
17601079562
17601079603
17601079928
17601080153
17601080157
17601080236
17601080739
17601080778
17601080872
17601081060
17601081336
17601081563
17601081903
17601081927
17601081970
17601082269
17601082318
17601082351
17601082535
17601082597
17601082708
17601082853
17601083115
17601083189
17601083757
17601083851
17601085360
17601085379
17601085636
17601085671
17601085726
17601085763
17601086052
17601086076
17601086623
17601087151
17601087200
17601087335
17601087376
17601087381
17601087397
17601087508
17601087562
17601087579
17601087697
17601087832
17601088129
17601088191
17601088537
17601088676
17601088695
17601088707
17601089301
17601089361
17601089863
17601089930
17601090065
17601090293
17601090883
17601091026
17601091279
17601091322
17601091332
17601091370
17601091386
17601091528
17601091576
17601091612
17601091722
17601091773
17601091832
17601092395
17601092396
17601092573
17601092580
17601092698
17601092767
17601092795
17601093110
17601093590
17601093851
17601093972
17601095185
17601095319
17601095687
17601095957
17601095973
17601096191
17601096575
17601096773
17601096801
17601096908
17601097085
17601097151
17601097202
17601097366
17601097515
17601097630
17601098379
17601098708
17601099383
17601099780
17601099790
17601600178
17601600596
17601601261
17601601659
17601601896
17601602092
17601602532
17601602728
17601602769
17601602820
17601602983
17601603020
17601603151
17601603221
17601603295
17601603383
17601603398
17601603620
17601603697
17601603701
17601603950
17601605589
17601605713
17601606573
17601607969
17601608363
17601608992
17601623082
17601625053
17601629653
17601634437
17601635297
17601635571
17601635732
17601636207
17601636257
17601637915
17601639071
17610011172
17610011765
17610012061
17610012270
17610013056
17610013155
17610013650
17610015079
17610015169
17610015278
17610015381
17610016675
17610018027
17610018296
17610018655
17610018937
17610019235
17610019557
17610020276
17610020851
17610021308
17610021505
17610021535
17610021728
17610022076
17610022728
17610022739
17610022921
17610023228
17610023756
17610023802
17610023843
17610023913
17610023965
17610025292
17610025308
17610025782
17610025896
17610026285
17610026298
17610026551
17610026563
17610027767
17610027859
17610028137
17610028601
17610029577
17610035095
17610037386
17610037916
17610040259
17610040361
17610040575
17610040637
17610040652
17610040763
17610040791
17610040837
17610040892
17610041053
17610041087
17610041252
17610041291
17610041359
17610041396
17610041597
17610041851
17610041905
17610041932
17610042138
17610052937
17610053280
17610060662
17610060772
17610061835
17610061951
17610062032
17610062178
17610062392
17610062930
17610062986
17610062989
17610063215
17610065023
17610065662
17610065706
17610065760
17610066201
17610066280
17610066390
17610066717
17610066872
17610066910
17610066973
17610068235
17610068337
17610068653
17610068830
17610068892
17610069352
17610069790
17610079351
17610082963
17610083392
17610083935
17610085736
17610086295
17610087068
17610087153
17610088361
17610089781
17610090365
17610091528
17610092165
17610092862
17610093291
17610093529
17610095157
17610095927
17610097253
17610097530
17610097619
17610106375
17610107387
17610120981
17610121902
17610122269
17610122361
17610122539
17610122962
17610123739
17610123936
17610125181
17610126103
17610126207
17610126803
17610126815
17610127072
17610127276
17610127807
17610128732
17610129570
17610129858
17610130285
17610130536
17610131079
17610131767
17610132102
17610132259
17610132315
17610132363
17610132657
17610132805
17610133620
17610133679
17610135071
17610135887
17610136382
17610136691
17610137285
17610137329
17610137538
17610137783
17610138225
17610138696
17610138707
17610138731
17610138735
17610139972
17610140187
17610140289
17610140332
17610140378
17610140571
17610140579
17610140675
17610140735
17610140793
17610140951
17610140957
17610141092
17610141259
17610141382
17610141837
17610142051
17610142093
17610142135
17610142173
17610142309
17610142367
17610142375
17610142379
17610142576
17610142597
17610142605
17610142617
17610142693
17610142719
17610142730
17610142853
17610142950
17610142953
17610142983
17610143027
17610143059
17610143163
17610143207
17610143251
17610143260
17610143812
17610143893
17610145063
17610145312
17610145571
17610145763
17610146385
17610146970
17610146971
17610147952
17610148271
17610148332
17610148356
17610149132
17610167805
17610169572
17610175327
17610176308
17610179750
17610186163
17610196336
17610199807
17610207255
17610208673
17610217992
17610218792
17610219367
17610219859
17610229350
17610230806
17610230976
17610231537
17610231538
17610231583
17610231712
17610231782
17610232080
17610232261
17610232297
17610232329
17610235039
17610235366
17610235617
17610236185
17610236536
17610236756
17610236820
17610237059
17610237356
17610237371
17610237380
17610237560
17610239503
17610239660
17610250237
17610250579
17610250989
17610251293
17610252565
17610252775
17610252790
17610252873
17610253038
17610253065
17610253283
17610253296
17610253687
17610253707
17610253710
17610253726
17610255326
17610255392
17610255629
17610256072
17610256297
17610256575
17610257282
17610257623
17610257972
17610260687
17610260750
17610260962
17610261038
17610261183
17610261572
17610262086
17610262365
17610262989
17610263571
17610263578
17610263950
17610265132
17610265378
17610265578
17610265861
17610266771
17610266837
17610267138
17610267175
17610267875
17610268261
17610268561
17610268921
17610269067
17610269198
17610269651
17610269796
17610269815
17610269822
17610270092
17610270586
17610270661
17610270677
17610270893
17610271078
17610271556
17610271611
17610271875
17610272318
17610272326
17610272381
17610272575
17610272873
17610272972
17610273175
17610273198
17610273302
17610273312
17610273602
17610273665
17610273723
17610273727
17610273755
17610273902
17610273909
17610273981
17610275229
17610275375
17610275378
17610275538
17610275652
17610275662
17610275709
17610275887
17610275937
17610276071
17610276089
17610276093
17610276279
17610276301
17610276905
17610276919
17610277112
17610277361
17610277368
17610277533
17610277615
17610277695
17610277732
17610277873
17610277893
17610277995
17610278177
17610278178
17610278239
17610278583
17610279132
17610279152
17610279279
17610279562
17610279701
17610279925
17610285109
17610289835
17610290256
17610290306
17610290659
17610290755
17610290791
17610291053
17610291325
17610291360
17610291537
17610291637
17610291723
17610291752
17610291872
17610291898
17610292035
17610292116
17610292176
17610292208
17610292271
17610292351
17610292597
17610292667
17610292721
17610292768
17610293060
17610293072
17610293080
17610293250
17610293292
17610293507
17610293559
17610293710
17610293750
17610293839
17610293887
17610293891
17610293916
17610295012
17610295065
17610295122
17610295132
17610295263
17610295282
17610295377
17610295591
17610295719
17610295793
17610295810
17610295813
17610295872
17610295956
17610295997
17610296081
17610296085
17610296131
17610296151
17610296231
17610296232
17610296267
17610296282
17610296735
17610296752
17610296830
17610296853
17610296873
17610296976
17610296981
17610297016
17610297071
17610297127
17610297152
17610297167
17610297172
17610297179
17610297265
17610297330
17610297365
17610297562
17610297571
17610297577
17610297627
17610297703
17610297730
17610297759
17610297835
17610297863
17610297871
17610297872
17610297912
17610297956
17610298010
17610298073
17610298101
17610298227
17610298237
17610298276
17610298367
17610298375
17610298391
17610298593
17610298752
17610298759
17610299157
17610299205
17610299236
17610299287
17610299310
17610299357
17610299362
17610299563
17610299827
17610302158
17610305953
17610311653
17610312051
17610313069
17610313160
17610313267
17610313515
17610313708
17610315286
17610315927
17610316776
17610316778
17610316792
17610317157
17610318132
17610319211
17610319382
17610320671
17610320751
17610321289
17610321629
17610322506
17610322732
17610323018
17610323092
17610323591
17610323706
17610323710
17610323723
17610325182
17610325718
17610326927
17610326965
17610327062
17610327310
17610327589
17610327832
17610327915
17610328673
17610329022
17610329279
17610329325
17610329359
17610329619
17610329622
17610329651
17610329652
17610331316
17610331938
17610332786
17610332795
17610332869
17610333297
17610333905
17610337583
17610338397
17610339507
17610341875
17610351163
17610352870
17610352922
17610355685
17610356502
17610357352
17610358607
17610360039
17610360375
17610360551
17610360663
17610360828
17610361185
17610361301
17610361510
17610361885
17610362179
17610362895
17610363197
17610363512
17610363575
17610363601
17610363657
17610363729
17610363823
17610363870
17610363892
17610365033
17610365205
17610365217
17610365505
17610365626
17610366726
17610366827
17610367017
17610367820
17610367825
17610368120
17610368372
17610368522
17610368792
17610369025
17610370392
17610371513
17610373852
17610378071
17610379252
17610380287
17610380652
17610380658
17610380970
17610381103
17610381687
17610381751
17610382139
17610382573
17610382730
17610383087
17610383152
17610383171
17610383700
17610383817
17610385037
17610385512
17610385970
17610386120
17610386129
17610386750
17610386781
17610386783
17610387026
17610387510
17610387536
17610387537
17610387759
17610388302
17610388309
17610388690
17610389210
17610389265
17610389371
17610389695
17610389815
17610393202
17610393287
17610393351
17610393613
17610393803
17610395061
17610396026
17610396132
17610396196
17610396261
17610396596
17610396983
17610397131
17610398593
17610398705
17610398755
17610398819
17610399083
17610399203
17610399272
17610399625
17610399850
17610402825
17610408272
17610408980
17610410061
17610410763
17610412396
17610415257
17610416005
17610416226
17610416602
17610417660
17610418050
17610418775
17610419198
17610419557
17610426383
17610430178
17610430192
17610430235
17610430236
17610430251
17610430259
17610430285
17610430297
17610430370
17610430376
17610430381
17610430391
17610430532
17610430557
17610430575
17610430578
17610430638
17610430751
17610430780
17610430790
17610430795
17610430832
17610430852
17610430862
17610430873
17610430895
17610430957
17610430975
17610430981
17610431257
17610431270
17610431291
17610431359
17610431538
17610431657
17610431675
17610431695
17610431790
17610431872
17610431897
17610431935
17610432083
17610432132
17610432152
17610432167
17610432317
17610432373
17610432392
17610432397
17610432501
17610432539
17610432562
17610432583
17610432591
17610450335
17610451272
17610453079
17610453093
17610457102
17610458523
17610459830
17610459831
17610459937
17610460337
17610460387
17610460672
17610461337
17610461372
17610461531
17610461539
17610461562
17610461705
17610461778
17610462597
17610462703
17610462769
17610463151
17610463175
17610463209
17610463707
17610463709
17610463756
17610463783
17610463850
17610463973
17610463983
17610465092
17610465162
17610465263
17610465287
17610465370
17610465381
17610465571
17610465637
17610465761
17610465902
17610466013
17610467053
17610467573
17610467831
17610467937
17610468137
17610468370
17610468792
17610468951
17610469082
17610469103
17610469356
17610469370
17610469563
17610469657
17610469820
17610470276
17610470353
17610470379
17610470382
17610470538
17610470793
17610470852
17610470865
17610473481
17610475135
17610475139
17610475172
17610475280
17610475371
17610475375
17610475376
17610475385
17610475570
17610475571
17610475593
17610475638
17610475681
17610475691
17610475703
17610475706
17610475761
17610475783
17610475792
17610475857
17610475865
17610475872
17610475902
17610475906
17610475951
17610475971
17610475983
17610476013
17610476037
17610476059
17610476075
17610476082
17610476098
17610476193
17610476202
17610476230
17610476231
17610476253
17610476256
17610476270
17610476279
17610476291
17610476292
17610476295
17610476317
17610476337
17610476357
17610476501
17610476509
17610476510
17610476539
17610476573
17610476595
17610476671
17610476673
17610476705
17610476729
17610476739
17610476759
17610476791
17610476835
17610476852
17610476871
17610476873
17610476879
17610476893
17610476901
17610476915
17610476931
17610476932
17610476971
17610477016
17610477018
17610477053
17610477058
17610477061
17610477062
17610477063
17610477213
17610477261
17610477262
17610477281
17610477293
17610477302
17610477316
17610477350
17610477367
17610477371
17610477396
17610477513
17610477659
17610477692
17610477819
17610477851
17610477973
17610478031
17610478051
17610478103
17610478107
17610478150
17610478201
17610478207
17610478265
17610478275
17610478290
17610478301
17610478336
17610478352
17610478356
17610478537
17610478539
17610478561
17610478562
17610478579
17610478590
17610478591
17610478609
17610478693
17610478710
17610478732
17610478735
17610478739
17610478935
17610478951
17610478953
17610478963
17610479067
17610479073
17610479131
17610479160
17610479168
17610479207
17610479231
17610479253
17610479285
17610479305
17610479325
17610479335
17610479535
17610479560
17610479562
17610479576
17610479620
17610479683
17610479730
17610479753
17610479813
17610479827
17610479967
17610490172
17610490261
17610490283
17610490285
17610490291
17610490337
17610490373
17610490375
17610490578
17610490591
17610490595
17610490638
17610490675
17610490761
17610490781
17610490792
17610490795
17610490837
17610490871
17610491332
17610491353
17610491356
17610491393
17610491395
17610491396
17610491581
17610491592
17610491651
17610491713
17610491832
17610492052
17610492085
17610492156
17610492163
17610492169
17610492173
17610492190
17610492197
17610492215
17610492235
17610492257
17610492359
17610492361
17610492370
17610492375
17610492390
17610492509
17610492539
17610492576
17610492635
17610492637
17610492657
17610492675
17610492690
17610492713
17610492719
17610492751
17610492761
17610492762
17610492795
17610492803
17610492850
17610492875
17610492891
17610492915
17610492936
17610492970
17610492980
17610493183
17610493197
17610493250
17610493253
17610493257
17610493280
17610493285
17610493371
17610493501
17610493509
17610493585
17610493587
17610493592
17610493617
17610493752
17610493756
17610493795
17610493823
17610493831
17610493871
17610493876
17610493927
17610495079
17610495106
17610495130
17610495170
17610495273
17610495301
17610495305
17610495306
17610495372
17610495391
17610495392
17610495607
17610495613
17610495792
17610495835
17610495836
17610495870
17610495890
17610495892
17610495908
17610495937
17610496097
17610496132
17610496179
17610496183
17610496203
17610496257
17610496279
17610496290
17610496305
17610496379
17610496392
17610496507
17610496590
17610496701
17610496705
17610496713
17610496725
17610496762
17610496801
17610496853
17610496915
17610496932
17610496972
17610496983
17610496985
17610497023
17610497125
17610497136
17610497163
17610497165
17610497167
17610497183
17610497191
17610497203
17610497212
17610497213
17610497215
17610497239
17610497251
17610497256
17610497263
17610497307
17610497336
17610497362
17610497397
17610497503
17610497632
17610510232
17610510577
17610512367
17610512538
17610512639
17610512916
17610513052
17610513077
17610513306
17610515377
17610515576
17610515578
17610515650
17610515689
17610515709
17610515725
17610515872
17610516320
17610516853
17610517019
17610517362
17610517705
17610518162
17610518231
17610518512
17610518917
17610518979
17610519135
17610519170
17610519550
17610519893
17610522153
17610527713
17610531837
17610532100
17610532355
17610532769
17610532810
17610533216
17610533606
17610536272
17610536501
17610536502
17610536783
17610536870
17610537159
17610537221
17610537328
17610537371
17610538260
17610557831
17610561020
17610561039
17610561351
17610561783
17610561828
17610561876
17610562587
17610562762
17610562779
17610562851
17610562856
17610563073
17610563321
17610563581
17610563725
17610565157
17610565380
17610565771
17610565930
17610565980
17610566198
17610566891
17610567327
17610567361
17610567363
17610567922
17610567959
17610568200
17610568657
17610568835
17610568952
17610569087
17610569217
17610569371
17610569528
17610569622
17610569768
17610570179
17610570335
17610570572
17610571081
17610571170
17610571330
17610571770
17610571806
17610571875
17610571887
17610572053
17610572671
17610572916
17610573205
17610573207
17610573230
17610573512
17610573591
17610573620
17610573815
17610575880
17610575955
17610576197
17610576228
17610576271
17610577009
17610577069
17610577639
17610577931
17610578059
17610578320
17610578603
17610578697
17610579106
17610579370
17610579628
17610580159
17610580551
17610580739
17610581525
17610582023
17610582067
17610582702
17610583062
17610583275
17610583539
17610583578
17610585392
17610586132
17610586891
17610586919
17610586970
17610589739
17610590257
17610590773
17610591131
17610591161
17610591373
17610591569
17610591576
17610591969
17610592067
17610592368
17610592375
17610592381
17610592998
17610593057
17610593135
17610593856
17610595582
17610595700
17610595857
17610596015
17610596113
17610596729
17610596920
17610597327
17610597781
17610597858
17610598565
17610598735
17610598753
17610598830
17610599201
17610600372
17610601281
17610601301
17610601563
17610601621
17610601692
17610601765
17610602155
17610602275
17610602326
17610602550
17610602732
17610602791
17610602808
17610603102
17610603237
17610603255
17610603591
17610603596
17610603657
17610603772
17610603912
17610605056
17610605355
17610605685
17610605751
17610605781
17610605972
17610606015
17610606095
17610606130
17610606190
17610606357
17610606653
17610606982
17610607131
17610607685
17610607832
17610607933
17610607960
17610608238
17610608307
17610608569
17610608613
17610608982
17610609323
17610609529
17610609663
17610609713
17610609852
17610609975
17610612213
17610613687
17610615713
17610617637
17610621795
17610623395
17610623700
17610625912
17610628157
17610631171
17610631198
17610631312
17610631701
17610632131
17610632159
17610632730
17610632795
17610632912
17610632967
17610633516
17610633630
17610633637
17610633728
17610633926
17610635075
17610635089
17610635622
17610635876
17610636009
17610636232
17610636238
17610636325
17610636512
17610636612
17610636719
17610636772
17610637507
17610637717
17610638095
17610638153
17610638235
17610638237
17610638565
17610638591
17610639301
17610639613
17610639692
17610639798
17610670109
17610670387
17610670832
17610670855
17610672119
17610672339
17610672812
17610672838
17610673019
17610673596
17610673751
17610673891
17610675390
17610675396
17610675509
17610675575
17610675873
17610675916
17610675981
17610676012
17610676082
17610676179
17610676750
17610676907
17610677026
17610678175
17610678231
17610679539
17610680076
17610680237
17610680277
17610680359
17610680928
17610681536
17610681731
17610681913
17610682032
17610682181
17610682252
17610682286
17610682310
17610682397
17610682756
17610682863
17610683202
17610683679
17610683733
17610683783
17610685198
17610685390
17610685691
17610685828
17610686108
17610686192
17610686597
17610686731
17610687011
17610687278
17610687281
17610687723
17610687865
17610688078
17610688615
17610688673
17610689562
17610689602
17610689659
17610689778
17610689929
17610689952
17610690287
17610690359
17610690663
17610690753
17610690761
17610691385
17610691906
17610692093
17610692097
17610692519
17610692657
17610692700
17610692902
17610693130
17610693863
17610695082
17610695172
17610695261
17610697250
17610698176
17610699537
17610699835
17610705302
17610709387
17610710386
17610711755
17610712827
17610715158
17610715631
17610716522
17610716721
17610717927
17610718621
17610718680
17610719809
17610719923
17610720176
17610720650
17610720882
17610720976
17610721372
17610721571
17610721596
17610722083
17610722509
17610722582
17610722592
17610723317
17610723320
17610723361
17610723530
17610723590
17610723981
17610725072
17610725153
17610725336
17610725591
17610725690
17610725803
17610725812
17610726525
17610726635
17610726757
17610726758
17610726776
17610726801
17610726927
17610727160
17610727168
17610727178
17610727223
17610727268
17610727289
17610727597
17610727798
17610728203
17610728330
17610728550
17610728609
17610728938
17610728995
17610729160
17610729215
17610729759
17610729763
17610730379
17610730397
17610731513
17610731792
17610731853
17610732029
17610732975
17610733216
17610735082
17610735271
17610735601
17610735681
17610735908
17610736279
17610736281
17610736297
17610736801
17610737396
17610737906
17610738028
17610738133
17610738151
17610738191
17610738301
17610738362
17610738875
17610738927
17610739039
17610739367
17610739863
17610740135
17610740159
17610740236
17610740237
17610740238
17610740239
17610740256
17610740259
17610740267
17610740285
17610740293
17610740297
17610740339
17610740351
17610740368
17610740571
17610740579
17610740589
17610740597
17610740631
17610740638
17610740639
17610740679
17610740695
17610740735
17610740795
17610740835
17610740837
17610740862
17610740865
17610740897
17610740952
17610740960
17610740967
17610740983
17610741331
17610750363
17610750551
17610750651
17610750882
17610750891
17610751273
17610751290
17610751322
17610751538
17610751623
17610752112
17610752265
17610752915
17610753132
17610753225
17610753253
17610753297
17610753592
17610753797
17610753880
17610755260
17610755653
17610755782
17610755890
17610756030
17610756172
17610756292
17610756302
17610756332
17610756790
17610756795
17610756931
17610757096
17610757127
17610757201
17610757327
17610757391
17610757923
17610758101
17610758332
17610758367
17610758770
17610759075
17610759106
17610759353
17610759617
17610759718
17610759950
17610759971
17610760561
17610762182
17610763897
17610765162
17610765751
17610765753
17610766139
17610766572
17610770020
17610770109
17610770186
17610770280
17610770293
17610770589
17610770638
17610770839
17610770863
17610770931
17610771035
17610771061
17610771265
17610771286
17610771536
17610771590
17610771683
17610771903
17610772180
17610772306
17610772398
17610772591
17610772616
17610773085
17610773150
17610773162
17610773391
17610773559
17610773632
17610773697
17610773802
17610775267
17610775283
17610775602
17610775619
17610775927
17610776062
17610776081
17610776390
17610776793
17610776917
17610777857
17610777872
17610778226
17610778538
17610778560
17610778658
17610778772
17610778891
17610779193
17610779235
17610779381
17610779650
17610779867
17610779915
17610780231
17610780255
17610780385
17610780389
17610780832
17610781031
17610781065
17610781287
17610781622
17610781931
17610782278
17610782359
17610782363
17610782506
17610783278
17610783363
17610783393
17610783651
17610783732
17610783902
17610785276
17610785281
17610785337
17610785769
17610785920
17610786061
17610786200
17610787085
17610787106
17610787622
17610787686
17610787736
17610787956
17610788067
17610788298
17610788382
17610788682
17610788791
17610788967
17610789162
17610789739
17610789771
17610792653
17610792983
17610793027
17610793581
17610793807
17610795235
17610796973
17610797162
17610798053
17610799230
17610800235
17610800296
17610800385
17610800565
17610800639
17610800673
17610801623
17610801639
17610801783
17610802363
17610802582
17610802771
17610803059
17610803072
17610803078
17610803106
17610803186
17610803380
17610803601
17610805387
17610806381
17610806673
17610806695
17610807106
17610807156
17610807179
17610807237
17610807239
17610807396
17610807907
17610807920
17610808529
17610808536
17610809705
17610809720
17610809735
17610810187
17610810960
17610811263
17610811295
17610811622
17610811852
17610811963
17610812303
17610812367
17610812871
17610812906
17610812912
17610813138
17610813158
17610813193
17610813253
17610813387
17610813523
17610813580
17610813602
17610813703
17610813715
17610813753
17610813763
17610813971
17610815067
17610815179
17610815195
17610815562
17610815590
17610815852
17610815855
17610815867
17610816093
17610816278
17610816532
17610816579
17610816631
17610816670
17610816702
17610816733
17610816817
17610817013
17610817253
17610817258
17610817308
17610817326
17610817560
17610817607
17610817836
17610818037
17610818225
17610818316
17610819135
17610819280
17610819572
17610819597
17610819703
17610819981
17610820095
17610820951
17610821390
17610821891
17610821903
17610821905
17610821936
17610822173
17610822321
17610823132
17610823272
17610823296
17610823393
17610825593
17610826073
17610826105
17610826293
17610826867
17610827025
17610827152
17610827805
17610828707
17610829037
17610829133
17610831362
17610832115
17610832125
17610832535
17610833915
17610835330
17610835387
17610837236
17610837581
17610837632
17610837859
17610838087
17610838093
17610838136
17610838912
17610838919
17610839572
17610841539
17610842351
17610845270
17610845950
17610846376
17610846539
17610846837
17610847105
17610847671
17610847713
17610847903
17610847978
17610848061
17610848079
17610848206
17610848982
17610849557
17610849681
17610850783
17610851923
17610852133
17610852317
17610852655
17610853659
17610853731
17610853983
17610856183
17610857130
17610858160
17610859612
17610859863
17610862216
17610863590
17610866250
17610867550
17610867569
17610868287
17610868327
17610871306
17610871890
17610872186
17610872382
17610872703
17610873076
17610873295
17610873960
17610875226
17610876185
17610876295
17610876712
17610877187
17610877827
17610878106
17610878931
17610879337
17610879675
17610880656
17610881057
17610881257
17610882310
17610883021
17610883853
17610885631
17610886771
17610891051
17610891385
17610892071
17610892896
17610893395
17610893865
17610895109
17610896371
17610897085
17610897191
17610898310
17610899227
17610901329
17610901355
17610901536
17610901792
17610901920
17610902131
17610902639
17610902675
17610902738
17610902953
17610903103
17610903508
17610903509
17610903633
17610903736
17610903916
17610905192
17610905726
17610905892
17610905962
17610905982
17610906073
17610906297
17610906337
17610906761
17610906872
17610907139
17610907661
17610907802
17610907952
17610908391
17610908587
17610909873
17610913187
17610913655
17610913683
17610913739
17610913850
17610913851
17610915796
17610916083
17610916259
17610916739
17610917680
17610919379
17610919962
17610920152
17610920378
17610920879
17610921089
17610921535
17610921590
17610921686
17610921879
17610921939
17610922130
17610922516
17610922531
17610922677
17610922896
17610923073
17610923102
17610923108
17610923156
17610923196
17610923395
17610923606
17610923609
17610923692
17610923738
17610923760
17610925067
17610925517
17610925703
17610925717
17610925753
17610926272
17610926278
17610926783
17610926809
17610926908
17610927159
17610927182
17610927598
17610927760
17610927815
17610927982
17610928529
17610928530
17610928552
17610928720
17610928779
17610929025
17610929162
17610929532
17610929719
17610930165
17610931297
17610931823
17610931838
17610932350
17610932837
17610933265
17610933515
17610933853
17610933891
17610935287
17610935671
17610936285
17610936352
17610936978
17610937738
17610938095
17610938291
17610939307
17610939768
17610939892
17610950083
17610950295
17610950877
17610951526
17610951557
17610951657
17610951770
17610951812
17610951871
17610952152
17610952279
17610952650
17610952651
17610952720
17610952990
17610953153
17610953270
17610953303
17610953587
17610953797
17610953798
17610953829
17610953968
17610953980
17610955073
17610955129
17610955187
17610955258
17610955608
17610955823
17610955953
17610955961
17610956013
17610956306
17610956551
17610956653
17610956809
17610956938
17610957062
17610957109
17610957820
17610957859
17610957860
17610957912
17610958125
17610958137
17610958229
17610958600
17610958687
17610958729
17610958803
17610958933
17610959137
17610959261
17610959656
17610959762
17610959931
17610960139
17610960235
17610960393
17610960571
17610961253
17610961380
17610961632
17610961821
17610961922
17610962136
17610962552
17610962779
17610962912
17610963258
17610963298
17610963579
17610963625
17610963705
17610963751
17610963831
17610963950
17610966208
17610966373
17610966398
17610967105
17610967370
17610967658
17610968053
17610968763
17610969023
17610969225
17610969237
17610969360
17610969750
17610970370
17610970585
17610971592
17610971683
17610972369
17610973617
17610973632
17610975739
17610976320
17610976731
17610976839
17610979220
17610979381
17610980159
17610980295
17610980318
17610980965
17610981169
17610981619
17610981970
17610982260
17610982301
17610982373
17610983372
17610983759
17610983770
17610983775
17610985135
17610985226
17610985236
17610985391
17610985530
17610985721
17610986571
17610986756
17610986823
17610987109
17610987189
17610987327
17610987369
17610987539
17610987692
17610987703
17610987967
17610988131
17610988221
17610988239
17610988257
17610988537
17610988703
17610989362
17610989383
17610989398
17610989665
17610989720
17610990653
17610991135
17610991632
17610993157
17610995351
17610996377
17610997213
17610997925
17611002157
17611002583
17611006130
17611012197
17611012236
17611012573
17611012635
17611013558
17611013712
17611013787
17611015719
17611016090
17611016605
17611017618
17611018635
17611019250
17611021253
17611023187
17611023310
17611023591
17611023605
17611023652
17611025053
17611025538
17611025780
17611026183
17611026356
17611026371
17611026807
17611027069
17611027137
17611027276
17611027519
17611027563
17611030632
17611031739
17611032185
17611032536
17611032786
17611033295
17611033901
17611035091
17611035632
17611035691
17611036195
17611036308
17611036597
17611036670
17611036713
17611036916
17611037206
17611037259
17611037509
17611037967
17611038063
17611038272
17611038320
17611038658
17611038675
17611039028
17611039722
17611040809
17611050187
17611050339
17611050378
17611050538
17611050638
17611050687
17611050692
17611050878
17611051291
17611051672
17611051827
17611052091
17611052338
17611052371
17611052853
17611052873
17611052936
17611052960
17611053203
17611053278
17611053508
17611053575
17611053637
17611053721
17611053762
17611053913
17611053950
17611055357
17611055371
17611055726
17611055756
17611055815
17611055910
17611055980
17611056082
17611056091
17611056115
17611056116
17611056129
17611056607
17611056937
17611056995
17611057092
17611057120
17611057155
17611057212
17611057236
17611057308
17611057320
17611057338
17611057358
17611057392
17611057626
17611057725
17611057737
17611057907
17611057953
17611057976
17611058072
17611058189
17611058582
17611058750
17611058778
17611058832
17611058959
17611059169
17611059887
17611070152
17611070153
17611070259
17611070798
17611071003
17611071251
17611071253
17611071321
17611071565
17611071571
17611071715
17611071730
17611071732
17611071890
17611071933
17611071968
17611072353
17611072681
17611072790
17611072822
17611072995
17611073135
17611073176
17611073656
17611073711
17611073875
17611075085
17611075311
17611075502
17611075595
17611075597
17611075609
17611075698
17611075798
17611075857
17611075882
17611075996
17611076067
17611076112
17611076187
17611076207
17611076327
17611076339
17611076619
17611076687
17611076763
17611077012
17611077013
17611077659
17611077735
17611078029
17611078081
17611079770
17611082539
17611082915
17611083153
17611100853
17611101312
17611101319
17611101781
17611103183
17611105391
17611105530
17611105720
17611106905
17611107696
17611107893
17611108727
17611108793
17611108915
17611130076
17611130351
17611130677
17611130781
17611131328
17611131669
17611132135
17611132385
17611132552
17611132638
17611133758
17611135372
17611135392
17611135702
17611135863
17611136205
17611136318
17611136506
17611136851
17611136907
17611136972
17611137153
17611137619
17611137732
17611137961
17611138051
17611138232
17611138606
17611138637
17611139010
17611139082
17611139115
17611139378
17611139793
17611139802
17611139861
17611140179
17611140780
17611141355
17611141882
17611142365
17611142572
17611142796
17611142813
17611142827
17611143981
17611145708
17611146179
17611146832
17611147037
17611147052
17611147073
17611147209
17611147265
17611147956
17611148009
17611148533
17611148536
17611148676
17611148795
17611148879
17611149012
17611149152
17611149825
17611170172
17611170578
17611171138
17611171325
17611171578
17611171809
17611172160
17611172196
17611172509
17611172636
17611172897
17611172902
17611172907
17611173257
17611173289
17611173507
17611173658
17611175039
17611175703
17611175713
17611176298
17611176308
17611176763
17611176852
17611176902
17611178150
17611178209
17611178570
17611178729
17611179068
17611179352
17611179539
17611179920
17611190083
17611190580
17611190792
17611190796
17611191826
17611191837
17611192080
17611192280
17611192328
17611192731
17611193231
17611193762
17611193852
17611196037
17611196331
17611196351
17611196826
17611196905
17611197568
17611198081
17611198192
17611198335
17611199683
17611200192
17611200361
17611200371
17611200862
17611201012
17611201065
17611201525
17611201656
17611201702
17611201893
17611201978
17611202087
17611202135
17611202595
17611202698
17611202852
17611203091
17611203182
17611203226
17611203536
17611203718
17611203739
17611203909
17611205710
17611205923
17611206731
17611206809
17611207105
17611207215
17611207323
17611207590
17611207951
17611208051
17611208357
17611208832
17611208965
17611208976
17611208981
17611209073
17611209182
17611209183
17611209207
17611209286
17611209695
17611209986
17611210167
17611210536
17611210883
17611211063
17611211870
17611212603
17611212682
17611213187
17611213391
17611213539
17611213823
17611213902
17611215295
17611215330
17611215621
17611215707
17611216835
17611217219
17611217265
17611217523
17611217697
17611217827
17611217952
17611218096
17611218269
17611218930
17611218962
17611219003
17611219253
17611219572
17611220179
17611220619
17611220689
17611221192
17611221752
17611221908
17611222102
17611222505
17611222729
17611222875
17611222906
17611223080
17611223760
17611223782
17611223795
17611223958
17611226017
17611226103
17611226112
17611226952
17611227295
17611227581
17611227862
17611227870
17611227976
17611228529
17611228615
17611228676
17611228957
17611229005
17611229059
17611229135
17611229375
17611229382
17611230781
17611230792
17611231589
17611231790
17611232036
17611232061
17611232087
17611232537
17611232803
17611232916
17611233626
17611233837
17611235032
17611235053
17611235176
17611235228
17611235506
17611235769
17611235898
17611235919
17611235967
17611236791
17611236863
17611236970
17611236972
17611236976
17611237016
17611237051
17611237069
17611237101
17611237130
17611237533
17611237813
17611238098
17611238130
17611238159
17611238275
17611238675
17611238767
17611240138
17611240639
17611240761
17611240762
17611240768
17611240892
17611240967
17611241035
17611241270
17611241578
17611241601
17611241706
17611241892
17611241935
17611241951
17611242378
17611242503
17611242571
17611242592
17611242652
17611242670
17611242675
17611242691
17611242781
17611242863
17611242871
17611242938
17611242953
17611242970
17611243039
17611243085
17611243170
17611243172
17611243195
17611243367
17611243387
17611243578
17611243582
17611243590
17611243623
17611243713
17611243716
17611243719
17611243758
17611243790
17611243831
17611243870
17611243871
17611243953
17611243978
17611245037
17611245085
17611245139
17611245172
17611245273
17611245309
17611245602
17611245620
17611245651
17611245703
17611245871
17611245936
17611245938
17611245975
17611246057
17611246139
17611246172
17611246259
17611246272
17611246276
17611246376
17611246381
17611246691
17611246759
17611246973
17611246975
17611246976
17611246977
17611246982
17611247139
17611247239
17611247259
17611247261
17611247268
17611247359
17611247363
17611247397
17611247502
17611247623
17611247631
17611247683
17611247756
17611247923
17611247937
17611248098
17611248137
17611248172
17611248265
17611248279
17611248292
17611248565
17611248731
17611248769
17611248835
17611248937
17611249035
17611249057
17611249065
17611249073
17611249076
17611249078
17611249163
17611249170
17611249203
17611249220
17611249236
17611249271
17611249275
17611249336
17611249562
17611249673
17611249683
17611249723
17611249727
17611249729
17611249829
17611249917
17611249938
17611250052
17611250619
17611250771
17611250987
17611251382
17611251593
17611251657
17611251721
17611251726
17611251801
17611251819
17611252390
17611252930
17611253085
17611253362
17611253687
17611253797
17611253865
17611253953
17611255215
17611255239
17611255295
17611255657
17611255819
17611255937
17611256092
17611256200
17611256322
17611256579
17611256597
17611256887
17611257002
17611257029
17611257091
17611257233
17611257237
17611257289
17611257306
17611257316
17611257336
17611257553
17611257631
17611257635
17611257793
17611257826
17611257852
17611257958
17611258262
17611258296
17611258328
17611258703
17611259010
17611259376
17611260251
17611261308
17611261820
17611261902
17611262593
17611262875
17611263121
17611263137
17611263257
17611265352
17611265681
17611265713
17611265870
17611265981
17611266297
17611266375
17611266793
17611267118
17611267127
17611267165
17611267229
17611267261
17611267936
17611268027
17611268692
17611269173
17611269287
17611269780
17611269829
17611269852
17611270078
17611270209
17611270772
17611271083
17611271157
17611271609
17611271621
17611271835
17611271957
17611272053
17611272089
17611272131
17611272366
17611272582
17611272612
17611272871
17611272908
17611273060
17611273386
17611273525
17611275106
17611275112
17611275367
17611275383
17611275399
17611275603
17611275821
17611275996
17611276038
17611276250
17611276528
17611276759
17611277319
17611277321
17611277653
17611277875
17611278059
17611279115
17611279230
17611280296
17611280685
17611281033
17611281039
17611281338
17611281627
17611282320
17611282351
17611282653
17611283057
17611283121
17611285571
17611285786
17611286902
17611287233
17611287351
17611287781
17611288367
17611289067
17611289233
17611289301
17611289352
17611289370
17611289625
17611289823
17611290158
17611290753
17611290795
17611291063
17611291075
17611291091
17611291331
17611291376
17611291582
17611291723
17611291797
17611292531
17611292755
17611292836
17611293025
17611293073
17611293538
17611293631
17611293650
17611293780
17611293781
17611293920
17611293938
17611295077
17611295332
17611295355
17611295502
17611295780
17611295790
17611295793
17611295857
17611295976
17611296011
17611296022
17611296303
17611296557
17611296559
17611296917
17611296920
17611297227
17611297236
17611297353
17611297763
17611298360
17611298381
17611298392
17611298691
17611299237
17611299513
17611299628
17611310168
17611310172
17611310392
17611310689
17611311275
17611311801
17611311807
17611312506
17611312507
17611312551
17611312653
17611312720
17611312787
17611312986
17611313067
17611313158
17611313205
17611313719
17611313757
17611313977
17611315026
17611315301
17611315580
17611315756
17611315852
17611315891
17611316162
17611316205
17611316573
17611316587
17611317078
17611317150
17611317225
17611317296
17611317683
17611317781
17611317926
17611317990
17611318039
17611318061
17611318133
17611318320
17611318570
17611318732
17611319073
17611319296
17611319323
17611319335
17611319336
17611319577
17611319681
17611319960
17611340361
17611340536
17611340865
17611341782
17611342607
17611343801
17611346371
17611346507
17611346721
17611347351
17611347561
17611347591
17611348356
17611348371
17611348637
17611349203
17611349325
17611349651
17611352819
17611353621
17611357301
17611357685
17611358183
17611359250
17611360293
17611360323
17611360558
17611360698
17611360773
17611361232
17611361270
17611361310
17611361576
17611361587
17611361712
17611361772
17611362506
17611362533
17611362609
17611362850
17611363055
17611363109
17611363709
17611363760
17611363963
17611365279
17611365629
17611365758
17611366116
17611367031
17611367398
17611367828
17611368711
17611369131
17611369275
17611369605
17611369925
17611370067
17611370370
17611372622
17611372627
17611372956
17611373038
17611373368
17611373516
17611373581
17611373639
17611373803
17611375101
17611375282
17611375385
17611375751
17611375889
17611375987
17611376106
17611376173
17611376639
17611376993
17611377553
17611377623
17611377739
17611377807
17611377822
17611377865
17611377915
17611377975
17611377998
17611378311
17611378367
17611378373
17611378375
17611378683
17611378712
17611378736
17611378879
17611378921
17611379079
17611379098
17611379139
17611379160
17611379530
17611379576
17611379711
17611379851
17611380182
17611390355
17611390633
17611390787
17611391156
17611391587
17611391825
17611392236
17611392315
17611392337
17611392362
17611392872
17611393190
17611393257
17611393365
17611393570
17611393705
17611393821
17611393859
17611395320
17611395338
17611395690
17611395737
17611395820
17611396387
17611396725
17611396733
17611396750
17611396892
17611397038
17611397165
17611397253
17611397533
17611397539
17611397856
17611397880
17611397973
17611398153
17611398519
17611398602
17611398607
17611398633
17611398698
17611399126
17611399157
17611399335
17611399692
17611400207
17611400351
17611400651
17611400936
17611401360
17611401372
17611401587
17611401830
17611401856
17611401875
17611402095
17611402332
17611402350
17611402362
17611402383
17611402506
17611402683
17611402716
17611402739
17611402756
17611402787
17611402908
17611402970
17611403513
17611403516
17611403585
17611403587
17611403759
17611403835
17611403871
17611405125
17611405306
17611405350
17611405512
17611405752
17611405893
17611405903
17611406016
17611406295
17611406719
17611406807
17611406872
17611406875
17611406902
17611406975
17611406976
17611406983
17611407062
17611407159
17611407397
17611407553
17611407558
17611407560
17611407703
17611407780
17611407962
17611408005
17611408156
17611408297
17611408562
17611408691
17611408953
17611409062
17611409225
17611409320
17611409695
17611410551
17611411267
17611412289
17611412698
17611412762
17611412891
17611413273
17611413580
17611413592
17611415292
17611415603
17611415795
17611415927
17611417372
17611418616
17611418632
17611418912
17611418968
17611420381
17611420683
17611420752
17611421570
17611421893
17611422302
17611423185
17611423256
17611423391
17611423893
17611425538
17611426573
17611427039
17611427062
17611427183
17611427265
17611427951
17611428215
17611428362
17611429259
17611429517
17611429607
17611429635
17611429653
17611429852
17611435317
17611435739
17611437639
17611438705
17611438730
17611439650
17611450253
17611450573
17611452837
17611453875
17611455251
17611456125
17611457135
17611457510
17611457827
17611458367
17611459773
17611461298
17611461359
17611461381
17611461578
17611461673
17611462207
17611462381
17611462560
17611462861
17611462865
17611463139
17611463187
17611463376
17611463580
17611463830
17611465192
17611466582
17611466753
17611467023
17611467210
17611467329
17611467801
17611467806
17611467991
17611468216
17611468639
17611469201
17611469371
17611469552
17611469570
17611469757
17611469762
17611481903
17611485617
17611485692
17611485703
17611485706
17611485739
17611485780
17611485782
17611485837
17611485926
17611485970
17611485976
17611486035
17611486053
17611486072
17611486175
17611486179
17611486182
17611486237
17611486290
17611486297
17611486572
17611486582
17611486702
17611486731
17611486732
17611486903
17611486923
17611486952
17611486953
17611486967
17611486975
17611487015
17611487039
17611487061
17611487091
17611487103
17611487196
17611487257
17611487265
17611487351
17611487529
17611487563
17611487607
17611487682
17611487903
17611487951
17611487953
17611488392
17611488971
17611488973
17611489015
17611489051
17611489053
17611489065
17611489236
17611489305
17611489582
17611489651
17611489682
17611489750
17611490297
17611490367
17611490397
17611490539
17611490582
17611490592
17611490632
17611490832
17611490851
17611490865
17611490972
17611491052
17611491075
17611491082
17611491398
17611491503
17611491532
17611491561
17611491576
17611491579
17611491657
17611491673
17611491692
17611491782
17611491802
17611491805
17611491871
17611492260
17611492371
17611492397
17611492539
17611492553
17611492609
17611492657
17611492791
17611492871
17611493081
17611493138
17611493185
17611493253
17611493603
17611493681
17611493683
17611493697
17611493703
17611493709
17611493735
17611493782
17611493861
17611493876
17611493891
17611493892
17611493898
17611493965
17611493967
17611493985
17611493989
17611495023
17611495027
17611495031
17611495067
17611495072
17611495086
17611495092
17611495167
17611495171
17611495267
17611495296
17611495596
17611495709
17611495792
17611495807
17611495937
17611495962
17611495982
17611496017
17611496037
17611496039
17611496051
17611496052
17611496130
17611496260
17611496278
17611496350
17611496372
17611496373
17611496378
17611496395
17611496532
17611496570
17611496591
17611496723
17611496752
17611496753
17611496850
17611496891
17611496932
17611496951
17611497083
17611497106
17611497122
17611497138
17611497162
17611497183
17611497187
17611497195
17611497237
17611497305
17611497306
17611497326
17611497351
17611497358
17611497363
17611497371
17611497381
17611497382
17611497390
17611497393
17611497582
17611497605
17611497830
17611497862
17611497905
17611497906
17611497910
17611497925
17611498019
17611498052
17611498065
17611498102
17611498137
17611498253
17611498295
17611498327
17611498339
17611498373
17611498501
17611498571
17611498572
17611498673
17611498675
17611498702
17611498752
17611498772
17611498776
17611498957
17611498975
17611499017
17611499165
17611499170
17611499381
17611499689
17611499731
17611499783
17611500553
17611500795
17611502937
17611503196
17611503775
17611508236
17611509950
17611510153
17611510283
17611510932
17611511658
17611511870
17611512615
17611512762
17611512962
17611513229
17611513292
17611513365
17611513396
17611513526
17611513527
17611513710
17611513728
17611515680
17611515792
17611515897
17611516103
17611516331
17611516535
17611516673
17611516701
17611516791
17611516915
17611516965
17611517201
17611517312
17611517682
17611518038
17611518565
17611518731
17611518958
17611519086
17611519318
17611519577
17611520063
17611521379
17611521605
17611521805
17611521897
17611522359
17611522773
17611522821
17611523072
17611523295
17611523326
17611523671
17611523773
17611523857
17611525027
17611525037
17611525130
17611525137
17611525637
17611525968
17611526150
17611526173
17611526218
17611526368
17611526515
17611526993
17611527905
17611527962
17611528017
17611528075
17611528079
17611528179
17611528278
17611528850
17611528921
17611529081
17611529238
17611529526
17611529657
17611529768
17611529817
17611530037
17611530150
17611530806
17611530833
17611530837
17611531192
17611531556
17611531596
17611531657
17611531672
17611531792
17611531820
17611532078
17611532572
17611532585
17611532618
17611533070
17611533616
17611533676
17611533680
17611533917
17611533936
17611535309
17611535336
17611535816
17611535829
17611535875
17611535972
17611536036
17611536189
17611536292
17611536716
17611537026
17611537090
17611537259
17611537389
17611537703
17611537713
17611537925
17611538183
17611538310
17611538357
17611538892
17611539033
17611539286
17611539357
17611539367
17611539556
17611539601
17611539625
17611539759
17611539909
17611539963
17611540536
17611540563
17611540579
17611540683
17611540787
17611540796
17611540897
17611540975
17611541035
17611541065
17611541160
17611541283
17611541532
17611541539
17611541556
17611541579
17611541595
17611541652
17611541672
17611541679
17611542162
17611542167
17611542185
17611542352
17611542373
17611542380
17611542586
17611542597
17611542709
17611542723
17611542730
17611542731
17611542735
17611542760
17611542763
17611542783
17611542792
17611542793
17611542901
17611542902
17611542907
17611542951
17611542957
17611542965
17611542967
17611542973
17611543072
17611543150
17611543580
17611543590
17611543591
17611543593
17611543603
17611543657
17611543705
17611543761
17611543785
17611543807
17611543867
17611543872
17611543873
17611543890
17611543896
17611543906
17611543951
17611543971
17611545063
17611545068
17611545073
17611545109
17611545179
17611545381
17611545382
17611545532
17611545602
17611545706
17611545723
17611545809
17611545903
17611545981
17611546027
17611546135
17611546182
17611546203
17611546251
17611546267
17611546293
17611546392
17611546530
17611546531
17611546573
17611546659
17611546710
17611546825
17611546870
17611546915
17611546935
17611546973
17611548702
17611549019
17611549116
17611549262
17611549620
17611549637
17611549870
17611560193
17611560680
17611560761
17611561285
17611561390
17611561790
17611562369
17611563350
17611563768
17611563872
17611563932
17611565177
17611565213
17611566192
17611566392
17611566793
17611566821
17611567210
17611567811
17611568095
17611568128
17611568253
17611569017
17611569203
17611569265
17611569363
17611569510
17611576903
17611578965
17611579165
17611581370
17611582581
17611587032
17611590069
17611590372
17611590573
17611590778
17611590852
17611590932
17611591079
17611591097
17611591135
17611591320
17611591399
17611591562
17611591652
17611591723
17611591758
17611591783
17611591790
17611592106
17611592321
17611592327
17611592597
17611592630
17611592837
17611592851
17611593115
17611593301
17611593775
17611593790
17611593807
17611593876
17611595329
17611595358
17611595532
17611595570
17611595712
17611595772
17611595807
17611595905
17611596159
17611596177
17611596193
17611596385
17611596505
17611596518
17611596557
17611596751
17611596763
17611596835
17611596913
17611597032
17611597096
17611597155
17611597172
17611597815
17611597821
17611597862
17611597952
17611598012
17611598216
17611598238
17611598301
17611598313
17611598397
17611598563
17611598609
17611598773
17611598835
17611599032
17611599712
17611599713
17611599785
17611599801
17611599831
17611599952
17611600171
17611600182
17611600613
17611600751
17611600786
17611602032
17611602156
17611602189
17611602556
17611602670
17611602801
17611603298
17611603682
17611603867
17611603918
17611603990
17611605253
17611605329
17611605357
17611605798
17611605807
17611606031
17611606538
17611606836
17611606891
17611606978
17611607180
17611607195
17611607250
17611607306
17611607319
17611607393
17611608535
17611608673
17611608773
17611609155
17611609171
17611609313
17611609361
17611609535
17611609557
17611630255
17611630272
17611630557
17611631261
17611631290
17611631371
17611631875
17611631879
17611631893
17611632257
17611632356
17611632387
17611632568
17611632952
17611633260
17611635168
17611635861
17611636595
17611636638
17611637032
17611637037
17611637517
17611637708
17611638321
17611639367
17611639377
17611639592
17611640695
17611640699
17611640897
17611640981
17611641098
17611641706
17611641902
17611642189
17611642609
17611642769
17611643080
17611643652
17611645198
17611645316
17611645562
17611645723
17611646072
17611646079
17611647077
17611647206
17611647235
17611647257
17611647323
17611647502
17611647532
17611647535
17611647765
17611647786
17611647968
17611648931
17611649018
17611649338
17611649529
17611649757
17611649766
17611649832
17611649956
17611653626
17611656923
17611660795
17611660967
17611661798
17611661928
17611662302
17611662867
17611662913
17611662951
17611663113
17611663220
17611663592
17611663752
17611663926
17611665280
17611665391
17611666505
17611666703
17611667037
17611667089
17611667386
17611668238
17611668630
17611669037
17611669059
17611669152
17611669283
17611669825
17611669857
17611670167
17611670189
17611670352
17611671069
17611671079
17611671289
17611671326
17611671561
17611671791
17611671795
17611671837
17611672036
17611672103
17611672179
17611672297
17611672509
17611672623
17611672719
17611672963
17611672975
17611673037
17611673120
17611673329
17611673397
17611673596
17611675110
17611676032
17611676035
17611676089
17611676213
17611676352
17611676570
17611676926
17611677036
17611677129
17611677337
17611677505
17611677515
17611677598
17611677823
17611678172
17611678260
17611678290
17611678351
17611678515
17611678552
17611679098
17611679235
17611679339
17611679682
17611680192
17611680252
17611680385
17611680591
17611681076
17611681153
17611681332
17611681363
17611681539
17611681631
17611681932
17611682380
17611683060
17611683082
17611683570
17611683631
17611685269
17611685391
17611685621
17611685765
17611686297
17611686702
17611687126
17611687283
17611687923
17611688397
17611689620
17611689905
17611700338
17611700358
17611700393
17611701296
17611701809
17611702281
17611702301
17611702735
17611703076
17611703593
17611703652
17611706272
17611706787
17611706926
17611706927
17611706928
17611706938
17611708376
17611708625
17611736016
17611739307
17611740160
17611740181
17611740235
17611740252
17611740256
17611740261
17611740263
17611740276
17611740282
17611740287
17611740370
17611740376
17611740391
17611740575
17611740597
17611740639
17611740687
17611740693
17611740762
17611740769
17611740783
17611740832
17611740938
17611740952
17611740961
17611740967
17611740973
17611741082
17611741259
17611741261
17611741286
17611741307
17611741325
17611741352
17611741361
17611741370
17611741383
17611741503
17611741629
17611741635
17611741639
17611741670
17611741835
17611741851
17611741896
17611741905
17611741907
17611741931
17611741932
17611742056
17611742059
17611742063
17611742096
17611742106
17611742159
17611742189
17611742197
17611742302
17611742317
17611742503
17611742573
17611742589
17611742631
17611742650
17611742657
17611742695
17611742733
17611742791
17611742835
17611742852
17611742870
17611742875
17611742903
17611742905
17611742915
17611742925
17611742970
17611742973
17611742975
17611743027
17611743095
17611743108
17611743153
17611743190
17611743205
17611743297
17611743359
17611743361
17611743362
17611743397
17611743569
17611743605
17611743609
17611743627
17611743637
17611743681
17611743691
17611743702
17611743706
17611743712
17611743756
17611743758
17611743795
17611743802
17611743850
17611743859
17611743865
17611743905
17611743952
17611743963
17611743975
17611743978
17611745023
17611745026
17611745036
17611745089
17611745102
17611745106
17611745169
17611745195
17611745198
17611745238
17611745239
17611745279
17611745292
17611745312
17611745327
17611745359
17611745368
17611745379
17611745387
17611745389
17611745562
17611745602
17611745701
17611745708
17611745709
17611745738
17611745787
17611745793
17611745807
17611745835
17611745863
17611745951
17611745953
17611745965
17611745970
17611745973
17611745982
17611746013
17611746015
17611746038
17611746057
17611746097
17611746105
17611746130
17611746138
17611746172
17611746173
17611746183
17611746208
17611746220
17611746251
17611746281
17611746285
17611746302
17611746317
17611746325
17611746379
17611746386
17611746395
17611746397
17611746502
17611760380
17611768753
17611769653
17611790873
17611791032
17611791572
17611791871
17611791892
17611792025
17611792032
17611792138
17611792217
17611792672
17611792681
17611792795
17611792805
17611793282
17611793289
17611793372
17611793578
17611793790
17611793805
17611795138
17611795228
17611795237
17611795292
17611795316
17611795851
17611795909
17611796038
17611796052
17611796237
17611796257
17611797083
17611797161
17611797519
17611797581
17611797812
17611798251
17611798385
17611798389
17611799731
17611799816
18500137548
18500150844
18500152471
18500174736
18500211724
18500214804
18500232184
18500233481
18500239274
18500316042
18500317249
18500317346
18500322484
18500323814
18500324113
18500325964
18500327594
18500346174
18500379274
18500380964
18500381074
18500381409
18500383194
18500384043
18500384245
18500384253
18500384341
18500385404
18500385474
18500385814
18500386714
18500484752
18500644147
18500658041
18500804127
18500814753
18500814975
18500816743
18500817346
18500817452
18500817462
18500817548
18500817804
18500817834
18500818426
18500818542
18500914270
18500914857
18500963149
18501074863
18501250473
18501256384
18501256438
18501257461
18501272437
18501277452
18501280642
18501284173
18501308435
18501340460
18501340774
18501340894
18501340943
18501341471
18501342364
18501342465
18501342489
18501342495
18501342540
18501342745
18501342754
18501344687
18501359842
18501365462
18501374202
18501375784
18501376141
18501376458
18501377467
18501380741
18501392540
18501394967
18501396948
18501397476
18501910471
18501912483
18501914763
18501917342
18501921846
18501923843
18501927435
18501934613
18501951248
18501951734
18501952154
18501952284
18501952463
18501953254
18501953429
18501954704
18501955243
18501955244
18501955346
18501955403
18501955804
18501956184
18501956482
18501956747
18501956840
18501957041
18501957134
18501957142
18501957148
18501957284
18501957294
18501957343
18501957452
18501957481
18501957498
18501957641
18501957684
18501957734
18501957784
18501957847
18501957948
18501959184
18501959354
18501959394
18501959451
18501959454
18501959472
18501959482
18501959642
18501959740
18501959741
18501959743
18501959774
18501959834
18501959946
18501969074
18501969824
18501973504
18501974461
18501980154
18501981471
18501982174
18501983404
18501984274
18501984732
18501986544
18501986834
18501987485
18501988473
18501988574
18501996374
18501996434
18510200564
18510203734
18510204972
18510225712
18510235847
18510239154
18510252443
18510293294
18510293674
18510296475
18510297054
18510297594
18510297834
18510299574
18510323134
18510327614
18510330734
18510330794
18510331404
18510331794
18510332047
18510332194
18510332748
18510333946
18510334581
18510334681
18510334981
18510335142
18510335894
18510336435
18510336734
18510341261
18510341562
18510354782
18510356846
18510359374
18510410835
18510411767
18510412965
18510413621
18510450384
18510572749
18510573584
18510573640
18510574102
18510574487
18510574901
18510575487
18510575624
18510576542
18510578274
18510579348
18510579432
18510579974
18510714753
18510727684
18510737642
18510737648
18510737742
18510737864
18510739546
18510739741
18510739774
18510741145
18510742954
18510743490
18510745137
18510745498
18510745649
18510745804
18510745832
18510746467
18510747554
18510748794
18510952274
18510952441
18510952642
18510954450
18510954490
18510956074
18510956143
18510956184
18510956474
18510956594
18510957042
18510957374
18510957462
18510957641
18510957847
18510958046
18510958094
18510958407
18510958474
18510958514
18510958954
18510959054
18510959452
18510959824
18510971074
18510972174
18510972840
18510973464
18510974140
18510974240
18510974375
18510978154
18510981401
18511240793
18511245127
18511246267
18511246538
18511247275
18511248716
18511248732
18511249215
18511249271
18511249601
18511405891
18511423956
18511431087
18511475291
18511528557
18511532192
18511538751
18511591782
18511593873
18511721487
18511722452
18511723242
18511724309
18511724516
18511724699
18511725470
18511758125
18511762690
18511807306
18511831427
18511832452
18511832469
18511833224
18511833464
18511834045
18511834075
18511834162
18511834246
18511834264
18511834347
18511834374
18511834691
18511834741
18511834830
18511835144
18511835254
18511835402
18511835433
18511835476
18511835489
18511835642
18511835784
18511836034
18511836244
18511836734
18511837374
18511837424
18511837463
18511837487
18511837504
18511837641
18511837964
18511838404
18511838415
18511838424
18511838521
18511838674
18511838694
18511838794
18511838904
18511839047
18511839064
18511839243
18511839340
18511839437
18513242806
18513243022
18513243153
18513245382
18513246331
18513246877
18513247398
18513247696
18513248832
18513249103
18513249352
18513249525
18513361490
18513364377
18513365347
18513368421
18513641893
18513644205
18513644657
18513644982
18513646259
18513647526
18513649262
18513730143
18513730148
18513733418
18513733495
18513734727
18513738694
18513738914
18513739184
18513739241
18513739442
18513739534
18513739934
18513801451
18513830848
18513832408
18513832447
18513837491
18513922540
18513922847
18513923346
18513923354
18513923401
18513923904
18513924044
18513924174
18513924437
18513924464
18513924512
18513924641
18513924644
18513924697
18513924794
18513924826
18513924827
18513924893
18513924909
18513924970
18513924984
18513925504
18513925614
18513925646
18513925849
18513925904
18513926094
18513926440
18513926481
18513926584
18513927674
18513927724
18513928304
18513928346
18513928347
18513928439
18513928742
18513928994
18513929417
18514063556
18514065328
18514065691
18514067621
18514069857
18514456726
18514457262
18514457608
18514459278
18514470235
18514470581
18514470683
18514470695
18514471655
18514472063
18514472106
18514472329
18514472351
18514472357
18514472385
18514472531
18514472591
18514472617
18514472679
18514472697
18514472857
18514472973
18514472983
18514473052
18514473091
18514473206
18514473263
18514473791
18514473891
18514473983
18514475053
18514475093
18514475109
18514475162
18514475172
18514475328
18514475601
18514475821
18514476085
18514476093
18514476207
18514476230
18514476276
18514476392
18514476503
18514476807
18514476850
18514476891
18514477535
18514477582
18514487530
18514487573
18514487639
18514563192
18514586731
18514626552
18514627379
18514627680
18514627712
18514627806
18514628075
18514631920
18514732361
18514732760
18515195765
18515213227
18515217367
18515272031
18515303384
18515304178
18515304617
18515305574
18515306374
18515308204
18515309874
18515321254
18515322074
18515322493
18515326074
18515926154
18515926843
18515926934
18515927476
18515929874
18515948751
18515960435
18515961954
18515962492
18515962714
18515963042
18515964729
18515964860
18515965084
18515965664
18515965684
18515965845
18515966482
18515967134
18515967194
18515967242
18515967264
18515968614
18515968740
18515969470
18516864379
18516890245
18516890439
18516890443
18516890492
18516890497
18516890694
18516890744
18516891354
18516891473
18516891744
18516892264
18516892418
18516892554
18516892624
18516892642
18516892714
18516892824
18516892943
18516893054
18516893074
18516893174
18516893184
18516893294
18516893494
18516893534
18516893584
18516893640
18516893714
18516893744
18516893764
18516893804
18516893904
18516893954
18516894025
18516894074
18516894106
18516894171
18516894203
18516894296
18516894407
18516894478
18516894540
18516894582
18516894642
18516894671
18516894702
18516894710
18516894729
18516894740
18516894837
18516894857
18516894863
18516894873
18516894962
18516894967
18516894975
18516895041
18516895047
18516895294
18516895409
18516895474
18516895493
18516895614
18516895742
18516895754
18516895774
18516896204
18516896240
18516896242
18516896405
18516896417
18516896445
18516896449
18516896454
18516896465
18516896484
18516897224
18516897442
18516897541
18516897784
18516898254
18516898374
18516898411
18516898432
18516898734
18516899174
18516899401
18516899457
18516899542
18516899574
18516899734
18516900146
18516900241
18516900341
18516900447
18516900461
18516900495
18516900648
18516900742
18516900743
18516900946
18516900954
18516900964
18516901184
18516901264
18516901404
18516901614
18516903402
18516903406
18516903414
18516903418
18516903429
18516903484
18516903492
18516903614
18516904046
18516904121
18516904164
18516904167
18516904187
18516904227
18516904275
18516904282
18516904283
18516904471
18516904475
18516904484
18516904513
18516904542
18516904597
18516904598
18516904604
18516904619
18516904643
18516904651
18516904712
18516904732
18516904741
18516904746
18516904753
18516904763
18516904834
18516904835
18516904865
18516904937
18516904975
18516904979
18516905014
18516905374
18516905434
18516905451
18516905541
18516905542
18516905641
18516905654
18516905724
18516905742
18516905743
18516905754
18516905954
18516906014
18516906047
18516906054
18516906074
18516906149
18516906184
18516906742
18516906843
18516906934
18516907364
18516907414
18516907524
18516907674
18516907804
18516907854
18516908214
18516908394
18516908454
18516908458
18516908476
18516908544
18516908694
18516908704
18516908744
18516909184
18516909424
18516909459
18516909483
18516909487
18516909584
18516909642
18516909748
18516987351
18518160894
18518162584
18518164413
18518164663
18518164979
18518165463
18518166914
18518167154
18518167224
18518167354
18518167364
18518167541
18518169214
18518169224
18518275124
18518279374
18518445098
18518446297
18518530941
18518532249
18518532746
18518534410
18518536470
18518539604
18518539742
18518920154
18518920490
18518920492
18518920541
18518920934
18518921149
18518921470
18518922084
18518922784
18518922974
18518927174
18519341645
18519341743
18519341841
18519501424
18519501453
18519501564
18519501643
18519502541
18519502854
18519504243
18519504362
18519504932
18519505124
18519505174
18519505446
18519505794
18519506064
18519506461
18519506704
18519506794
18519507084
18519507141
18519507344
18519507471
18519508204
18519508274
18519508514
18519508594
18519508984
18519722463
18519722514
18519723043
18519723471
18519723479
18519723644
18519723664
18519723674
18519723741
18519723846
18519724504
18519724513
18519724516
18519724524
18519724547
18519724681
18519724736
18519724741
18519724743
18519724745
18519724752
18519724759
18519724780
18519724840
18519724843
18519724943
18519724974
18519724984
18519725041
18519725774
18519726044
18519726244
18519726437
18519726458
18519726554
18519726845
18519727034
18519727141
18519727214
18519727254
18519727284
18519727354
18519727445
18519727493
18519727504
18519727604
18519727647
18519728134
18519728430
18519728457
18519728471
18519728483
18519728546
18519728547
18519728640
18519728647
18519728749
18519728954
18519729034
18519729140
18519729144
18519729254
18519729284
18519729406
18519729431
18519729450
18519729463
18519729477
18519729483
18519729497
18548901091
18548901673
18548901706
18548901780
18548901928
18548901965
18548902071
18548902076
18548902135
18548902236
18548902579
18548902709
18548902720
18548902792
18548902865
18548902915
18548903017
18548903269
18548903396
18548903617
18548905025
18548905170
18548905172
18548905271
18548905672
18548905752
18548906230
18548906233
18548906391
18548906758
18548907167
18548907181
18548921670
18548922573
18548925290
51025921930
