13121358912
13121390351
13121902757
13121912773
16601207439
16601207645
16601211841
16601213740
16601215574
16601215741
16601217147
16601217435
16601218534
16601219740
16601271435
16601271634
16601272431
16601272490
16601273043
16601274493
16601274683
16601276754
16601278034
16601278354
16601279141
16601342439
16601344597
16601344906
16601348394
16619707864
16619734492
16619742463
16619782634
16619822794
16619838742
16619846942
16619850874
16619874382
17600041607
17600046937
17600209273
17600345375
17600421385
17600425237
17600425850
17600427862
17600428917
17600512731
17600543150
17600549359
17600576595
17600578163
17600588627
17600612096
17600612773
17600673819
17600697043
17600903938
17601037915
17601047639
17601053583
17601069293
17601071963
17601075878
17601097637
17601098728
17610021535
17610073850
17610127018
17610135703
17610157616
17610193280
17610233276
17610250238
17610278936
17610291758
17610298835
17610301602
17610350782
17610352870
17610361625
17610375597
17610380970
17610387208
17610388729
17610398560
17610432387
17610470976
17610477062
17610477081
17610477263
17610491682
17610491692
17610493585
17610493681
17610495906
17610496305
17610496985
17610512023
17610537802
17610588603
17610608710
17610670193
17610711357
17610722592
17610740695
17610752358
17610752915
17610755782
17610792731
17610809705
17610816733
17610836053
17610839719
17610852693
17610867072
17610958957
17610959203
17610977505
17611053203
17611198062
17611203536
17611219218
17611236730
17611245052
17611249065
17611265397
17611270533
17611272961
17611276506
17611278257
17611285227
17611286761
17611291596
17611291723
17611296077
17611298023
17611299107
17611317225
17611361576
17611397813
17611402970
17611408557
17611409251
17611430672
17611463830
17611492960
17611498502
17611511090
17611522596
17611526723
17611526752
17611531557
17611540683
17611540850
17611541517
17611541716
17611542053
17611543501
17611543870
17611545639
17611586279
17611597723
17611600762
17611609603
17611638572
17611638578
17611655915
17611658672
17611740768
17611741931
17611742973
17611743758
17611745361
17611745693
17611746081
17611746271
17611792967
18501955141
18501959743
18501984732
18510201747
18510334981
18510335643
18510745097
18510974354
18511839243
18511839734
18513647219
18513837462
18513925646
18514473978
18516892476
18516894840
18516898394
18516899747
18516909804
18519502354
18519504207
1851972943413121330190
13121337091
13121338621
13121357925
13121360856
13121362572
13121373667
13121378125
13121378583
13121379056
13121379063
13121379178
13121382709
13121383352
13121388021
13121389579
13121389670
13121391283
13121391532
13121395829
13121398305
13121399035
13121523857
13121531631
13121537137
13121556503
13121566913
13121796510
13121798970
13121806073
13121857386
13121857961
13121861782
13121862952
13121875735
13121875972
13121876398
13121879027
13121902031
13121902830
13121903659
13121912092
13121913173
13121920559
13121925173
13124706817
13124761359
13124766571
13124779362
13124789083
16601046384
16601108457
16601201174
16601201394
16601201463
16601201704
16601203474
16601203684
16601203748
16601203894
16601204159
16601204202
16601204279
16601204291
16601204381
16601204403
16601204467
16601204491
16601204612
16601204624
16601204629
16601204687
16601204719
16601204741
16601204856
16601204925
16601204983
16601205164
16601205495
16601205734
16601205740
16601206142
16601206452
16601206474
16601206743
16601206745
16601206814
16601206934
16601207024
16601207294
16601207347
16601207437
16601207624
16601207964
16601208142
16601208244
16601208294
16601208473
16601208574
16601208642
16601209074
16601209154
16601209164
16601209344
16601209542
16601209574
16601209834
16601210274
16601210484
16601210497
16601210694
16601210734
16601210842
16601210874
16601211043
16601211694
16601211834
16601213047
16601213074
16601213442
16601213547
16601213644
16601214084
16601214153
16601214394
16601214478
16601214539
16601214549
16601214635
16601214650
16601214685
16601214694
16601214709
16601214741
16601214743
16601214748
16601214790
16601214793
16601214861
16601214935
16601214954
16601214964
16601214974
16601215046
16601215142
16601215149
16601215406
16601215439
16601215485
16601215894
16601216024
16601216074
16601216154
16601216194
16601216324
16601216415
16601216469
16601216594
16601216724
16601216754
16601216834
16601216940
16601216943
16601217294
16601217402
16601217404
16601217429
16601217451
16601217453
16601217458
16601217546
16601217847
16601218241
16601218346
16601218479
16601218554
16601218764
16601218943
16601219441
16601219447
16601219473
16601219534
16601219564
16601219704
16601219740
16601219754
16601219946
16601270342
16601270487
16601270584
16601270646
16601270774
16601270854
16601270944
16601271244
16601271354
16601271374
16601271496
16601271784
16601272403
16601272405
16601272439
16601272448
16601272467
16601272540
16601272541
16601272649
16601272849
16601272874
16601272934
16601272944
16601272946
16601273024
16601273034
16601273042
16601273045
16601273145
16601273214
16601273224
16601273475
16601273484
16601273549
16601273844
16601273847
16601273974
16601274024
16601274028
16601274081
16601274089
16601274156
16601274179
16601274206
16601274215
16601274240
16601274273
16601274275
16601274291
16601274294
16601274302
16601274317
16601274360
16601274382
16601274424
16601274462
16601274478
16601274486
16601274487
16601274583
16601274592
16601274603
16601274642
16601274658
16601274732
16601274748
16601274758
16601274764
16601274796
16601274849
16601274854
16601274879
16601274892
16601274903
16601274924
16601275034
16601275043
16601275148
16601275244
16601275284
16601275413
16601275447
16601275467
16601275492
16601275640
16601275742
16601275834
16601275914
16601275984
16601276042
16601276249
16601276348
16601276944
16601277264
16601277405
16601277418
16601277482
16601277641
16601278141
16601278143
16601278342
16601278364
16601278401
16601278412
16601278541
16601278542
16601279042
16601279043
16601279064
16601279141
16601279144
16601279174
16601279241
16601279254
16601279374
16601279430
16601279437
16601279445
16601279487
16601279643
16601279834
16601340497
16601340547
16601340948
16601341407
16601341470
16601341724
16601342384
16601342415
16601342467
16601342475
16601342491
16601342497
16601342546
16601342564
16601342574
16601342754
16601342834
16601342944
16601343048
16601343294
16601343440
16601343724
16601343842
16601343894
16601343934
16601343954
16601343964
16601344126
16601344176
16601344245
16601344271
16601344386
16601344510
16601344540
16601344597
16601344598
16601344605
16601344631
16601344683
16601344706
16601344735
16601344762
16601344763
16601344795
16601344874
16601344894
16601344901
16601344946
16601344972
16601345452
16601345482
16601345487
16601345498
16601345714
16601346045
16601346048
16601346284
16601346304
16601346348
16601346405
16601346481
16601346483
16601346489
16601346490
16601346724
16601346843
16601346945
16601347094
16601347145
16601347194
16601347241
16601347341
16601347401
16601347402
16601347406
16601347426
16601347434
16601347479
16601347483
16601347544
16601347554
16601347847
16601348042
16601348164
16601348194
16601348246
16601348340
16601348414
16601348424
16601348437
16601348453
16619704384
16619707843
16619710436
16619710496
16619710643
16619710845
16619711745
16619713476
16619714240
16619714592
16619714745
16619716704
16619717054
16619718294
16619720343
16619722942
16619723784
16619723904
16619724079
16619724137
16619725164
16619728475
16619728764
16619729634
16619732054
16619732084
16619733074
16619734236
16619734274
16619734395
16619734492
16619734681
16619734892
16619735304
16619736404
16619738241
16619739374
16619740142
16619740247
16619740641
16619741340
16619742734
16619743084
16619743794
16619744207
16619746547
16619748403
16619749043
16619749437
16619751494
16619754091
16619754143
16619754572
16619754854
16619760284
16619763471
16619764052
16619764491
16619765874
16619767348
16619768154
16619768244
16619772745
16619782497
16619784254
16619784706
16619789403
16619794374
16619812649
16619813754
16619814074
16619814384
16619814605
16619814764
16619814794
16619814971
16619814972
16619815734
16619816442
16619816453
16619817401
16619817442
16619818247
16619822481
16619823714
16619824475
16619825364
16619825649
16619826794
16619828674
16619832094
16619832495
16619832649
16619836347
16619836492
16619842964
16619843749
16619844173
16619845479
16619845481
16619845947
16619846942
16619850384
16619851462
16619854725
16619854974
16619857204
16619863604
16619864254
16619864794
16619874253
16619874301
16619886744
16619889642
16619889747
16619889794
16619959164
17600020710
17600027513
17600046265
17600065921
17600107165
17600113819
17600116370
17600117367
17600120965
17600132291
17600132634
17600135972
17600137153
17600137256
17600139767
17600142751
17600143061
17600143092
17600143502
17600145107
17600146175
17600146257
17600147269
17600147392
17600147687
17600151751
17600152287
17600157337
17600159365
17600181274
17600187837
17600193497
17600195492
17600196453
17600200359
17600203513
17600203523
17600205291
17600208351
17600209273
17600213598
17600213932
17600215935
17600216963
17600231037
17600238651
17600240763
17600242195
17600243596
17600247635
17600247957
17600249075
17600253784
17600255691
17600258179
17600264783
17600265174
17600271593
17600275807
17600279236
17600282109
17600291172
17600291338
17600294734
17600295061
17600297485
17600299530
17600320683
17600320836
17600322031
17600323652
17600323661
17600325972
17600327225
17600327279
17600327398
17600327541
17600329157
17600329683
17600341675
17600341739
17600341872
17600342165
17600342752
17600342753
17600343975
17600346305
17600346319
17600347391
17600347392
17600347450
17600347805
17600347935
17600348536
17600348753
17600349683
17600349760
17600349762
17600350385
17600351297
17600356038
17600357830
17600363572
17600366275
17600367179
17600375190
17600395862
17600399671
17600401537
17600403291
17600406589
17600407532
17600411879
17600412617
17600412871
17600413859
17600415167
17600415397
17600416852
17600417350
17600417396
17600417851
17600417953
17600418531
17600418737
17600418932
17600418935
17600419732
17600420363
17600421359
17600421862
17600422713
17600422759
17600422897
17600423376
17600423862
17600425691
17600426038
17600426576
17600426739
17600426970
17600427139
17600427358
17600427392
17600427932
17600427963
17600428376
17600428731
17600428753
17600428902
17600429279
17600429706
17600430279
17600430892
17600431708
17600431897
17600433957
17600435107
17600435792
17600436025
17600437561
17600437581
17600437832
17600437983
17600439613
17600440586
17600441375
17600442578
17600443087
17600443608
17600446030
17600447328
17600448576
17600450251
17600450682
17600451265
17600453352
17600453397
17600453507
17600453970
17600453971
17600455023
17600455037
17600455623
17600456308
17600457219
17600457860
17600458209
17600459021
17600459972
17600461597
17600462238
17600462510
17600463127
17600463172
17600465250
17600465760
17600467623
17600467630
17600473192
17600482690
17600483109
17600486372
17600486597
17600487395
17600487862
17600490276
17600490395
17600491353
17600491532
17600491561
17600491793
17600492105
17600492273
17600492379
17600492593
17600492617
17600492736
17600492781
17600492795
17600492833
17600493016
17600493071
17600493167
17600493182
17600493196
17600493275
17600493596
17600493761
17600496209
17600496395
17600496791
17600496957
17600497213
17600497231
17600497605
17600511389
17600511829
17600512282
17600512361
17600516327
17600517317
17600517398
17600520278
17600525733
17600526970
17600529625
17600529832
17600538951
17600540763
17600541281
17600541792
17600541906
17600542653
17600542780
17600543751
17600545261
17600546015
17600546031
17600546359
17600546703
17600546793
17600547036
17600547661
17600547716
17600548275
17600548372
17600548513
17600549157
17600558127
17600562375
17600571169
17600576215
17600576750
17600578639
17600579173
17600579535
17600582132
17600585765
17600593793
17600598709
17600602672
17600605262
17600608532
17600609787
17600610589
17600611712
17600612573
17600613062
17600613685
17600615658
17600616250
17600616396
17600617198
17600617937
17600619177
17600621651
17600623153
17600625171
17600627510
17600628717
17600631573
17600633251
17600637305
17600640292
17600641390
17600642382
17600642392
17600642763
17600643197
17600643275
17600643872
17600643892
17600645026
17600645192
17600645738
17600645902
17600647253
17600647285
17600647397
17600648279
17600648693
17600673185
17600677630
17600683791
17600687253
17600687351
17600687831
17600689135
17600689153
17600691574
17600692083
17600692964
17600693474
17600693895
17600694675
17600694743
17600694792
17600694952
17600695064
17600696235
17600697307
17600697442
17600697853
17600697941
17600701163
17600702172
17600702981
17600703179
17600703751
17600725710
17600725760
17600729513
17600734292
17600734681
17600736274
17600739154
17600739347
17600740263
17600741905
17600743613
17600746970
17600748572
17600749532
17600753517
17600753856
17600775983
17600779050
17600780852
17600783162
17600783223
17600783252
17600783615
17600792852
17600901823
17600902572
17600905851
17600923250
17600927083
17600927783
17600927975
17600935975
17600939731
17600939803
17600945268
17600946132
17600946893
17600948253
17600953191
17600957283
17600958761
17600963603
17600965256
17600972935
17600973805
17600995193
17601021281
17601023556
17601025627
17601025807
17601027637
17601030357
17601030981
17601031253
17601031895
17601035375
17601036271
17601036335
17601036723
17601036927
17601036952
17601037791
17601038178
17601040171
17601040975
17601041532
17601042109
17601042697
17601042815
17601042906
17601043657
17601043672
17601045652
17601045683
17601046027
17601046032
17601046257
17601046387
17601046792
17601046853
17601046915
17601047055
17601047101
17601047937
17601048623
17601048752
17601048953
17601049353
17601049682
17601049751
17601052597
17601053583
17601056387
17601058770
17601062376
17601063096
17601066083
17601066192
17601068785
17601070097
17601071562
17601071725
17601072819
17601073032
17601073095
17601073113
17601073168
17601073538
17601075292
17601075836
17601075956
17601076213
17601076235
17601076952
17601077620
17601078102
17601078509
17601082310
17601082739
17601085712
17601085993
17601087385
17601087713
17601087836
17601090267
17601090363
17601090537
17601091370
17601091386
17601091612
17601095073
17601095157
17601095262
17601095736
17601095973
17601096773
17601097163
17601097856
17601098395
17601098925
17601098935
17601099037
17601602769
17601603967
17601605082
17601605193
17601605362
17601605713
17601608291
17601609221
17601617563
17601627657
17601631823
17601631851
17601633657
17601635793
17601637983
17601638937
17601639071
17610015381
17610017582
17610021362
17610021595
17610022615
17610022857
17610023135
17610023876
17610036851
17610040265
17610040653
17610040685
17610040769
17610040859
17610041067
17610041179
17610041337
17610041396
17610041597
17610041638
17610041757
17610041932
17610042965
17610042975
17610043791
17610046239
17610052536
17610053167
17610053862
17610055392
17610056903
17610057809
17610063760
17610065760
17610066390
17610068235
17610068653
17610071935
17610075293
17610082162
17610082963
17610083709
17610085237
17610088902
17610090652
17610091367
17610092925
17610093735
17610095631
17610095927
17610106351
17610113125
17610116375
17610121902
17610122361
17610123576
17610123952
17610125730
17610127029
17610127282
17610128635
17610128673
17610128925
17610130536
17610131282
17610132530
17610135071
17610135683
17610137163
17610138232
17610138297
17610138397
17610140265
17610140287
17610140362
17610140378
17610140781
17610140859
17610140862
17610140867
17610141807
17610141893
17610142087
17610142092
17610142553
17610142605
17610142693
17610142695
17610142781
17610142957
17610143209
17610143251
17610147352
17610147530
17610149132
17610152071
17610153291
17610153850
17610157616
17610158712
17610162536
17610167296
17610167902
17610175162
17610177230
17610178379
17610185292
17610190572
17610195273
17610195963
17610200259
17610202139
17610208175
17610208673
17610213691
17610213830
17610216710
17610219801
17610219859
17610221052
17610226253
17610228257
17610228673
17610229350
17610230765
17610231782
17610233932
17610236083
17610236132
17610236730
17610236835
17610237525
17610238620
17610238652
17610239312
17610239561
17610239569
17610239657
17610239731
17610239732
17610239813
17610239835
17610250696
17610250863
17610251795
17610251803
17610252063
17610252873
17610253509
17610255795
17610256091
17610256290
17610256957
17610257607
17610257623
17610258728
17610260750
17610261375
17610261723
17610262595
17610263157
17610263921
17610265310
17610266709
17610266837
17610266956
17610267085
17610269067
17610269075
17610269209
17610269563
17610271365
17610271963
17610272318
17610272672
17610272953
17610273089
17610273833
17610273879
17610275662
17610275738
17610275937
17610276013
17610276071
17610276103
17610276238
17610277159
17610277533
17610279053
17610279318
17610279572
17610281360
17610282362
17610285109
17610285695
17610291325
17610291752
17610291857
17610292160
17610292615
17610292639
17610293250
17610293916
17610295263
17610295719
17610295739
17610295765
17610295793
17610295831
17610295997
17610296085
17610296105
17610296151
17610296379
17610296735
17610296952
17610297190
17610297302
17610297835
17610297853
17610298593
17610298701
17610298737
17610298835
17610299827
17610301673
17610303537
17610303657
17610305783
17610305932
17610308698
17610310683
17610310761
17610313037
17610316773
17610317706
17610319723
17610320572
17610322176
17610322637
17610325913
17610327138
17610327285
17610328065
17610329115
17610329322
17610329516
17610331392
17610331782
17610331803
17610332577
17610337259
17610337287
17610337358
17610337583
17610339065
17610350763
17610352833
17610352860
17610352982
17610356152
17610356256
17610357295
17610357917
17610360375
17610360551
17610361301
17610361510
17610361910
17610361927
17610362061
17610363101
17610363227
17610363251
17610363729
17610363912
17610368597
17610369025
17610372027
17610372167
17610373161
17610373215
17610373217
17610375761
17610375801
17610380293
17610381295
17610382071
17610382150
17610383817
17610383921
17610385323
17610385379
17610385512
17610385871
17610386125
17610386307
17610387026
17610387196
17610391701
17610393682
17610395712
17610395792
17610395825
17610395907
17610396132
17610396787
17610396935
17610397287
17610397530
17610397752
17610399203
17610399259
17610399367
17610407269
17610419539
17610426371
17610430239
17610430283
17610430376
17610430572
17610430578
17610430597
17610430692
17610430751
17610430780
17610430798
17610430832
17610430981
17610431270
17610431395
17610431539
17610431572
17610431653
17610431725
17610431950
17610432317
17610432380
17610432392
17610432397
17610432513
17610432539
17610432562
17610432583
17610432592
17610459781
17610460557
17610460671
17610461539
17610461705
17610462769
17610463297
17610463873
17610465063
17610465082
17610465092
17610465637
17610465972
17610467093
17610467590
17610467692
17610468157
17610468735
17610468951
17610469573
17610470256
17610470261
17610470391
17610470637
17610470732
17610470852
17610470865
17610470978
17610471179
17610475136
17610475173
17610475287
17610475302
17610475356
17610475382
17610475570
17610475681
17610475683
17610475837
17610475951
17610475971
17610476028
17610476091
17610476095
17610476202
17610476279
17610476387
17610476395
17610476791
17610476831
17610476859
17610476901
17610477053
17610477350
17610477392
17610477393
17610477526
17610477659
17610477673
17610477832
17610478196
17610478203
17610478207
17610478312
17610478572
17610478590
17610478603
17610478659
17610478692
17610478736
17610479021
17610479071
17610479139
17610479152
17610479216
17610479276
17610479335
17610479535
17610479603
17610479753
17610479758
17610479831
17610479852
17610490153
17610490232
17610490272
17610490283
17610490293
17610490298
17610490392
17610490753
17610490795
17610490837
17610490873
17610490953
17610491361
17610491692
17610491731
17610491831
17610492037
17610492053
17610492106
17610492183
17610492190
17610492197
17610492215
17610492719
17610492753
17610492756
17610492762
17610492863
17610492915
17610493067
17610493197
17610493280
17610493682
17610493793
17610493876
17610493905
17610493961
17610495107
17610495279
17610495605
17610495890
17610495953
17610495967
17610495973
17610496021
17610496203
17610496257
17610496301
17610496536
17610496735
17610496907
17610496985
17610497052
17610497165
17610497256
17610497351
17610497671
17610497695
17610510082
17610510371
17610512353
17610515877
17610516230
17610519135
17610519757
17610522153
17610526183
17610533216
17610533865
17610533923
17610536093
17610536135
17610536215
17610536237
17610536870
17610539051
17610557831
17610561902
17610562587
17610562653
17610562926
17610563229
17610563571
17610563912
17610565712
17610570695
17610571165
17610572132
17610572916
17610572932
17610573921
17610577639
17610577971
17610578328
17610585113
17610587338
17610587506
17610589502
17610590379
17610590773
17610592381
17610592383
17610592570
17610593805
17610595367
17610597633
17610602731
17610602786
17610603352
17610603596
17610603868
17610605832
17610605972
17610607302
17610608307
17610608902
17610609056
17610609752
17610620362
17610622315
17610623083
17610623705
17610631785
17610636209
17610636503
17610637717
17610673596
17610673751
17610673957
17610675391
17610675981
17610676253
17610677935
17610682636
17610683226
17610685796
17610686731
17610686772
17610687278
17610687576
17610689536
17610689659
17610689795
17610689952
17610691305
17610692253
17610695172
17610696723
17610699179
17610710363
17610716065
17610721571
17610722083
17610722592
17610722950
17610723590
17610723812
17610725153
17610725336
17610725625
17610725812
17610726523
17610726801
17610727368
17610727681
17610727682
17610728609
17610728737
17610732029
17610732633
17610733560
17610733673
17610733735
17610735271
17610735627
17610736072
17610738951
17610739251
17610740139
17610740256
17610740259
17610740553
17610740572
17610740582
17610740832
17610740893
17610741331
17610750551
17610751730
17610752358
17610753225
17610753253
17610755260
17610755653
17610756332
17610756931
17610757391
17610757983
17610758332
17610759287
17610761187
17610761839
17610765732
17610767032
17610768753
17610770252
17610770597
17610770863
17610771035
17610772306
17610773783
17610775692
17610776870
17610776872
17610778617
17610779350
17610779381
17610780375
17610782359
17610782379
17610782951
17610785032
17610785276
17610787325
17610787339
17610788510
17610788793
17610793807
17610795133
17610798901
17610799873
17610800385
17610801361
17610802395
17610802582
17610805316
17610807156
17610807196
17610807239
17610810162
17610810259
17610810295
17610811622
17610812585
17610812592
17610815195
17610815805
17610816076
17610816353
17610816795
17610816902
17610817013
17610817873
17610818185
17610818269
17610819572
17610819703
17610820159
17610820951
17610821891
17610822350
17610827063
17610830236
17610831392
17610833172
17610835190
17610835387
17610836127
17610836550
17610838265
17610838790
17610839075
17610843071
17610846391
17610846753
17610847933
17610848206
17610848775
17610849063
17610849681
17610857150
17610861969
17610869172
17610872135
17610872397
17610873132
17610879337
17610881335
17610891593
17610893830
17610900791
17610901892
17610902165
17610903033
17610906872
17610907695
17610908173
17610908239
17610913187
17610913283
17610913850
17610915702
17610915860
17610917717
17610918313
17610918553
17610920135
17610921089
17610921576
17610921625
17610922151
17610922516
17610923576
17610925510
17610925733
17610927159
17610928565
17610928779
17610929017
17610930253
17610931823
17610932297
17610933239
17610933515
17610939768
17610951282
17610951770
17610951871
17610953798
17610955187
17610955953
17610956037
17610956837
17610959517
17610959873
17610960139
17610960970
17610961303
17610961537
17610961736
17610962591
17610962702
17610965287
17610965687
17610967238
17610967370
17610971636
17610972562
17610973078
17610973361
17610973985
17610975612
17610976355
17610981172
17610983371
17610983759
17610983775
17610986031
17610986289
17610987109
17610987396
17610990653
17610991135
17610995351
17611012570
17611013252
17611018253
17611019653
17611023398
17611026356
17611027137
17611027172
17611032503
17611033295
17611036361
17611037031
17611038675
17611050687
17611050932
17611051291
17611051578
17611051872
17611052836
17611052873
17611053203
17611056530
17611059235
17611059891
17611070152
17611070153
17611070685
17611071302
17611072353
17611072379
17611072769
17611072790
17611075502
17611075597
17611075717
17611077129
17611105883
17611138791
17611142091
17611143203
17611145150
17611145279
17611149073
17611149285
17611176852
17611191650
17611193269
17611196351
17611196993
17611197953
17611198519
17611201275
17611201519
17611201571
17611201702
17611201735
17611202698
17611202715
17611202750
17611202852
17611203793
17611205105
17611205395
17611207627
17611207630
17611207738
17611209183
17611210536
17611212682
17611213539
17611213902
17611215621
17611215709
17611216292
17611218019
17611218031
17611219253
17611233672
17611235967
17611237051
17611237130
17611237533
17611238328
17611240138
17611240179
17611240287
17611240639
17611240736
17611240761
17611240839
17611240850
17611241750
17611241851
17611242063
17611242602
17611242871
17611242938
17611242953
17611243091
17611243103
17611243185
17611243197
17611243582
17611243590
17611243753
17611243872
17611245651
17611245773
17611245793
17611245975
17611246051
17611246376
17611246390
17611246519
17611246591
17611246759
17611246976
17611247062
17611247063
17611247098
17611247162
17611247197
17611247239
17611247268
17611247539
17611247615
17611248265
17611248279
17611248937
17611249372
17611250358
17611250961
17611251382
17611251569
17611252783
17611252931
17611253571
17611253865
17611256376
17611256887
17611257137
17611257316
17611257510
17611257631
17611258328
17611258703
17611259010
17611259572
17611259886
17611262052
17611262593
17611265870
17611267632
17611269190
17611272623
17611272871
17611273685
17611275106
17611275981
17611277805
17611277875
17611277953
17611280139
17611280365
17611280985
17611282037
17611282635
17611283652
17611285571
17611288762
17611289032
17611290231
17611291195
17611291532
17611291570
17611292836
17611293182
17611293980
17611296079
17611297236
17611297763
17611298335
17611298391
17611310961
17611312181
17611312271
17611313506
17611313967
17611315026
17611315301
17611315708
17611316205
17611316573
17611317208
17611317225
17611341072
17611342267
17611348356
17611348569
17611348730
17611348973
17611349731
17611360185
17611362701
17611362809
17611363595
17611372622
17611375173
17611376782
17611376972
17611377623
17611379530
17611392315
17611392735
17611393257
17611395530
17611397539
17611401091
17611401336
17611401372
17611401570
17611402506
17611402952
17611403501
17611403580
17611405007
17611405223
17611405752
17611405815
17611405909
17611406807
17611406873
17611406928
17611406976
17611407780
17611407962
17611408137
17611408207
17611408223
17611408237
17611408359
17611408569
17611408791
17611408892
17611413186
17611413565
17611415795
17611417372
17611418125
17611423185
17611423215
17611423256
17611425229
17611427039
17611427265
17611427863
17611429073
17611430283
17611437967
17611439650
17611452185
17611452837
17611456269
17611457827
17611458206
17611461570
17611462865
17611465980
17611467526
17611468169
17611469722
17611472386
17611485837
17611486035
17611486056
17611486351
17611486507
17611486513
17611486930
17611487015
17611487021
17611487239
17611487293
17611487392
17611487506
17611487682
17611487932
17611487953
17611488267
17611488973
17611489053
17611489273
17611489761
17611489852
17611490362
17611490375
17611490682
17611490759
17611490865
17611491075
17611491352
17611491576
17611491802
17611491805
17611491875
17611492192
17611492373
17611492583
17611492639
17611492732
17611492790
17611492961
17611492983
17611493063
17611493081
17611493105
17611493613
17611493683
17611493709
17611493832
17611493871
17611493876
17611493905
17611493952
17611495092
17611495171
17611495267
17611495283
17611495753
17611495807
17611495870
17611496260
17611496572
17611496753
17611496932
17611497027
17611497056
17611497061
17611497183
17611497351
17611497358
17611497359
17611497380
17611497382
17611497598
17611498137
17611498507
17611498537
17611498651
17611498702
17611501863
17611502308
17611502532
17611502550
17611503071
17611503736
17611503775
17611505917
17611506295
17611506392
17611506793
17611507235
17611508359
17611508695
17611509152
17611509813
17611511312
17611511371
17611512687
17611512922
17611513097
17611513527
17611513589
17611513733
17611513836
17611513863
17611513956
17611515332
17611515338
17611516277
17611516280
17611516836
17611517162
17611517315
17611517682
17611517982
17611518232
17611518390
17611519015
17611519253
17611520156
17611520381
17611520871
17611521092
17611521502
17611522320
17611522638
17611522952
17611523077
17611523205
17611523251
17611523671
17611523860
17611526306
17611526731
17611527015
17611527321
17611527860
17611528101
17611529081
17611529781
17611529787
17611529867
17611530051
17611530150
17611530232
17611530573
17611530657
17611531293
17611531398
17611531527
17611531593
17611531731
17611531831
17611532513
17611532537
17611532585
17611532618
17611532906
17611533697
17611535013
17611535392
17611535397
17611535751
17611535790
17611535819
17611536189
17611536202
17611536390
17611536632
17611536651
17611537506
17611537876
17611538051
17611538173
17611539257
17611539379
17611539396
17611539506
17611539803
17611539851
17611540036
17611540651
17611540796
17611540835
17611540937
17611541065
17611541087
17611541363
17611541382
17611541532
17611541553
17611541672
17611541795
17611542063
17611542159
17611542167
17611542185
17611542216
17611542238
17611542731
17611542760
17611542763
17611542767
17611543056
17611543155
17611543207
17611543383
17611543591
17611543592
17611543761
17611543890
17611543896
17611543906
17611543997
17611545002
17611545052
17611545075
17611545107
17611545321
17611545532
17611545692
17611545810
17611545906
17611546027
17611546159
17611546237
17611546239
17611546267
17611546359
17611546375
17611546537
17611546791
17611546825
17611546872
17611547035
17611562603
17611569286
17611576381
17611591097
17611592106
17611592167
17611592307
17611592327
17611592630
17611592638
17611593230
17611593287
17611593627
17611596039
17611596763
17611596923
17611599093
17611603980
17611606783
17611607052
17611607393
17611607578
17611609535
17611609569
17611609570
17611630272
17611631879
17611639592
17611640897
17611641927
17611645363
17611646072
17611646695
17611647057
17611647719
17611647762
17611647836
17611648131
17611649018
17611655372
17611655603
17611656075
17611656962
17611657526
17611657953
17611657961
17611658773
17611658813
17611672297
17611673391
17611673607
17611675602
17611675636
17611676076
17611676570
17611677950
17611679357
17611679682
17611681513
17611683010
17611683082
17611688936
17611689796
17611703593
17611703652
17611703873
17611736016
17611737992
17611740295
17611740356
17611740385
17611740397
17611740591
17611740751
17611740762
17611740783
17611741280
17611741287
17611741325
17611741329
17611741335
17611741623
17611741635
17611741835
17611742079
17611742083
17611742096
17611742197
17611742701
17611742793
17611742983
17611743027
17611743282
17611743596
17611743605
17611743617
17611743691
17611743702
17611743801
17611743851
17611743891
17611743978
17611745027
17611745389
17611745592
17611745705
17611745708
17611745730
17611745807
17611745851
17611745861
17611746015
17611746170
17611746272
17611746337
17611746502
17611790897
17611792137
17611792795
17611793263
17611793318
17611793615
17611793852
17611795292
17611796257
17611797519
17611798275
17611798930
18500314637
18500321384
18500324879
18500325147
18500384014
18500385894
18500389814
18500484752
18500644391
18500814361
18500817214
18501044793
18501057647
18501277946
18501340460
18501341471
18501342741
18501342745
18501342754
18501359014
18501367643
18501370274
18501380741
18501387245
18501395496
18501911347
18501924935
18501955804
18501956184
18501956447
18501956854
18501957134
18501957184
18501957340
18501957349
18501957354
18501957403
18501957584
18501957734
18501957748
18501957914
18501957942
18501959441
18501959484
18501959724
18501976014
18501982974
18501984237
18501984743
18501987784
18510296954
18510315406
18510320249
18510322184
18510332094
18510334582
18510347973
18510423170
18510492563
18510570469
18510575487
18510579343
18510579554
18510579764
18510739741
18510740461
18510741948
18510748794
18510749240
18510749843
18510952274
18510954490
18510956074
18510956124
18510956474
18510956554
18510957431
18510958574
18510959243
18510959446
18510959824
18510959874
18510970449
18510970794
18510971745
18510974375
18511242715
18511247569
18511249861
18511423978
18511479172
18511596751
18511724738
18511724953
18511726647
18511832403
18511832470
18511834075
18511834196
18511834682
18511834769
18511835433
18511835486
18511836074
18511836724
18511838294
18511838461
18511838545
18511838794
18511838904
18513243503
18513246331
18513246907
18513248072
18513365347
18513367403
18513642961
18513644367
18513644832
18513647526
18513648793
18513921642
18513922472
18513924275
18513924573
18513924602
18513924768
18513924778
18513924794
18513925459
18513925646
18513925834
18513926384
18513926841
18513927440
18513929417
18513929442
18514060259
18514470791
18514472351
18514472601
18514472761
18514473251
18514473712
18514473978
18514475328
18514475387
18514475832
18514476283
18514487193
18514487530
18514627202
18514627680
18514815276
18515304653
18515306874
18515307294
18515320469
18515322640
18515324571
18515325364
18515329746
18515922194
18515923834
18515926154
18515961954
18515962184
18515962492
18515964861
18515967264
18515967704
18515968264
18515969754
18516862143
18516890244
18516890443
18516891084
18516891354
18516892354
18516892644
18516893804
18516894021
18516894058
18516894241
18516894364
18516894429
18516894465
18516894684
18516894763
18516894815
18516894879
18516894975
18516895074
18516895674
18516895744
18516896417
18516896744
18516897494
18516897541
18516897842
18516898431
18516900834
18516901148
18516901194
18516901254
18516901422
18516901747
18516904046
18516904124
18516904237
18516904257
18516904452
18516904537
18516904712
18516904731
18516904934
18516905014
18516905743
18516905954
18516906174
18516907014
18516907247
18516908463
18516909284
18516909404
18518164139
18518166914
18518167354
18518168054
18518168304
18518243273
18518243752
18518441370
18518446257
18518921644
18518924205
18519341546
18519502524
18519504351
18519506834
18519507134
18519507344
18519508034
18519508141
18519722934
18519723464
18519723471
18519724516
18519724572
18519724647
18519724710
18519724745
18519724967
18519725747
18519726014
18519726194
18519726244
18519726473
18519727254
18519727364
18519727426
18519727476
18519727554
18519727604
18519728446
18519728452
18519728764
18519729034
18519729145
18519729423
18519729483
18548901550
18548901696
18548903319
18548903529
18548905136
18548905271
18548906357
18548906702
18548925290
18548926072