15682001401
15682001403
15682001405
15682001406
15682001407
15682001409
15682001416
15682001417
15682001418
15682001420
15682001421
15682001423
15682001424
15682001425
15682001426
15682001427
15682001428
15682001429
15682001430
15682001431
15682001432
15682001436
15682001438
15682001439
15682001441
15682001442
15682001443
15682001445
15682001447
15682001448
15682001449
15682001450
15682001452
15682001454
15682001457
15682001458
15682001459
15682001461
15682001463
15682001465
15682001467
15682001469
15682001470
15682001471
15682001473
15682001474
15682001475
15682001478
15682001479
15682001480
15682001481
15682001482
15682001483
15682001484
15682001485
15682001486
15682001487
15682001490
15682001491
15682001492
15682001493
15682001494
15682001496
15682001497
15682001498
15682001504
15682001514
15682001524
15682001534
15682001540
15682001541
15682001542
15682001544
15682001545
15682001547
15682001548
15682001549
15682001554
15682001574
15682001584
15682001594
15682001604
15682001614
15682001624
15682001634
15682001640
15682001641
15682001642
15682001643
15682001644
15682001645
15682001646
15682001648
15682001664
15682001674
15682001684
15682001694
15682001704
15682001714
15682001724
15682001734
15682001764
15682001784
15682001804
15682001840
15682001841
15682001842
15682001843
15682001845
15682001846
15682001847
15682001848
15682001854
15682001864
15682001874
15682001884
15682001904
15682001914
15682001924
15682001934
15682001941
15682001942
15682001943
15682001944
15682001945
15682001948
15682001949
15682001954
15682001974
15682002024
15682002041
15682002044
15682002046
15682002048
15682002054
15682002094
15682002114
15682002124
15682002140
15682002143
15682002144
15682002145
15682002146
15682002147
15682002148
15682002164
15682002184
15682002194
15682002204
15682002214
15682002234
15682002241
15682002243
15682002247
15682002249
15682002274
15682002284
15682002304
15682002314
15682002324
15682002334
15682002340
15682002341
15682002342
15682002344
15682002346
15682002347
15682002348
15682002354
15682002364
15682002384
15682002394
15682002402
15682002403
15682002404
15682002405
15682002407
15682002408
15682002409
15682002413
15682002414
15682002415
15682002417
15682002419
15682002424
15682002426
15682002427
15682002428
15682002430
15682002434
15682002435
15682002436
15682002438
15682002439
15682002440
15682002442
15682002443
15682002445
15682002446
15682002447
15682002448
15682002451
15682002453
15682002454
15682002456
15682002457
15682002461
15682002462
15682002464
15682002465
15682002467
15682002468
15682002469
15682002470
15682002472
15682002473
15682002474
15682002475
15682002479
15682002480
15682002481
15682002482
15682002483
15682002484
15682002485
15682002487
15682002489
15682002490
15682002491
15682002492
15682002493
15682002494
15682002495
15682002496
15682002504
15682002514
15682002524
15682002534
15682002540
15682002541
15682002542
15682002543
15682002544
15682002546
15682002547
15682002548
15682002549
15682002584
15682002594
15682002604
15682002614
15682002634
15682002640
15682002641
15682002642
15682002643
15682002645
15682002646
15682002647
15682002648
15682002654
15682002664
15682002674
15682002684
15682002694
15682002704
15682002714
15682002724
15682002734
15682002740
15682002743
15682002744
15682002745
15682002747
15682002748
15682002749
15682002754
15682002764
15682002774
15682002784
15682002814
15682002824
15682002834
15682002840
15682002841
15682002844
15682002845
15682002846
15682002847
15682002849
15682002854
15682002864
15682002874
15682002884
15682002894
15682002904
15682002914
15682002924
15682002934
15682002942
15682002943
15682002945
15682002946
15682002947
15682002948
15682002949
15682002954
15682003014
15682003024
15682003034
15682003041
15682003042
15682003043
15682003044
15682003045
15682003047
15682003049
15682003054
15682003064
15682003074
15682003094
15682003104
15682003114
15682003134
15682003140
15682003143
15682003144
15682003145
15682003146
15682003147
15682003148
15682003149
15682003240
15682003241
15682003242
15682003245
15682003246
15682003248
15682003249
15682003340
15682003342
15682003346
15682003347
15682003348
15682003349
15682003401
15682003402
15682003405
15682003406
15682003407
15682003408
15682003409
15682003415
15682003416
15682003417
15682003419
15682003420
15682003423
15682003425
15682003426
15682003427
15682003428
15682003430
15682003431
15682003435
15682003436
15682003438
15682003439
15682003440
15682003441
15682003442
15682003443
15682003445
15682003446
15682003448
15682003449
15682003452
15682003458
15682003460
15682003461
15682003462
15682003463
15682003467
15682003468
15682003469
15682003470
15682003473
15682003475
15682003476
15682003478
15682003479
15682003482
15682003483
15682003485
15682003486
15682003489
15682003493
15682003495
15682003496
15682003497
15682003498
15682003540
15682003541
15682003542
15682003543
15682003545
15682003546
15682003547
15682003548
15682003549
15682003641
15682003642
15682003645
15682003647
15682003649
15682003740
15682003741
15682003742
15682003743
15682003745
15682003747
15682003748
15682003749
15682003840
15682003841
15682003842
15682003845
15682003846
15682003847
15682003848
15682003941
15682003942
15682003943
15682003945
15682003946
15682003947
15682003948
15682004006
15682004007
15682004008
15682004274
15682005041
15682005042
15682005043
15682005045
15682005046
15682005047
15682005048
15682005049
15682005140
15682005141
15682005145
15682005146
15682005147
15682005240
15682005241
15682005243
15682005246
15682005248
15682005341
15682005342
15682005343
15682005346
15682005347
15682005348
15682005349
15682005402
15682005403
15682005405
15682005406
15682005407
15682005409
15682005410
15682005412
15682005413
15682005415
15682005416
15682005418
15682005420
15682005421
15682005423
15682005425
15682005426
15682005429
15682005431
15682005435
15682005437
15682005438
15682005439
15682005440
15682005441
15682005442
15682005443
15682005445
15682005449
15682005450
15682005452
15682005453
15682005456
15682005457
15682005458
15682005459
15682005460
15682005461
15682005463
15682005465
15682005467
15682005468
15682005469
15682005471
15682005472
15682005476
15682005478
15682005479
15682005480
15682005481
15682005482
15682005483
15682005485
15682005486
15682005487
15682005492
15682005493
15682005495
15682005496
15682005497
15682005498
15682005540
15682005541
15682005542
15682005545
15682005546
15682005547
15682005548
15682005640
15682005641
15682005642
15682005647
15682005648
15682005649
15682005740
15682005741
15682005742
15682005747
15682005748
15682005840
15682005841
15682005842
15682005843
15682005845
15682005846
15682005849
15682005941
15682005943
15682005945
15682005946
15682005947
15682005948
16602808459
16602874057
16602874434
16602874437
16602877451
16602877548
16602877584
16608051184
16608054017
16608054024
16608054043
16608054137
16608054175
16608054226
16608054251
16608054261
16608054271
16608054275
16608054283
16608054347
16608054437
16608054497
16608054634
16608054674
16608054691
16608054710
16608054746
16608054772
16608054774
16608054794
16608054823
16608054906
16608054964
16608055024
16608055412
16608055427
16608055438
16608055457
16608055941
16608055946
16608056145
17602810174
17602812104
17602812438
17602812474
17602813084
17602813304
17602814180
17602814274
17602814484
17602814590
17602814592
17602814780
17602814932
17602815249
17602815641
17602816594
17602817043
17602817461
17602818747
17602819043
17602820743
17602821374
17602821459
17602821743
17602821841
17602824406
17602824631
17602824729
17602824814
17602825487
17602825794
17602825944
17602826470
17602826504
17602827044
17602827248
17602827494
17602828087
17602828347
17602829834
17602830314
17602830364
17602831043
17602831294
17602831424
17602833184
17602834154
17602834450
17602834864
17602835142
17602836584
17602836746
17602837544
17602837584
17602839402
17602839483
17602839674
17602840143
17602840541
17602840774
17602840954
17602841462
17602842694
17602843544
17602843794
17602844014
17602844594
17602847401
17602849274
17602850145
17602851194
17602851412
17602851684
17602852094
17602852497
17602852524
17602852904
17602853142
17602853448
17602853574
17602854264
17602854278
17602854451
17602854453
17602854874
17602856248
17602857154
17602857414
17602857440
17602857574
17602857764
17602858047
17602858124
17602858174
17602858342
17602858974
17602859534
17602859674
17602859784
17602863794
17602864214
17602864763
17602865694
17602866974
17602868914
17602870419
17602870491
17602870834
17602871427
17602871459
17602872104
17602872714
17602874193
17602874236
17602874385
17602874503
17602874784
17602874941
17602875094
17602875294
17602875334
17602875384
17602875694
17602875714
17602876374
17602876449
17602876864
17602877413
17602878514
17602879424
17602883164
17602883494
17602885423
17602886154
17602886274
17602886473
17602886490
17602890465
17602890476
17602890741
17602890742
17602891064
17602891704
17602892164
17602892724
17602894734
17602894763
17602894794
17602894795
17602894904
17602895014
17602895147
17602895263
17602895374
17602896404
17602896420
17608010467
17608011964
17608012864
17608014034
17608014065
17608014284
17608014349
17608014364
17608014379
17608014386
17608014462
17608014481
17608014483
17608014623
17608014657
17608014673
17608014684
17608014735
17608014857
17608014951
17608014967
17608014972
17608014973
17608017194
17608017344
17608017546
17608018674
17608019649
17608019814
17608021482
17608021574
17608023674
17608024261
17608024270
17608024784
17608024823
17608025034
17608025274
17608025384
17608025624
17608025714
17608025842
17608026404
17608026847
17608026894
17608027041
17608027436
17608027634
17608029524
17608030947
17608031074
17608031374
17608031746
17608032674
17608033214
17608033574
17608034039
17608035347
17608037294
17608037407
17608037435
17608037904
17608039435
17608040834
17608041340
17608041364
17608041684
17608042047
17608042534
17608043324
17608043407
17608044342
17608044384
17608045084
17608045364
17608045514
17608046479
17608046574
17608046843
17608047054
17608047134
17608047334
17608047450
17608047462
17608048154
17608048241
17608049244
17608049334
17608053834
17608054340
17608054631
17608054953
17608055894
17608056294
17608056434
17608058464
17608059457
17608071405
17608072894
17608073247
17608073514
17608073574
17608073748
17608074094
17608074219
17608074240
17608074361
17608074974
17608075641
17608075914
17608076144
17608076214
17608076843
17608077341
17608078374
17608078604
17608079124
17608079184
17608091420
17608093149
17608093423
17608094209
17608094294
17608094676
17608094706
17608097842
17608098410
17608098473
17608229874
17608230514
17608231427
17608231439
17608231874
17608232542
17608232974
17608233047
17608233294
17608233474
17608234631
17608234871
17608235241
17608235401
17608235437
17608235446
17608235457
17608235904
17608236254
17608236924
17608237140
17608237641
17608237684
17608238045
17608238240
17608238704
17608238974
17608239934
17608240476
17608241249
17608241370
17608241641
17608241696
17608242741
17608242857
17608243529
17608243531
17608243671
17608243754
17608243872
17608243964
17608244097
17608244129
17608244504
17608244783
17608244797
17608245034
17608245194
17608245642
17608245974
17608246694
17608247402
17608248214
17608248405
17608249406
17608249544
17608281475
17608282041
17608283014
17608283154
17608284247
17608285924
17608286431
17608286674
17608289346
17608289774
17608290284
17608290534
17608291487
17608291504
17608291924
17608292254
17608292549
17608292594
17608292714
17608292941
17608293014
17608293134
17608293425
17608293574
17608293594
17608293644
17608293749
17608294019
17608294093
17608294103
17608294187
17608294247
17608294365
17608294431
17608294702
17608294749
17608294907
17608294964
17608295407
17608295429
17608295614
17608295684
17608295874
17608296341
17608296434
17608296443
17608296946
17608296954
17608297394
17608297476
17608297504
17608297947
17608297984
17608298549
17608299134
17608299643
17608299754
17612802453
17612802647
17612804074
17612804279
17612804467
17612804472
17612804675
17612804813
17612804926
17612805402
17612805764
17612806429
17612807482
17612807544
17612810403
17612810634
17612810674
17612811847
17612813354
17612813514
17612813747
17612814193
17612814280
17612814594
17612814981
17612815394
17612815504
17612816024
17612817104
17612817343
17612817463
17612819244
17612819424
17612819524
17612820194
17612820542
17612822451
17612824791
17612824923
17612824976
17612825474
17612825943
17612826154
17612826464
17612826487
17612828574
17612829734
17612829741
17612830143
17612830194
17612830243
17612830341
17612830549
17612830744
17612830764
17612831047
17612831436
17612831544
17612831634
17612831849
17612831964
17612832415
17612832474
17612832484
17612832534
17612832684
17612833140
17612833147
17612833241
17612833452
17612833463
17612833468
17612833481
17612833514
17612833604
17612834042
17612834059
17612834275
17612834368
17612834417
17612834482
17612834564
17612834681
17612834820
17612834904
17612834947
17612835140
17612835347
17612835407
17612835414
17612835442
17612835472
17612835495
17612836243
17612836419
17612836854
17612836943
17612837432
17612837438
17612837443
17612837487
17612837642
17612838041
17612838548
17612839540
17612840134
17612840244
17612840254
17612840941
17612841194
17612841340
17612841402
17612841452
17612841743
17612841944
17612842042
17612842471
17612842476
17612842634
17612843044
17612843524
17612843614
17612843704
17612844082
17612844169
17612844305
17612844382
17612844674
17612844783
17612845469
17612845614
17612845840
17612845940
17612846457
17612846564
17612846954
17612848149
17612848541
17612850945
17612851142
17612851364
17612851410
17612851449
17612851484
17612851492
17612851740
17612851904
17612852204
17612852441
17612852474
17612852742
17612852842
17612853043
17612853143
17612853427
17612853544
17612853546
17612853742
17612853904
17612854104
17612854192
17612854234
17612854297
17612854329
17612854371
17612854415
17612854687
17612854694
17612854830
17612854852
17612854910
17612854937
17612855194
17612856074
17612857402
17612857574
17612858074
17612859244
17612859467
17612860274
17612860544
17612860584
17612860734
17612861424
17612862394
17612863744
17612863947
17612864162
17612864165
17612864179
17612864304
17612864315
17612864571
17612864594
17612864609
17612864682
17612865344
17612865547
17612865874
17612867024
17612867904
17612869624
17612870354
17612871054
17612871408
17612871884
17612872245
17612872614
17612872764
17612872847
17612873914
17612874954
17612875438
17612876340
17612876747
17612876942
17612876961
17612877243
17612877854
17612878244
17612878264
17612881645
17612883104
17612883604
17612884964
17612889246
17612889749
17612891442
17612891646
17612892034
17612892314
17612892446
17612892541
17612892745
17612893423
17612893594
17612894045
17612894073
17612894143
17612894364
17612894467
17612894706
17612894872
17612894912
17612895640
17612895748
17612895824
17612896042
17612896452
17612897142
17612897446
17612897947
17612898941
17628004131
17628012647
17628012674
17628012724
17628012954
17628014024
17628015442
17628017547
17628020740
17628021405
17628021594
17628021794
17628022064
17628023483
17628023547
17628024745
17628025142
17628026074
17628026084
17628026124
17628026744
17628027141
17628027354
17628027642
17628028304
17628029341
17628029475
17628029894
17628031430
17628032401
17628034143
17628034495
17628034609
17628034771
17628035804
17628036451
17628036954
17628037354
17628037402
17628037440
17628039844
17628040194
17628040949
17628041154
17628041429
17628041634
17628041954
17628042161
17628042175
17628042371
17628042490
17628042571
17628042648
17628042704
17628042741
17628042771
17628043041
17628043172
17628043327
17628043470
17628043472
17628043474
17628043607
17628043674
17628043924
17628043942
17628043944
17628044171
17628044374
17628044392
17628044523
17628044602
17628044764
17628044957
17628045471
17628046014
17628048458
17628048645
17628048649
17628048714
17628049034
17628049143
17628049472
17628049473
17628049548
17628050442
17628050874
17628053442
17628053674
17628053954
17628054059
17628054069
17628054403
17628054474
17628054562
17628054915
17628055462
17628055494
17628055744
17628057412
17628057574
17628057924
17628058034
17628058436
17628059045
17628059084
17628059204
17628061374
17628070384
17628070514
17628070748
17628070924
17628071354
17628071465
17628071654
17628071874
17628072514
17628072543
17628072914
17628072947
17628072984
17628073094
17628073274
17628074061
17628074249
17628074370
17628074417
17628074486
17628074535
17628074661
17628074791
17628074961
17628075834
17628075842
17628076014
17628076048
17628076949
17628077346
17628077524
17628077647
17628078274
17628078415
17628079044
17628079141
17628079470
17628081142
17628081584
17628082493
17628083547
17628084037
17628084137
17628084274
17628084384
17628085347
17628086394
17628087042
17628087143
17628087542
17628090143
17628090541
17628091443
17628091544
17628092401
17628092436
17628092744
17628093144
17628093243
17628094076
17628094103
17628094261
17628094324
17628094629
17628095164
17628097104
17628097463
17628287264
17628290487
17628290864
17628291842
17628292074
17628294792
17683242164
17683242745
17683242914
17683243584
17683247594
17683248147
17683248734
17683249694
17683249843
17683280794
17683280942
17683281545
17683282452
17683283404
17683284067
17683284164
17683284412
17683284417
17683284704
17683284943
17683285574
17683285641
17683285845
17683289841
18581506497
18581593244
18581596854
18581614764
18581616694
18581616714
18581616724
18581616734
18581616740
18581616741
18581616744
18581616745
18581616747
18581616748
18581616749
18581616754
18581616774
18581616784
18581616794
18581616824
18581616834
18581616841
18581616842
18581616846
18581616847
18581616854
18581616864
18581616874
18581616894
18581616924
18581616934
18581616940
18581616941
18581616942
18581616943
18581616945
18581616946
18581616947
18581616949
18581616954
18581616964
18581616974
18581617004
18581617034
18581617040
18581617042
18581617043
18581617044
18581617045
18581617046
18581617047
18581617048
18581617054
18581617064
18581617084
18581617094
18581617104
18581617134
18581617140
18581617143
18581617146
18581617147
18581617148
18581617154
18581617174
18581617184
18581617194
18581617204
18581617214
18581617224
18581617234
18581617240
18581617241
18581617243
18581617244
18581617246
18581617247
18581617248
18581617249
18581617254
18581617264
18581617284
18581617294
18581617314
18581617324
18581617334
18581617340
18581617341
18581617342
18581617344
18581617345
18581617346
18581617347
18581617354
18581617394
18581617402
18581617403
18581617404
18581617405
18581617406
18581617407
18581617408
18581617409
18581617410
18581617412
18581617413
18581617414
18581617415
18581617418
18581617419
18581617420
18581617421
18581617425
18581617426
18581617427
18581617428
18581617429
18581617430
18581617431
18581617432
18581617434
18581617435
18581617436
18581617437
18581617440
18581617441
18581617443
18581617445
18581617447
18581617448
18581617449
18581617451
18581617452
18581617453
18581617457
18581617458
18581617459
18581617460
18581617463
18581617464
18581617465
18581617467
18581617468
18581617470
18581617472
18581617473
18581617475
18581617478
18581617480
18581617481
18581617482
18581617484
18581617485
18581617486
18581617487
18581617489
18581617491
18581617492
18581617493
18581617494
18581617495
18581617497
18581617504
18581617514
18581617540
18581617542
18581617543
18581617544
18581617546
18581617547
18581617548
18581617549
18581617554
18581617574
18581617584
18581617594
18581617624
18581617634
18581617640
18581617643
18581617644
18581617645
18581617646
18581617649
18581617674
18581617684
18581617694
18581617704
18581617714
18581617724
18581617734
18581617740
18581617749
18581617764
18582464754
18582479454
18582492704
18582493645
18582496751
18582573384
18582573394
18582573401
18582573404
18582573405
18582573406
18582573407
18582573408
18582573412
18582573414
18582573416
18582573417
18582573418
18582573419
18582573420
18582573421
18582573424
18582573425
18582573426
18582573427
18582573428
18582573429
18582573430
18582573431
18582573434
18582573437
18582573439
18582573441
18582573445
18582573446
18582573447
18582573448
18582573449
18582573451
18582573452
18582573453
18582573454
18582573457
18582573459
18582573460
18582573461
18582573462
18582573464
18582573465
18582573467
18582573468
18582573469
18582573470
18582573473
18582573474
18582573475
18582573478
18582573479
18582573480
18582573481
18582573482
18582573484
18582573485
18582573486
18582573489
18582573490
18582573491
18582573493
18582573494
18582573495
18582573497
18582573504
18582573514
18582573524
18582573534
18582573540
18582573541
18582573542
18582573543
18582573544
18582573546
18582573549
18582573554
18582573574
18582573594
18582573604
18582573614
18582573624
18582573634
18582573641
18582573642
18582573643
18582573644
18582573645
18582573646
18582573647
18582573648
18582573649
18582573664
18582573674
18582573684
18582573694
18582573704
18582573714
18582573724
18582573740
18582573741
18582573742
18582573743
18582573744
18582573745
18582573746
18582573747
18582573749
18582573754
18582573764
18582573784
18582573794
18582573814
18582573824
18582573840
18582573841
18582573842
18582573843
18582573844
18582573845
18582573846
18582573847
18582573849
18582573854
18582573864
18582573894
18582573904
18582573914
18582573934
18582573940
18582573941
18582573942
18582573943
18582573944
18582573945
18582573946
18582573948
18582573949
18582573954
18582573964
18582573974
18582573984
18582574001
18582574002
18582574003
18582574004
18582574006
18582574007
18582574008
18582574013
18582574014
18582574015
18582574018
18582574019
18582574020
18582574021
18582574023
18582574026
18582574027
18582574028
18582574030
18582574034
18582574035
18582574036
18582574037
18582574040
18582574041
18582574042
18582574043
18582574047
18582574048
18582574049
18582574050
18582574053
18582574054
18582574056
18582574057
18582574059
18582574060
18582574061
18582574062
18582574063
18582574064
18582574067
18582574068
18582574069
18582574070
18582574071
18582574073
18582574075
18582574076
18582574079
18582574080
18582574081
18582574082
18582574083
18582574085
18582574086
18582574087
18582574091
18582574094
18582574095
18582574096
18582574097
18582574098
18582574102
18582574103
18582574104
18582574105
18582574106
18582574107
18582574108
18582574109
18582574112
18582574113
18582574114
18582574115
18582574117
18582574118
18582574119
18582574120
18582574121
18582574124
18582574126
18582574127
18582574128
18582574131
18582574134
18582574136
18582574137
18582574138
18582574139
18582574140
18582574143
18582574145
18582574146
18582574149
18582574151
18582574152
18582574153
18582574154
18582574156
18582574159
18582574160
18582574163
18582574164
18582574165
18582574167
18582574170
18582574171
18582574172
18582574173
18582574174
18582574176
18582574179
18582574180
18582574181
18582574182
18582574184
18582574185
18582574186
18582574187
18582574189
18582574190
18582574194
18582574196
18582574197
18582574198
18582574201
18582574202
18582574203
18582574205
18582574206
18582574208
18582574210
18582574214
18582574215
18582574216
18582574218
18582574219
18582574220
18582574221
18582574223
18582574225
18582574226
18582574227
18582574228
18582574231
18582574232
18582574235
18582574236
18582574237
18582574241
18582574243
18582574244
18582574245
18582574246
18582574247
18582574248
18582574250
18582574251
18582574252
18582574253
18582574254
18582574258
18582574259
18582574260
18582574261
18582574262
18582574263
18582574264
18582574265
18582574267
18582574268
18582574269
18582574270
18582574273
18582574274
18582574275
18582574279
18582574282
18582574284
18582574285
18582574290
18582574291
18582574292
18582574295
18582574296
18582574298
18582574301
18582574302
18582574303
18582574304
18582574305
18582574307
18582574308
18582574314
18582574315
18582574318
18582574319
18582574320
18582574324
18582574325
18582574326
18582574328
18582574329
18582574331
18582574332
18582574334
18582574336
18582574337
18582574338
18582574339
18582574340
18582574341
18582574342
18582574344
18582574345
18582574347
18582574349
18582574350
18582574351
18582574354
18582574356
18582574359
18582574360
18582574361
18582574362
18582574363
18582574364
18582574367
18582574368
18582574369
18582574370
18582574371
18582574372
18582574373
18582574374
18582574376
18582574378
18582574379
18582574380
18582574381
18582574382
18582574383
18582574385
18582574386
18582574389
18582574390
18582574391
18582574392
18582574393
18582574397
18582574398
18582574401
18582574402
18582574403
18582574404
18582574405
18582574406
18582574407
18582574408
18582574410
18582574412
18582574413
18582574416
18582574418
18582574419
18582574420
18582574423
18582574426
18582574427
18582574428
18582574430
18582574431
18582574434
18582574436
18582574438
18582574439
18582574442
18582574450
18582574452
18582574453
18582574454
18582574456
18582574458
18582574460
18582574461
18582574462
18582574464
18582574465
18582574469
18582574470
18582574472
18582574473
18582574475
18582574476
18582574479
18582574481
18582574482
18582574483
18582574485
18582574486
18582574487
18582574490
18582574491
18582574493
18582574494
18582574496
18582574497
18582574498
18582574501
18582574502
18582574504
18582574505
18582574506
18582574507
18582574512
18582574513
18582574514
18582574515
18582574516
18582574517
18582574518
18582574523
18582574524
18582574525
18582574526
18582574527
18582574528
18582574529
18582574530
18582574531
18582574532
18582574534
18582574535
18582574536
18582574537
18582574540
18582574541
18582574542
18582574543
18582574544
18582574547
18582574548
18582574549
18582574551
18582574554
18582574556
18582574559
18582574560
18582574561
18582574562
18582574565
18582574568
18582574570
18582574572
18582574576
18582574578
18582574579
18582574580
18582574581
18582574583
18582574584
18582574585
18582574586
18582574587
18582574589
18582574590
18582574591
18582574592
18582574593
18582574594
18582574595
18582574596
18582574601
18582574603
18582574604
18582574605
18582574606
18582574607
18582574609
18582574612
18582574613
18582574614
18582574615
18582574619
18582574620
18582574621
18582574624
18582574625
18582574626
18582574627
18582574630
18582574632
18582574634
18582574635
18582574636
18582574637
18582574638
18582574640
18582574641
18582574642
18582574644
18582574645
18582574647
18582574651
18582574652
18582574654
18582574656
18582574658
18582574659
18582574661
18582574662
18582574664
18582574667
18582574670
18582574671
18582574673
18582574675
18582574679
18582574680
18582574681
18582574683
18582574684
18582574686
18582574689
18582574690
18582574691
18582574692
18582574693
18582574694
18582574695
18582574698
18582574703
18582574704
18582574705
18582574706
18582574708
18582574709
18582574710
18582574712
18582574714
18582574716
18582574717
18582574718
18582574720
18582574721
18582574723
18582574724
18582574727
18582574729
18582574730
18582574731
18582574732
18582574734
18582574735
18582574736
18582574737
18582574741
18582574742
18582574745
18582574748
18582574750
18582574752
18582574753
18582574754
18582574756
18582574759
18582574760
18582574762
18582574763
18582574764
18582574765
18582574767
18582574768
18582574770
18582574772
18582574774
18582574775
18582574776
18582574778
18582574779
18582574781
18582574782
18582574783
18582574784
18582574785
18582574786
18582574787
18582574790
18582574791
18582574792
18582574793
18582574795
18582574796
18582574798
18582574801
18582574802
18582574804
18582574805
18582574806
18582574809
18582574813
18582574814
18582574815
18582574816
18582574817
18582574819
18582574820
18582574821
18582574824
18582574827
18582574829
18582574830
18582574831
18582574832
18582574834
18582574836
18582574838
18582574841
18582574842
18582574844
18582574845
18582574846
18582574847
18582574848
18582574851
18582574852
18582574854
18582574856
18582574857
18582574858
18582574859
18582574861
18582574862
18582574863
18582574865
18582574867
18582574871
18582574872
18582574873
18582574874
18582574875
18582574876
18582574878
18582574879
18582574880
18582574883
18582574887
18582574890
18582574891
18582574892
18582574893
18582574894
18582574897
18582574901
18582574902
18582574905
18582574906
18582574907
18582574908
18582574909
18582574910
18582574912
18582574913
18582574914
18582574919
18582574920
18582574921
18582574925
18582574926
18582574927
18582574928
18582574929
18582574930
18582574931
18582574932
18582574934
18582574935
18582574937
18582574939
18582574940
18582574941
18582574942
18582574943
18582574945
18582574946
18582574947
18582574948
18582574949
18582574950
18582574951
18582574952
18582574954
18582574958
18582574960
18582574962
18582574963
18582574964
18582574965
18582574968
18582574970
18582574971
18582574973
18582574974
18582574976
18582574978
18582574979
18582574980
18582574981
18582574982
18582574983
18582574987
18582574989
18582574993
18582574994
18582574995
18582574997
18582575024
18582575034
18582575041
18582575042
18582575043
18582575044
18582575045
18582575048
18582575054
18582575074
18582575084
18582575094
18582575124
18582575134
18582575140
18582575141
18582575142
18582575143
18582575145
18582575146
18582575147
18582575149
18582575154
18582575164
18582575194
18582575224
18582575240
18582575241
18582575242
18582575243
18582575245
18582575249
18582575264
18582575274
18582575284
18582575294
18582575304
18582575324
18582575334
18582575340
18582575341
18582575342
18582575345
18582575346
18582575347
18582575349
18582575354
18582575384
18582575403
18582575405
18582575406
18582575407
18582575408
18582575409
18582575412
18582575413
18582575414
18582575416
18582575417
18582575418
18582575419
18582575420
18582575423
18582575424
18582575425
18582575426
18582575427
18582575428
18582575429
18582575431
18582575434
18582575435
18582575436
18582575437
18582575438
18582575440
18582575441
18582575442
18582575443
18582575446
18582575447
18582575448
18582575449
18582575450
18582575452
18582575453
18582575454
18582575456
18582575457
18582575458
18582575460
18582575461
18582575462
18582575463
18582575464
18582575467
18582575468
18582575469
18582575471
18582575472
18582575474
18582575476
18582575479
18582575480
18582575481
18582575482
18582575483
18582575485
18582575486
18582575487
18582575489
18582575490
18582575491
18582575492
18582575493
18582575494
18582575495
18582575497
18582575498
18582575504
18582575540
18582575541
18582575544
18582575546
18582575547
18582575574
18582575584
18582575594
18582575604
18582575614
18582579485
18584804504
18584804579
18584810347
18584864574
18584874634
18584907459
18584916274