13018700581
13018700839
13018701530
13018701560
13018702290
13018702359
13018702501
13018702815
13018702931
13018705103
13018705330
13018705602
13018705893
13018705962
13018706361
13018706823
13018706831
13018706832
13018708150
13018708169
13018708196
13018708595
13018708956
13018709102
13018709230
13018709321
13025350149
13025350174
13025350340
13025350344
13025350349
13025350354
13025350374
13025350394
13025350434
13025350437
13025350445
13025350447
13025350451
13025350452
13025350463
13025350465
13025350467
13025350469
13025350482
13025350485
13025350491
13025350494
13025350542
13025350549
13025350554
13025350574
13025350644
13025350645
13025350646
13025350654
13025350694
13025350746
13025350748
13025350784
13025350842
13025350864
13025350941
13025351042
13025351084
13025351140
13025351240
13025351243
13025351246
13025351254
13025351274
13025351334
13025351343
13025351354
13025351394
13025351401
13025351406
13025351416
13025351423
13025351425
13025351426
13025351445
13025351457
13025351464
13025351467
13025351469
13025351470
13025351473
13025351474
13025351484
13025351491
13025351497
13025351504
13025351524
13025351534
13025351584
13025351594
13025351641
13025351642
13025351645
13025351647
13025351649
13025351684
13025351734
13025351742
13025351743
13025351745
13025351794
13025351849
13025351854
13025351904
13025351947
13025352104
13025352246
13025352247
13025352264
13025352294
13025352334
13025352344
13025352403
13025352406
13025352409
13025352412
13025352417
13025352425
13025352436
13025352459
13025352467
13025352469
13025352470
13025352471
13025352473
13025352475
13025352479
13025352481
13025352483
13025352484
13025352486
13025352487
13025352491
13025352514
13025352564
13025352642
13025352644
13025352674
13025352694
13025352740
13025352844
13025353041
13025353094
13025353214
13025353247
13025353342
13025353409
13025353416
13025353417
13025353423
13025353461
13025353495
13025353496
13025353634
13025353647
13025353654
13025353744
13025353844
13025354015
13025354032
13025354041
13025354046
13025354052
13025354054
13025354064
13025354074
13025354084
13025354096
13025354097
13025354117
13025354144
13025354152
13025354159
13025354161
13025354171
13025354194
13025354204
13025354205
13025354214
13025354246
13025354256
13025354264
13025354272
13025354275
13025354285
13025354289
13025354326
13025354327
13025354344
13025354349
13025354375
13025354376
13025354379
13025354382
13025354385
13025354397
13025354404
13025354409
13025354417
13025354436
13025354459
13025354467
13025354473
13025354476
13025354479
13025354493
13025354495
13025354501
13025354502
13025354506
13025354519
13025354523
13025354532
13025354589
13025354592
13025354601
13025354607
13025354614
13025354630
13025354639
13025354644
13025354652
13025354654
13025354659
13025354671
13025354702
13025354715
13025354717
13025354724
13025354736
13025354751
13025354759
13025354762
13025354764
13025354767
13025354782
13025354795
13025354801
13025354806
13025354812
13025354831
13025354843
13025354845
13025354852
13025354859
13025354862
13025354867
13025354870
13025354874
13025354891
13025354906
13025354912
13025354914
13025354916
13059570071
13059570170
13059570271
13059570272
13059570292
13059570297
13059570573
13059570575
13059570579
13059570591
13059570657
13059570671
13059570751
13059570752
13059570756
13059570957
13059570987
13059571272
13059571361
13059571370
13059571371
13059571375
13059571395
13059571517
13059571576
13059571580
13059571671
13059571673
13059571709
13059571730
13059571736
13059571737
13059571872
13059571963
13059572027
13059572079
13059572107
13059572125
13059572169
13059572172
13059572287
13059572369
13059572387
13059572517
13059572551
13059572570
13059572576
13059572650
13059572672
13059572673
13059572702
13059572705
13059572719
13059572721
13059572730
13059572756
13059572780
13059572857
13059572871
13059572876
13059572897
13059573151
13059573171
13059573252
13059573272
13059573276
13059573279
13059573607
13059573702
13059573707
13059573719
13059573720
13059573751
13059573762
13059573767
13059573817
13059573870
13059575025
13059575027
13059575087
13059575173
13059575175
13059575176
13059575337
13059575631
13059575731
13059576081
13059576107
13059576127
13059576182
13059576270
13059576272
13059576273
13059576276
13059576278
13059576296
13059576367
13059576375
13059576507
13059576571
13059576720
13059576760
13059576772
13059576797
13059576937
13059576970
13059576971
13059576973
13059576975
13059576979
13059577015
13059577091
13059577106
13059577212
13059577231
13059577270
13059577276
13059577291
13059577297
13059577331
13059577359
13059577361
13059577371
13059577372
13059577381
13059577390
13059577536
13059577539
13059577571
13059577585
13059577593
13059577612
13059577631
13059577653
13059577860
13059577925
13059577975
13059578067
13059578076
13059578097
13059578137
13059578175
13059578176
13059578283
13059578287
13059578375
13059578537
13059578538
13059578569
13059578587
13059578631
13059578673
13059578675
13059578715
13059578750
13059578752
13059578759
13059578927
13059578956
13059579057
13059579060
13059579061
13059579107
13059579157
13059579220
13059579275
13059579327
13059579360
13059579371
13059579372
13059579379
13059579537
13059579715
13059579716
13059579773
13059579783
13059579857
13059579872
13149020144
13149020276
13149020285
13149020335
13149020357
13149020361
13149020363
13149020367
13149020370
13149020371
13149020372
13149020373
13149020378
13149020379
13149020385
13149020387
13149020391
13149020395
13149020397
13149020431
13149020432
13149020446
13149020449
13149020452
13149020453
13149020469
13149020471
13149020472
13149020473
13149020476
13149020478
13149020479
13149020481
13149020485
13149020493
13149020494
13149020497
13149020534
13149020536
13149020540
13149020541
13149020544
13149020546
13149020549
13149020551
13149020560
13149020562
13149020564
13149020570
13149020573
13149020574
13149020575
13149020578
13149020579
13149020582
13149020583
13149020584
13149020589
13149020594
13149020595
13149020596
13149020597
13149020631
13149020632
13149020634
13149020637
13149020639
13149020641
13149020642
13149020645
13149020647
13149020649
13149020651
13149020652
13149020653
13149020659
13149020667
13149020671
13149020672
13149020673
13149020674
13149020675
13149020679
13149020682
13149020683
13149020685
13149020687
13149020691
13149020692
13149020693
13149020695
13149020697
13149020732
13149020735
13149020738
13149020740
13149020744
13149020746
13149020748
13149020751
13149020752
13149020754
13149020758
13149020759
13149020760
13149020761
13149020762
13149020765
13149020769
13149020781
13149020783
13149020786
13149020792
13149020794
13149020795
13149020797
13149020834
13149020837
13149020839
13149020842
13149020843
13149020846
13149020847
13149020851
13149020852
13149020856
13149020857
13149020859
13149020861
13149020862
13149020863
13149020867
13149020870
13149020871
13149020873
13149020874
13149020879
13149020891
13149020892
13149020894
13149020936
13149020937
13149020944
13149020947
13149020951
13149020954
13149020956
13149020958
13149020961
13149020962
13149020963
13149020970
13149020973
13149020974
13149020976
13149020979
13149020981
13149021032
13149021034
13149021035
13149021039
13149021041
13149021045
13149021051
13149021053
13149021054
13149021056
13149021062
13149021063
13149021065
13149021067
13149021069
13149021070
13149021071
13149021074
13149021075
13149021076
13149021079
13149021081
13149021082
13149021084
13149021095
13149021096
13149021097
13149021135
13149021140
13149021143
13149021150
13149021152
13149021160
13149021162
13149021165
13149021173
13149021175
13149021176
13149021179
13149021187
13149021195
13149021196
13149021197
13149021235
13149021239
13149021240
13149021241
13149021243
13149021245
13149021246
13149021247
13149021250
13149021251
13149021252
13149021253
13149021256
13149021259
13149021264
13149021270
13149021271
13149021272
13149021274
13149021275
13149021276
13149021278
13149021280
13149021284
13149021285
13149021287
13149021290
13149021293
13149021294
13149021295
13149021297
13149021302
13149021303
13149021307
13149021316
13149021317
13149021320
13149021324
13149021325
13149021335
13149021336
13149021342
13149021343
13149021347
13149021352
13149021353
13149021354
13149021359
13149021360
13149021362
13149021365
13149021370
13149021373
13149021376
13149021378
13149021379
13149021381
13149021387
13149021391
13149021393
13149021394
13149021395
13149021397
13149021402
13149021403
13149021406
13149021408
13149021410
13149021421
13149021424
13149021429
13149021430
13149021431
13149021434
13149021435
13149021437
13149021439
13149021441
13149021453
13149021457
13149021460
13149021461
13149021469
13149021474
13149021475
13149021482
13149021491
13149021493
13149021496
13149021501
13149021503
13149021504
13149021505
13149021507
13149021508
13149021509
13149021510
13149021517
13149021524
13149021530
13149021531
13149021535
13149021536
13149021537
13149021538
13149021543
13149021545
13149021546
13149021547
13149021548
13149021562
13149021564
13149021569
13149021570
13149021572
13149021575
13149021576
13149021578
13149021579
13149021580
13149021584
13149021585
13149021589
13149021590
13149021591
13149021597
13149021602
13149021604
13149021606
13149021607
13149021610
13149021612
13149021615
13149021617
13149021621
13149021623
13149021625
13149021627
13149021629
13149021632
13149021635
13149021637
13149021639
13149021640
13149021641
13149021643
13149021647
13149021649
13149021650
13149021651
13149021652
13149021653
13149021664
13149021665
13149021670
13149021671
13149021673
13149021676
13149021679
13149021685
13149021690
13149021691
13149021694
13149021697
13149021701
13149021702
13149021703
13149021704
13149021705
13149021706
13149021707
13149021709
13149021712
13149021714
13149021719
13149021720
13149021721
13149021723
13149021724
13149021725
13149021726
13149021727
13149021730
13149021731
13149021734
13149021735
13149021736
13149021737
13149021738
13149021739
13149021741
13149021742
13149021743
13149021747
13149021750
13149021751
13149021753
13149021754
13149021756
13149021758
13149021759
13149021760
13149021761
13149021762
13149021764
13149021765
13149021770
13149021773
13149021774
13149021775
13149021785
13149021786
13149021792
13149021796
13149021797
13149021802
13149021805
13149021806
13149021814
13149021817
13149021823
13149021825
13149021827
13149021829
13149021831
13149021832
13149021834
13149021835
13149021837
13149021839
13149021843
13149021847
13149021849
13149021850
13149021851
13149021852
13149021853
13149021854
13149021860
13149021862
13149021864
13149021865
13149021870
13149021871
13149021872
13149021873
13149021874
13149021875
13149021895
13149021896
13149021902
13149021903
13149021904
13149021915
13149021917
13149021926
13149021927
13149021930
13149021931
13149021934
13149021937
13149021939
13149021941
13149021943
13149021946
13149021950
13149021953
13149021954
13149021957
13149021958
13149021961
13149021962
13149021964
13149021967
13149022026
13149022035
13149022045
13149022046
13149022047
13149022052
13149022054
13149022056
13149022059
13149022062
13149022065
13149022067
13149022071
13149022073
13149022074
13149022091
13149022092
13149022097
13149022107
13149022124
13149022129
13149022132
13149022135
13149022137
13149022139
13149022142
13149022151
13149022152
13149022156
13149022157
13149022164
13149022171
13149022173
13149022175
13149022179
13149022181
13149022184
13149022185
13149022192
13149022194
13149022196
13149022197
13149022304
13149022306
13149022314
13149022315
13149022317
13149022319
13149022325
13149022326
13149022327
13149022351
13149022352
13149022356
13149022357
13149022370
13149022372
13149022376
13149022378
13149022381
13149022385
13149022387
13149022405
13149022413
13149022420
13149022425
13149022436
13149022442
13149022450
13149022451
13149022453
13149022472
13149022474
13149022475
13149022478
13149022479
13149022484
13149022493
13149022496
13149022504
13149022506
13149022507
13149022517
13149022531
13149022537
13149022539
13149022540
13149022541
13149022542
13149022548
13149022557
13149022560
13149022561
13149022562
13149022563
13149022565
13149022571
13149022572
13149022573
13149022576
13149022579
13149022581
13149022582
13149022583
13149022592
13149022593
13149022596
13149022597
13149022601
13149022605
13149022606
13149022614
13149022619
13149022620
13149022623
13149022631
13149022635
13149022638
13149022642
13149022643
13149022645
13149022647
13149022649
13149022651
13149022653
13149022670
13149022673
13149022675
13149022679
13149022694
13149022702
13149022703
13149022704
13149022712
13149022713
13149022715
13149022716
13149022717
13149022719
13149022721
13149022725
13149022728
13149022731
13149022732
13149022734
13149022736
13149022747
13149022749
13149022751
13149022752
13149022756
13149022757
13149022758
13149022759
13149022762
13149022763
13149022767
13149022769
13149022771
13149022780
13149022781
13149022783
13149022793
13149022794
13149022795
13149022796
13149022803
13149022804
13149022805
13149022807
13149022810
13149022827
13149022835
13149022837
13149022841
13149022846
13149022853
13149022854
13149022859
13149022865
13149022867
13149022873
13149022874
13149022876
13149022893
13149022894
13149022905
13149022912
13149022917
13149022925
13149022931
13149022937
13149022945
13149022951
13149022952
13149022957
13149022965
13149022974
13149022982
13149022983
13149023013
13149023019
13149023025
13149023026
13149023027
13149023029
13149023031
13149023035
13149023036
13149023039
13149023043
13149023045
13149023046
13149023047
13149023048
13149023049
13149023050
13149023051
13149023052
13149023054
13149023056
13149023057
13149023059
13149023060
13149023061
13149023069
13149023070
13149023071
13149023075
13149023076
13149023080
13149023084
13149023092
13149023094
13149023095
13149023097
13149023102
13149023103
13149023104
13149023105
13149023106
13149023107
13149023117
13149023124
13149023126
13149023135
13149023137
13149023141
13149023142
13149023143
13149023145
13149023147
13149023153
13149023154
13149023156
13149023160
13149023161
13149023162
13149023165
13149023169
13149023170
13149023172
13149023175
13149023176
13149023179
13149023185
13149023187
13149023189
13149023194
13149023195
13149023201
13149023203
13149023204
13149023215
13149023217
13149023227
13149023235
13149023236
13149023240
13149023242
13149023243
13149023244
13149023245
13149023247
13149023250
13149023252
13149023259
13149023260
13149023261
13149023265
13149023270
13149023273
13149023274
13149023275
13149023276
13149023281
13149023283
13149023284
13149023285
13149023286
13149023287
13149023292
13149023294
13149023297
13149023302
13149023304
13149023305
13149023307
13149023310
13149023315
13149023316
13149023317
13149023319
13149023327
13149023341
13149023342
13149023349
13149023356
13149023357
13149023379
13149023381
13149023395
13149023401
13149023402
13149023403
13149023404
13149023406
13149023410
13149023413
13149023414
13149023417
13149023505
13149023507
13149023509
13149023519
13149023526
13149023528
13149023532
13149023537
13149023552
13149023565
13149023573
13149023578
13149023581
13149023583
13149023586
13149023587
13149023590
13149023591
13149023592
13149023593
13149023596
13149023601
13149023603
13149023605
13149023606
13149023615
13149023620
13149023623
13149023625
13149023627
13149023635
13149023653
13149023656
13149023657
13149023659
13149023670
13149023671
13149023673
13149023675
13149023676
13149023680
13149023681
13149023682
13149023691
13149023693
13149023695
13149023702
13149023703
13149023705
13149023712
13149023713
13149023715
13149023716
13149023717
13149023719
13149023723
13149023726
13149023727
13149023731
13149023732
13149023735
13149023739
13149023750
13149023751
13149023752
13149023761
13149023762
13149023765
13149023767
13149023772
13149023775
13149023780
13149023782
13149023783
13149023785
13149023790
13149023791
13149023792
13149023795
13149023797
13149023801
13149023806
13149023807
13149023810
13149023812
13149023815
13149023817
13149023823
13149023826
13149023832
13149023851
13149023853
13149023857
13149023858
13149023859
13149023861
13149023863
13149023865
13149023867
13149023870
13149023871
13149023873
13149023876
13149023879
13149023901
13149023902
13149023903
13149023905
13149023907
13149023912
13149023913
13149023916
13149023920
13149023921
13149023926
13149023935
13149023936
13149023937
13149023951
13149023952
13149023953
13149023957
13149023961
13149023965
13149023971
13149023975
13149023976
13149023987
13149025007
13149025010
13149025013
13149025015
13149025016
13149025027
13149025031
13149025032
13149025035
13149025039
13149025053
13149025056
13149025057
13149025061
13149025062
13149025067
13149025071
13149025072
13149025073
13149025075
13149025079
13149025082
13149025086
13149025087
13149025091
13149025093
13149025097
13149025103
13149025105
13149025106
13149025107
13149025109
13149025119
13149025129
13149025137
13149025139
13149025153
13149025157
13149025159
13149025160
13149025161
13149025162
13149025167
13149025170
13149025171
13149025173
13149025176
13149025179
13149025185
13149025190
13149025192
13149025195
13149025216
13149025217
13149025221
13149025227
13149025237
13149025239
13149025257
13149025259
13149025260
13149025262
13149025267
13149025269
13149025271
13149025273
13149025275
13149025278
13149025279
13149025281
13149025282
13149025286
13149025291
13149025292
13149025297
13149025301
13149025305
13149025307
13149025309
13149025317
13149025323
13149025325
13149025326
13149025327
13149025329
13149025331
13149025337
13149025359
13149025365
13149025367
13149025371
13149025372
13149025376
13149025379
13149025381
13149025382
13149025385
13149025386
13149025392
13149025396
13149025397
13149025503
13149025506
13149025509
13149025512
13149025513
13149025516
13149025530
13149025539
13149025560
13149025561
13149025563
13149025569
13149025572
13149025576
13149025578
13149025582
13149025586
13149025587
13149025589
13149025591
13149025592
13149025601
13149025607
13149025608
13149025610
13149025613
13149025615
13149025616
13149025617
13149025619
13149025621
13149025623
13149025625
13149025626
13149025627
13149025630
13149025632
13149025636
13149025638
13149025651
13149025653
13149025657
13149025658
13149025671
13149025672
13149025679
13149025682
13149025685
13149025691
13149025693
13149025695
13149025701
13149025702
13149025705
13149025706
13149025707
13149025710
13149025712
13149025713
13149025716
13149025717
13149025719
13149025725
13149025726
13149025729
13149025730
13149025732
13149025735
13149025736
13149025737
13149025750
13149025751
13149025752
13149025753
13149025759
13149025762
13149025763
13149025765
13149025767
13149025769
13149025771
13149025779
13149025781
13149025782
13149025785
13149025787
13149025790
13149025791
13149025792
13149025793
13149025795
13149025796
13149025797
13149025801
13149025802
13149025809
13149025812
13149025815
13149025817
13149025823
13149025826
13149025829
13149025832
13149025836
13149025837
13149025851
13149025856
13149025857
13149025860
13149025861
13149025862
13149025867
13149025870
13149025872
13149025876
13149025890
13149025891
13149025892
13149025895
13149025896
13149025897
13149025905
13149025908
13149025910
13149025912
13149025915
13149025916
13149025923
13149025927
13149025929
13149025930
13149025932
13149025936
13149025951
13149025952
13149025953
13149025956
13149025957
13149025960
13149025961
13149025965
13149025970
13149025972
13149025973
13149025981
13149025982
13149025987
13149025997
13149026013
13149026016
13149026021
13149026027
13149026029
13149026031
13149026032
13149026037
13149026039
13149026050
13149026051
13149026057
13149026061
13149026065
13149026067
13149026072
13149026073
13149026075
13149026082
13149026085
13149026087
13149026090
13149026091
13149026101
13149026102
13149026103
13149026106
13149026108
13149026110
13149026112
13149026113
13149026121
13149026129
13149026130
13149026132
13149026137
13149026139
13149026150
13149026152
13149026153
13149026156
13149026157
13149026162
13149026165
13149026169
13149026170
13149026171
13149026175
13149026179
13149026182
13149026185
13149026186
13149026190
13149026193
13149026195
13149026197
13149026203
13149026205
13149026207
13149026210
13149026212
13149026215
13149026219
13149026221
13149026231
13149026235
13149026237
13149026251
13149026252
13149026253
13149026257
13149026261
13149026267
13149026272
13149026273
13149026276
13149026279
13149026285
13149026287
13149026292
13149026293
13149026295
13149026296
13149026301
13149026303
13149026305
13149026310
13149026312
13149026317
13149026319
13149026321
13149026326
13149026327
13149026337
13149026351
13149026352
13149026353
13149026356
13149026357
13149026358
13149026367
13149026369
13149026371
13149026372
13149026373
13149026375
13149026379
13149026383
13149026385
13149026389
13149026391
13149026392
13149026395
13149026396
13149026397
13149026501
13149026505
13149026512
13149026519
13149026523
13160569571
13160594876
13169732752
13169733724
13169737162
13192756916
13192781752
13192785021
13192786167
13192788507
13192796726
13192797161
13217631057
13217635759
13217638561
13217639573
13217639815
13226560351
13226561502
13226566093
13226582571
13226587329
13226587592
13226589761
13226592170
13226593761
13226596317
13226597651
13229802369
13229803765
13229815037
13229820084
13229820134
13229820145
13229820174
13229820243
13229820247
13229820254
13229820347
13229820445
13229820454
13229820476
13229820481
13229820483
13229820484
13229820486
13229820534
13229820536
13229820541
13229820546
13229820549
13229820643
13229820645
13229820647
13229820734
13229820744
13229820746
13229820754
13229820841
13229820846
13229820847
13229820849
13229820874
13229820964
13229821042
13229821084
13229821140
13229821247
13229821274
13229821334
13229821343
13229821349
13229821354
13229821364
13229821374
13229821394
13229821405
13229821407
13229821410
13229821416
13229821437
13229821440
13229821441
13229821454
13229821460
13229821470
13229821486
13229821487
13229821495
13229821497
13229821524
13229821543
13229821546
13229821547
13229821564
13229821594
13229821604
13229821641
13229821643
13229821645
13229821647
13229821654
13229821684
13229821694
13229821704
13229821724
13229821741
13229821744
13229821745
13229821764
13229821814
13229821834
13229821840
13229821841
13229821845
13229821874
13229821941
13229821944
13229821964
13229822074
13229822104
13229822124
13229822143
13229822146
13229822184
13229822343
13229822346
13229822364
13229822394
13229822405
13229822413
13229822461
13229822491
13229822542
13229822564
13229822574
13229822584
13229822634
13229822640
13229822643
13229822646
13229822647
13229822654
13229822684
13229822694
13229822734
13229822744
13229822746
13229822794
13229822824
13229822843
13229822854
13229822894
13229823024
13229823042
13229823043
13229823045
13229823047
13229823049
13229823054
13229823074
13229823094
13229823104
13229823142
13229823143
13229823144
13229823145
13229823147
13229823154
13229823174
13229823194
13229823204
13229823241
13229823246
13229823264
13229823274
13229823324
13229823346
13229823349
13229823364
13229823405
13229823406
13229823407
13229823410
13229823421
13229823429
13229823437
13229823440
13229823442
13229823445
13229823446
13229823449
13229823450
13229823457
13229823482
13229823484
13229823486
13229823491
13229823496
13229823514
13229823524
13229823541
13229823542
13229823543
13229823544
13229823547
13229823548
13229823549
13229823564
13229823614
13229823641
13229823642
13229823644
13229823645
13229823674
13229823742
13229823844
13229823944
13229823945
13229823974
13229823984
13229824019
13229824024
13229824034
13229824054
13229824059
13229824063
13229824064
13229824074
13229824084
13229824096
13229824104
13229824105
13229824106
13229824107
13229824115
13229824124
13229824127
13229824135
13229824139
13229824146
13229824149
13229824150
13229824151
13229824156
13229824157
13229824160
13229824165
13229824169
13229824170
13229835297
13229840051
13229840235
13229840273
13229840336
13229840372
13229840396
13229840595
13229840657
13229840697
13229840952
13229841036
13229841037
13229841073
13229841093
13229841332
13229841397
13229841519
13229841563
13229841573
13229841692
13229841761
13229841792
13229841935
13229842050
13229842172
13229842173
13229842315
13229842372
13229842376
13229842395
13229842671
13229842719
13229842817
13229842851
13229842860
13229842861
13229842931
13229842937
13229842957
13229843052
13229843307
13229843706
13229843723
13229845026
13229845079
13229845095
13229845165
13229845237
13229845289
13229845352
13229845539
13229845867
13229845952
13229845965
13229846051
13229846075
13229846231
13229846251
13229846271
13229846273
13229846279
13229846670
13229846697
13229846717
13229846795
13229846907
13229846962
13229847293
13229847301
13229847326
13229847367
13229847375
13229847532
13229847815
13229847871
13229848035
13229848137
13229848156
13229848157
13229848205
13229848286
13229848576
13229848729
13229848759
13229848795
13229848929
13229849153
13229849173
13229849315
13229849369
13229849536
13229849579
13229849691
13229849771
13229849791
13232450153
13232450296
13232450372
13232450539
13232450613
13232450835
13232450851
13232450867
13232450871
13232450961
13232451270
13232451359
13232451637
13232451692
13232451791
13232451810
13232452179
13232452197
13232452602
13232452691
13232452927
13232453179
13232453379
13232453605
13232453607
13232453767
13232453785
13232453791
13232453807
13232453952
13232455037
13232455185
13232455317
13232455362
13232455817
13232455876
13232456151
13232456279
13232456370
13232457017
13232457025
13232457129
13232457162
13232457301
13232457350
13232457352
13232457370
13232457532
13232457617
13232457627
13232457697
13232457825
13232457860
13232457962
13232457971
13232457972
13232458032
13232458152
13232458156
13232458157
13232458162
13232458236
13232458273
13232458296
13232458306
13232458367
13232458526
13232458627
13232458671
13232458736
13232458752
13232459057
13232459153
13232459173
13232459192
13232459381
13232459570
13232459576
13232459617
13232459651
13232459670
13232459753
13232460093
13232460159
13232460230
13232460672
13232460951
13232461037
13232461073
13232461376
13232461502
13232461570
13232461585
13232461709
13232462057
13232462072
13232462159
13232462191
13232462251
13232462367
13232462370
13232462375
13232462537
13232462570
13232462651
13232462652
13232462815
13232463037
13232463093
13232463261
13232463536
13232463613
13232463615
13232463825
13232465070
13232465091
13232465171
13232465197
13232465275
13232465726
13232465801
13232465870
13232465897
13232465967
13232466207
13232466327
13232466901
13232467060
13232467085
13232467303
13232467329
13232467532
13232467582
13232467583
13232467825
13232467936
13232468260
13232468275
13232468321
13232468379
13232468390
13232468750
13232468925
13232468956
13232469052
13232469072
13232469097
13232469135
13232469137
13232469251
13232469365
13232469752
13232470161
13232470169
13232470196
13232470257
13232470387
13232470593
13232470637
13232470652
13232470996
13232471536
13232471537
13232471627
13232471659
13232471692
13232471896
13232472065
13232481371
13232486197
13232486237
13232486702
13232486795
13232486807
13232486931
13232486957
13232487160
13232487253
13232487302
13232487351
13232487361
13232487362
13232487391
13232487527
13232487630
13232487905
13232487956
13232488506
13232488723
13232489021
13232489175
13232489295
13232489315
13232489397
13232489531
13232489575
13232489625
13232489753
13232840057
13232840163
13232840175
13232840351
13232840376
13232840513
13232840635
13232840637
13232840656
13232840759
13232840925
13232840953
13232841076
13232841275
13232841291
13232841329
13232841371
13232841579
13232841623
13232841631
13232841651
13232841673
13232841796
13232841807
13232841867
13232841907
13232841935
13232841937
13232841967
13232842057
13232842137
13232842185
13232842371
13232842501
13232842523
13232842671
13232842697
13232842871
13232842956
13232842957
13232843063
13232843292
13232843507
13232843592
13232843651
13232843725
13232843792
13232843907
13232843935
13232843972
13232845061
13232845062
13232845071
13232845073
13232845095
13232845157
13232845253
13232845293
13232845372
13232845376
13232845379
13232845380
13232845387
13232845392
13232845615
13232845637
13232845719
13232845721
13232845751
13232845752
13232845761
13232845797
13232845875
13232845912
13232845930
13232845967
13232845987
13232846107
13232846153
13232846275
13232846302
13232846325
13232846357
13232846371
13232846380
13232846507
13232846531
13232846536
13232846537
13232846572
13232846591
13232846597
13232846705
13232846706
13232846713
13232846752
13232846937
13232846957
13232847019
13232847021
13232847025
13232847075
13232847139
13232847159
13232847236
13232847253
13232847256
13232847267
13232847540
13232848140
13232848541
13232848613
13232848629
13232848761
13232848763
13232849153
13232849267
13232849621
13232849653
13232849750
13232849867
13232956751
13232962087
13232970436
13232970462
13232971357
13232971401
13232973875
13232975216
13232981572
13232987705
13242372163
13242372165
13242372179
13242372271
13242372275
13242372283
13242372285
13242372287
13242372291
13242372293
13242372295
13242372297
13242372301
13242372302
13242372306
13242372309
13242372310
13242372320
13242372321
13242372330
13242372337
13242372350
13242372352
13242372356
13242372357
13242372365
13242372369
13242372370
13242372371
13242372375
13242372376
13242372378
13242372381
13242372387
13242372393
13242372397
13242372505
13242372506
13242372509
13242372510
13242372512
13242372515
13242372516
13242372519
13242372526
13242372529
13242372530
13242372531
13242372532
13242372537
13242372551
13242372553
13242372556
13242372557
13242372561
13242372562
13242372563
13242372565
13242372568
13242372569
13242372578
13242372580
13242372581
13242372582
13242372583
13242372589
13242372590
13242372591
13242372593
13242372595
13242372596
13242372602
13242372605
13242372606
13242372607
13242372612
13242372617
13242372629
13242372630
13242372632
13242372637
13242372639
13242372650
13242372651
13242372652
13242372657
13242372658
13242372659
13242372667
13242372671
13242372672
13242372673
13242372679
13242372682
13242372683
13242372685
13242372695
13242372697
13242372701
13242372702
13242372703
13242372705
13242372706
13242372709
13242372712
13242372715
13242372716
13242372726
13242372730
13242372735
13242372739
13242372752
13242372753
13242372759
13242372760
13242372763
13242372765
13242372768
13242372770
13242372771
13242372785
13242372787
13242372791
13242372792
13242372793
13242372801
13242372807
13242372817
13242372821
13242372825
13242372827
13242372831
13242372832
13242372835
13242372837
13242372839
13242372851
13242372853
13242372857
13242372859
13242372860
13242372861
13242372865
13242372867
13242372869
13242372870
13242372871
13242372891
13242372892
13242372893
13242372895
13242372896
13242372901
13242372902
13242372903
13242372905
13242372907
13242372910
13242372913
13242372919
13242372920
13242372921
13242372927
13242372930
13242372931
13242372935
13242372939
13242372950
13242372951
13242372953
13242372956
13242372960
13242372961
13242372965
13242372967
13242372970
13242372971
13242372975
13242372976
13242373005
13242373010
13242373015
13242373016
13242373020
13242373025
13242373027
13242373029
13242373031
13242373036
13242373037
13242373050
13242373051
13242373053
13242373057
13242373059
13242373061
13242373062
13242373067
13242373071
13242373072
13242373073
13242373075
13242373076
13242373078
13242373085
13242373086
13242373087
13242373090
13242373093
13242373095
13242373096
13242373097
13242373101
13242373106
13242373109
13242373112
13242373117
13242373125
13242373127
13242373135
13242373150
13242373153
13242373156
13242373157
13242373160
13242373163
13242373167
13242373170
13242373171
13242373172
13242373176
13242373180
13242373182
13242373183
13242373185
13242373193
13242373196
13242373201
13242373203
13242373205
13242373207
13242373208
13242373210
13242373216
13242373217
13242373220
13242373236
13242373237
13242373239
13242373250
13242373253
13242373256
13242373257
13242373260
13242373262
13242373272
13242373273
13242373276
13242373279
13242373280
13242373282
13242373283
13242373292
13242373297
13242373305
13242373312
13242373317
13242373319
13242373327
13242373356
13242373359
13242373371
13242373372
13242373375
13242373381
13242373385
13242373387
13242373392
13242373501
13242373503
13242373506
13242373510
13242373512
13242373513
13242373516
13242373517
13242373518
13242373519
13242373526
13242373529
13242373531
13242373537
13242373539
13242373550
13242373551
13242373556
13242373562
13242373570
13242373571
13242373572
13242373575
13242373576
13242373578
13242373579
13242373581
13242373582
13242373589
13242373590
13242373591
13242373595
13242373596
13242373597
13242373601
13242373602
13242373603
13242373605
13242373607
13242373609
13242373610
13242373616
13242373617
13242373620
13242373621
13242373625
13242373629
13242373630
13242373631
13242373632
13242373635
13242373637
13242373650
13242373651
13242373652
13242373653
13242373657
13242373658
13242373659
13242373671
13242373672
13242373687
13242373691
13242373693
13242373702
13242373706
13242373710
13242373717
13242373720
13242373729
13242373752
13242373759
13242373761
13242373769
13242373770
13242373771
13242373772
13242373775
13242373781
13242373790
13242373796
13242373801
13242373803
13242373806
13242373810
13242373817
13242373819
13242373823
13242373827
13242373832
13242373835
13242373852
13242373856
13242373857
13242373859
13242373861
13242373863
13242373867
13242373870
13242373871
13242373872
13242373873
13242373875
13242373876
13242373891
13242373892
13242373893
13242373895
13242373897
13242373902
13242373903
13242373907
13242373909
13242373910
13242373913
13242373915
13242373916
13242373917
13242373920
13242373921
13242373923
13242373925
13242373927
13242373932
13242373935
13242373937
13242373951
13242373952
13242373953
13242373956
13242373957
13242373959
13242373960
13242373962
13242373963
13242373970
13242373972
13242373973
13242373978
13242373981
13242373983
13242375070
13242375072
13242375075
13242375076
13242375079
13242375087
13242375093
13242375097
13242375107
13242375113
13242375117
13242375127
13242375157
13242375173
13242375176
13242375212
13242375267
13242375271
13242375276
13242375282
13242375286
13242375287
13242375291
13242375297
13242375307
13242375317
13242375329
13242375357
13242375367
13242375369
13242375371
13242375372
13242375373
13242375379
13242375387
13242375397
13242375525
13242375537
13242375571
13242375597
13242375607
13242375617
13242375627
13242375631
13242375637
13242375671
13242375672
13242375673
13242375675
13242375679
13242375697
13242375701
13242375702
13242375703
13242375705
13242375706
13242375707
13242375709
13242375712
13242375715
13242375717
13242375718
13242375719
13242375721
13242375723
13242375727
13242375731
13242375732
13242375735
13242375737
13242375739
13242375759
13242375760
13242375761
13242375762
13242375763
13242375769
13242375776
13242375780
13242375781
13242375782
13242375783
13242375785
13242375786
13242375787
13242375791
13242375792
13242375793
13242375796
13242375797
13242375807
13242375817
13242375827
13242375831
13242375837
13242375851
13242375906
13242375913
13242375962
13242375980
13242375995
13242376159
13242376203
13242376263
13242376317
13242376569
13242376590
13242376735
13242376821
13242376903
13242376927
13242376935
13242376953
13242377023
13242377058
13242377130
13242377185
13242377239
13242377281
13242377390
13242377513
13242377572
13242377816
13242377851
13242377863
13242377916
13242377986
13242378051
13242378065
13242378197
13242378279
13242378375
13242378391
13242378509
13242378565
13242378592
13242378653
13242378719
13242378737
13242379106
13242379127
13242379165
13242379172
13242379325
13242379361
13242379391
13242379515
13242379591
13242379635
13242379671
13242379752
13242379792
13242381160
13242381571
13242381576
13242381625
13242381627
13242381691
13242381731
13242381736
13242381760
13242381795
13242381821
13242381901
13242381925
13242381952
13242381976
13242382025
13242382065
13242382076
13242382087
13242382637
13242382653
13242382697
13242382751
13242382795
13242382903
13242382931
13242382973
13242383207
13242383257
13242383271
13242383571
13242383607
13242383621
13242383716
13242383725
13242383730
13242383731
13242385107
13242385127
13242385137
13242385167
13242385176
13242385297
13242385307
13242385389
13242385735
13242385790
13242385791
13242385817
13242385905
13242386320
13242386597
13242386717
13242386793
13242386907
13242386927
13242386935
13242386936
13242386952
13242386957
13242386970
13242387059
13242387091
13242387101
13242387126
13242387135
13242387137
13242387152
13242387160
13242387360
13242387396
13242387503
13242387621
13242387635
13242387691
13242387757
13242387813
13242387831
13242387951
13242387953
13242387971
13242389031
13242389071
13242389073
13242389701
13242391260
13242391826
13242391935
13242392057
13242392073
13242392093
13242392175
13242392195
13242392197
13242392357
13242392367
13242392375
13242392381
13242392531
13242392595
13242392596
13242392607
13242392671
13242392681
13242392716
13242392730
13242392785
13242392821
13242392905
13242393302
13242393309
13242393350
13242393367
13242393509
13242393517
13242393526
13242393531
13242393537
13242393550
13242393565
13242393571
13242393573
13242393578
13242393579
13242393605
13242393607
13242393612
13242393617
13242393629
13242393652
13242393657
13242393659
13242393667
13242393670
13242393671
13242393675
13242393712
13242393713
13242393717
13242393720
13242393752
13242393753
13242393765
13242393791
13242393817
13242393821
13242393823
13242393851
13242393857
13242393867
13242393871
13242393879
13242393905
13242393907
13242395016
13242395026
13242395035
13242395065
13242395072
13242395075
13242395103
13242395105
13242395107
13242395120
13242395172
13242395175
13242395187
13242395190
13242395215
13242395232
13242395263
13242395267
13242395270
13242395285
13242395302
13242395316
13242395357
13242395358
13242395361
13242395362
13242395371
13242395372
13242395375
13242395378
13242395381
13242395382
13242395387
13242395391
13242395396
13242395397
13242395501
13242395503
13242395506
13242395509
13242395510
13242395512
13242395523
13242395526
13242395529
13242395603
13242395623
13242395625
13242395627
13242395631
13242395653
13242395657
13242395659
13242395675
13242395685
13242395695
13242395701
13242395717
13242395760
13242395761
13242395762
13242395769
13242395793
13242395796
13242395823
13242395827
13242395830
13242395835
13242395873
13242395912
13242395929
13242395937
13242395967
13242395971
13242396015
13242396017
13242396035
13242396058
13242396062
13242396071
13242396073
13242396092
13242396097
13242396127
13242396130
13242396132
13242396150
13242396152
13242396153
13242396170
13242396172
13242396176
13242396179
13242396191
13242396193
13242396205
13242396207
13242396223
13242396237
13242396265
13242396270
13242396271
13242396272
13242396275
13242396279
13242396321
13242396327
13242396352
13242396353
13242396362
13242396370
13242396371
13242396501
13242396502
13242396503
13242396515
13242396530
13242396538
13242396556
13242396563
13242396570
13242396572
13242396575
13242396581
13242396597
13242396671
13242396697
13242396716
13242396719
13242396721
13242396729
13242396735
13242396753
13242396760
13242396781
13242396792
13242396825
13242396829
13242396830
13242396861
13242396867
13242396871
13242396872
13242396875
13242396879
13242396897
13242396937
13242396972
13242397018
13242397020
13242397039
13242397051
13242397056
13242397062
13242397065
13242397108
13242397109
13242397127
13242397150
13242397152
13242397153
13242397157
13242397187
13242397192
13242397197
13242397206
13242397216
13242397230
13242397235
13242397237
13242397250
13242397259
13242397283
13242397285
13242397289
13242397293
13242397295
13242397297
13242397306
13242397309
13242397312
13242397316
13242397326
13242397329
13242397356
13242397357
13242397361
13242397383
13242397502
13242397503
13242397506
13242397507
13242397513
13242397516
13242397532
13242397537
13242397565
13242397570
13242397581
13242397586
13242397593
13242397595
13242397601
13242397617
13242397625
13242397627
13242397637
13242397650
13242397652
13242397656
13242397679
13242397691
13242397692
13242397720
13242397757
13242397801
13242397817
13242397835
13242397851
13242397853
13242397863
13242397865
13242397867
13242397870
13242397871
13242397872
13242397873
13242397895
13242397896
13242397910
13242397913
13242397952
13242397961
13242397973
13242398010
13242398037
13242398051
13242398053
13242398065
13242398072
13242398091
13242398120
13242398195
13242398203
13242398205
13242398215
13242398232
13242398253
13242398271
13242398273
13242398275
13242398278
13242398280
13242398281
13242398307
13242398329
13242398356
13242398365
13242398367
13242398375
13242398376
13242398395
13242398507
13242398513
13242398571
13242398592
13242398610
13242398615
13242398637
13242398651
13242398670
13242398673
13242398676
13242398695
13242398701
13242398707
13242398708
13242398715
13242398723
13242398731
13242398732
13242398753
13242398759
13242398763
13242398767
13242398782
13242398786
13242398791
13242398793
13242398795
13242398835
13242398905
13242398961
13242399065
13242399072
13242399079
13242399159
13242399167
13242399197
13242399215
13242399270
13242399273
13242399278
13242399352
13242399356
13242399367
13242399371
13242399379
13242399503
13242399552
13242399572
13242399590
13242399721
13242399780
13250671251
13250671529
13250671557
13250677179
13250678927
13250689205
13286573107
15627603541
16676360167
16676361293
16676365197
16676365385
16676365391
16676366502
16676367994
16676370643
16676370872
16676371893
16676372031
16676372052
16676372873
16676372953
16676373085
16676373913
16676375052
16676375153
16676375703
16676375705
16676375853
16676375961
16676376753
16676378291
16676378353
16676379171
16676379352
16676379583
16676379703
16676379961
16676380291
16676380343
16676380682
16676380792
16676381057
16676381082
16676381094
16676381529
16676381534
16676381537
16676381651
16676381734
16676381782
16676381790
16676381844
16676381934
16676381946
16676382032
16676382064
16676382144
16676382194
16676382245
16676382275
16676382410
16676382457
16676382471
16676382493
16676382534
16676382536
16676382545
16676382645
16676382670
16676382704
16676382734
16676382740
16676382742
16676382745
16676382804
16676382806
16676382841
16676382863
16676382973
16676382974
16676383014
16676383043
16676383045
16676383067
16676383074
16676383248
16676383324
16676383346
16676383402
16676383405
16676383406
16676383412
16676383419
16676383462
16676383464
16676383465
16676383570
16676383624
16676383641
16676383906
16676383974
18576329074
35303316565
95423771552