13005301653
13005302317
13018790297
13018791537
13018792105
13018792657
13018792791
13018793512
13018793785
13018795832
13018796237
13018796257
13018796351
13018796370
13018796705
13018796807
13018798075
13025301208
13025309120
13025309287
13025309373
13025309681
13025309720
13025309915
13035700962
13035701657
13035707362
13035707802
13035708270
13035708367
13035711391
13035712753
13035712957
13035713057
13035713195
13035713197
13035713257
13035713275
13035713602
13035713852
13035716307
13035719537
13035722386
13035722576
13035725363
13035725571
13035726607
13035726653
13035727560
13035727813
13035728173
13035732319
13035732512
13035732513
13035732532
13035732590
13035732610
13035732621
13035732835
13035732852
13035732953
13035732956
13035732985
13035733021
13035733150
13035733185
13035733251
13035733501
13035733581
13035733591
13035733625
13035733653
13035733862
13035733915
13035733962
13035733985
13035735023
13035735056
13035735103
13035735159
13035735161
13035735239
13035735291
13035735381
13035735391
13035735529
13035735610
13035735612
13035735629
13035735630
13035735691
13035735815
13035735905
13035735910
13035736015
13035736105
13035736216
13035736250
13035736251
13035736253
13035736391
13035736503
13035736515
13035736516
13035736530
13035736582
13035736591
13035736621
13035736801
13035736810
13035736815
13035736823
13035736865
13035736895
13035736932
13035736953
13035738051
13035738152
13035738161
13035738163
13035738235
13035738253
13035738352
13035738391
13035738501
13035738516
13035738532
13035738552
13035738596
13035738609
13035738913
13035738956
13035739015
13035739061
13035739085
13035739102
13035739105
13035739160
13035739182
13035739185
13035739195
13035739235
13035739295
13035739305
13035739356
13035739509
13035739530
13035739531
13035739592
13035739605
13035739632
13035739805
13049600197
13049600452
13049600541
13049600645
13049600735
13049600857
13049600863
13049601042
13049601045
13049601057
13049601097
13049601148
13049601246
13049601247
13049601257
13049601270
13049601327
13049601341
13049601347
13049601407
13049601428
13049601446
13049601459
13049601462
13049601469
13049601479
13049601495
13049601503
13049601546
13049601605
13049601645
13049601648
13049601652
13049601670
13049601695
13049601705
13049601737
13049601741
13049601745
13049601762
13049601847
13049601857
13049601871
13049601905
13049601907
13049601925
13049601927
13049601940
13049601941
13049601945
13049601947
13049601972
13049602045
13049602072
13049602135
13049602137
13049602143
13049602144
13049602162
13049602163
13049602167
13049602173
13049602185
13049602241
13049602242
13049602346
13049602357
13049602367
13049602376
13049602397
13049602402
13049602410
13049602479
13049602507
13049602543
13049602545
13049602571
13049602587
13049602617
13049602631
13049602657
13049602709
13049602729
13049602756
13049602759
13049602765
13049602851
13049602856
13049602953
13049602956
13049602961
13049602965
13049603057
13049603062
13049603067
13049603170
13049603197
13049603257
13049603259
13049603267
13049603287
13049603295
13049603297
13049603558
13049603595
13049603607
13049603613
13049603621
13049603667
13049603706
13049603709
13049603713
13049603716
13049603771
13049603870
13049603902
13049603927
13049603967
13049603973
13049605072
13049605087
13049605102
13049605182
13049605215
13049605237
13049605271
13049605309
13049605312
13049605351
13049605391
13049605562
13049605617
13049605672
13049605692
13049605715
13049605729
13049605760
13049605785
13049605792
13049605795
13049605817
13049605831
13049605893
13049606157
13049606217
13049606252
13049606290
13049606315
13049606317
13049606372
13049606502
13049606517
13049606703
13049606779
13049606781
13049606791
13049606912
13049606957
13049607032
13049607137
13049607157
13049607167
13049607201
13049607205
13049607256
13049607265
13049607295
13049607318
13049607327
13049607361
13049607379
13049607531
13049607569
13049607573
13049607589
13049607597
13049607637
13049607653
13049607657
13049607685
13049607817
13049607857
13049607859
13049607917
13049608057
13049608107
13049608237
13049608257
13049608297
13049608305
13049608359
13049608367
13049608571
13049608596
13049608617
13049608657
13049608671
13049608715
13049608725
13049608732
13049608736
13049608737
13049608762
13049608763
13049608923
13049608951
13049608973
13049609035
13049609073
13049609105
13049609137
13049609153
13049609173
13049609253
13049609275
13049609307
13049609335
13049609352
13049609353
13049609359
13049609367
13049609531
13049609532
13049609539
13049609572
13049609573
13049609591
13049609617
13049609636
13049609657
13049609671
13049609691
13049609706
13049609715
13049609757
13049609785
13049609827
13049609837
13049609852
13049609867
13068570271
13068570812
13068570927
13068570963
13068570971
13068571071
13068571563
13068571702
13068571732
13068571876
13068572156
13068572371
13068572527
13068572650
13068572970
13068573121
13068573219
13068575053
13068575271
13068575317
13068575352
13068575381
13068575603
13068575891
13068575910
13068576071
13068576171
13068576182
13068576235
13068576753
13068577039
13068577365
13068577605
13068577925
13068577952
13068578571
13068579031
13068579137
13068579637
13068580172
13068580431
13068580462
13068580481
13068582016
13068583401
13068583405
13068583406
13068585430
13068586409
13068586423
13068586432
13068586435
13068587403
13068587407
13068587419
13068587423
13068587425
13068587453
13068587472
13068587493
13068587784
13068589436
13068589467
13068590165
13068590761
13068590790
13068591302
13068591762
13068591792
13068591802
13068592050
13068592076
13068592171
13068592305
13068592570
13068592630
13068592679
13068592931
13068593051
13068593137
13068593172
13068593273
13068593521
13068593527
13068593589
13068593715
13068593753
13068595030
13068595102
13068595170
13068595180
13068595372
13068595530
13068595601
13068596103
13068596527
13068596727
13068596776
13068596921
13068596975
13068597027
13068597527
13068597552
13068597651
13068597831
13068597912
13068598371
13068598753
13076100543
13076100564
13076100747
13076101648
13076101742
13076101743
13076101842
13076101924
13076101945
13076102046
13076102145
13076102648
13076102746
13076103243
13076103641
13076103645
13076103740
13076103745
13076104149
13076104215
13076105147
13076105246
13076105641
13076105645
13076105649
13076105840
13076105970
13076106224
13076106349
13076106463
13076106745
13076106840
13076106941
13076107049
13076107149
13076107194
13076107443
13076107534
13076107540
13076107542
13076107545
13076107647
13076107741
13076107841
13076107842
13076107846
13076107945
13076108041
13076108048
13076108474
13076108546
13076108740
13076108964
13076110971
13076112503
13076112507
13076112751
13076113506
13076113572
13076113620
13076113651
13076113975
13076115082
13076115107
13076115173
13076115392
13076115912
13076116305
13076116370
13076116709
13076116770
13076117357
13076117363
13076117569
13076117815
13076118350
13076118509
13076119260
13076119701
13076119732
13076119756
13076119826
13076119867
13076120152
13076120252
13076121795
13076121952
13076122631
13076123685
13076123971
13076125087
13076125621
13076126271
13076126357
13076126371
13076126501
13076126730
13076126739
13076126753
13076127157
13076127537
13076127902
13076128350
13076128357
13076128537
13076128659
13076128730
13076128790
13076128961
13076129529
13076129776
13076130253
13076130535
13076130571
13076130587
13076130697
13076130726
13076130732
13076130897
13076130961
13076131035
13076131275
13076131531
13076131537
13076131587
13076131801
13076131965
13076132027
13076132107
13076132151
13076132153
13076132375
13076132397
13076132635
13076132657
13076132750
13076132807
13076132895
13076132965
13076132970
13076132987
13076133701
13076133710
13076133751
13076133821
13076135265
13076135362
13076135720
13076136057
13076136087
13076136103
13076136215
13076136275
13076136295
13076136576
13076136797
13076137953
13076138261
13076138304
13076138573
13076138917
13076139135
13076139352
13076139530
13076139651
13076139805
13076139853
13076140023
13076140092
13076140152
13076140196
13076140280
13076140295
13076140325
13076140891
13076140892
13076140905
13076140907
13076140913
13076140917
13076140932
13076140950
13076140951
13076140952
13076140953
13076140956
13076140962
13076140963
13076140969
13076140972
13076140976
13076140983
13076140986
13076140991
13076140992
13076140995
13076141016
13076141021
13076141026
13076141037
13076141039
13076141056
13076141061
13076141063
13076141070
13076141072
13076141073
13076141076
13076141078
13076141081
13076141082
13076141085
13076141090
13076141092
13076141102
13076141125
13076150067
13076150108
13076150126
13076150128
13076150131
13076150186
13076150231
13076150252
13076150257
13076150258
13076150273
13076150287
13076150289
13076150295
13076150296
13076150298
13076150325
13076150329
13076150330
13076150350
13076150370
13076150372
13076150621
13076150680
13076150730
13076150835
13076150839
13076150923
13076150965
13076150986
13076151006
13076151052
13076151060
13076151062
13076151063
13076151079
13076151120
13076151135
13076151172
13076151201
13076151282
13076151325
13076151326
13076151357
13076151525
13076151559
13076151608
13076151651
13076151671
13076151675
13076151690
13076151696
13076151703
13076151765
13076151823
13076151829
13076151887
13076151916
13076151935
13076151983
13076151986
13076152015
13076152060
13076152096
13076152107
13076152172
13076152283
13076152310
13076152352
13076152359
13076152370
13076152507
13076152531
13076152556
13076152570
13076152589
13076152656
13076152658
13076152680
13076152682
13076152738
13076152756
13076152761
13076152763
13076152769
13076152792
13076152803
13076152852
13076152890
13076152918
13076152961
13076152962
13076152971
13076153028
13076153029
13076153035
13076153059
13076153082
13076153110
13076153115
13076153117
13076153169
13076153181
13076153229
13076153275
13076153283
13076153309
13076153369
13076153370
13076153505
13076153536
13076153569
13076153582
13076153608
13076153612
13076153615
13076153617
13076153629
13076153650
13076153683
13076153750
13076153767
13076153781
13076153790
13076153795
13076153932
13076153938
13076153986
13076155002
13076155013
13076155235
13076155282
13076155291
13076155292
13076155317
13076155336
13076155395
13076155509
13076155523
13076155562
13076155569
13076155593
13076155621
13076155685
13076155696
13076155702
13076155726
13076155769
13076155825
13076155837
13076155867
13076155935
13076155960
13076155969
13076155982
13076156159
13076156162
13076156192
13076156219
13076156228
13076156229
13076156232
13076156250
13076156285
13076156286
13076156295
13076156301
13076156329
13076156352
13076156395
13076156515
13076156516
13076156518
13076156558
13076156601
13076156612
13076156618
13076156621
13076156709
13076156716
13076156726
13076156750
13076156769
13076156812
13076156865
13076156882
13076156907
13076156939
13076156970
13076156973
13076156978
13076157010
13076157026
13076157029
13076157081
13076157093
13076157097
13076157098
13076157125
13076157150
13076157190
13076157198
13076157208
13076157215
13076157217
13076157220
13076157229
13076157295
13076157337
13076157365
13076157507
13076157526
13076157613
13076157660
13076157663
13076157725
13076157729
13076157739
13076157801
13076157802
13076157808
13076157810
13076157813
13076157851
13076157853
13076157891
13076157915
13076157919
13076157930
13076157978
13076157992
13076157996
13076158001
13076158029
13076158030
13076158128
13076158191
13076158192
13076158208
13076158212
13076158213
13076158216
13076158250
13076158310
13076158320
13076158332
13076158351
13076158358
13076158391
13076158508
13076158531
13076158553
13076158559
13076158575
13076158583
13076158589
13076158592
13076158595
13076158701
13076158782
13076158795
13076158801
13076158853
13076158862
13076158872
13076158891
13076158903
13076158918
13076159013
13076159106
13076159139
13076159171
13076159236
13076159306
13076159335
13076159398
13076159512
13076159526
13076159530
13076159572
13076159579
13076159590
13076159695
13076159702
13076159730
13076159757
13076159765
13076159776
13076159792
13076159823
13076159873
13076159903
13076159936
13076159952
13076159953
13076159987
13076160275
13076160971
13076162397
13076162517
13076162595
13076162691
13076162907
13076162937
13076163075
13076165129
13076165697
13076165907
13076165967
13076167252
13076168283
13076169087
13076170027
13076170028
13076170126
13076170180
13076170212
13076170250
13076170252
13076170373
13076170391
13076170593
13076170623
13076170630
13076170659
13076170676
13076170739
13076170759
13076170773
13076170880
13076170920
13076170953
13076170959
13076171032
13076171052
13076171059
13076171079
13076171201
13076171218
13076171253
13076171265
13076171280
13076171281
13076171338
13076171392
13076171397
13076171503
13076171509
13076171521
13076171526
13076171529
13076171561
13076171592
13076171639
13076171650
13076171656
13076171809
13076171826
13076171832
13076171891
13076171896
13076171901
13076171913
13076172029
13076172071
13076172108
13076172151
13076172157
13076172215
13076172272
13076172328
13076172365
13076172387
13076172391
13076172552
13076172580
13076172601
13076172605
13076172606
13076172607
13076172613
13076172650
13076172679
13076172709
13076172716
13076172735
13076172756
13076172758
13076172770
13076172778
13076172786
13076172837
13076172875
13076172910
13076172932
13076172937
13076172963
13076173002
13076173205
13076173226
13076173272
13076173276
13076173278
13076173289
13076173296
13076173302
13076173323
13076173329
13076173351
13076173529
13076173589
13076173595
13076173601
13076173606
13076173619
13076173685
13076173692
13076173760
13076173762
13076173780
13076173839
13076173868
13076173967
13076175001
13076175002
13076175072
13076175097
13076175101
13076175107
13076175170
13076175265
13076175270
13076175272
13076175280
13076175287
13076175305
13076175360
13076175370
13076175389
13076175392
13076175505
13076175579
13076175615
13076175621
13076175626
13076175637
13076175650
13076175659
13076175665
13076175685
13076175709
13076175716
13076175735
13076175773
13076175783
13076175785
13076175795
13076175817
13076175850
13076175897
13076175905
13076175921
13076175967
13076175991
13076175995
13076176001
13076176003
13076176009
13076176036
13076176070
13076176072
13076176095
13076176113
13076176152
13076176256
13076176296
13076176326
13076176359
13076176372
13076176391
13076176535
13076176572
13076176585
13076176590
13076176602
13076176606
13076176625
13076176630
13076176639
13076176713
13076176716
13076176753
13076176815
13076176839
13076176851
13076176883
13076176998
13076177026
13076177061
13076177062
13076177136
13076177162
13076177269
13076177291
13076177320
13076177330
13076177370
13076177381
13076177395
13076177397
13076177503
13076177532
13076177581
13076177598
13076177657
13076177709
13076177753
13076177759
13076177785
13076177917
13076177953
13076177960
13076177985
13076178056
13076178138
13076178139
13076178150
13076178267
13076178295
13076178310
13076178319
13076178320
13076178321
13076178330
13076178361
13076178373
13076178381
13076178385
13076178501
13076178528
13076178560
13076178562
13076178570
13076178575
13076178629
13076178681
13076178702
13076178721
13076178723
13076178750
13076178759
13076178851
13076178860
13076178861
13076178896
13076178973
13076179008
13076179061
13076179068
13076179073
13076179078
13076179101
13076179108
13076179171
13076179185
13076179207
13076179258
13076179312
13076179316
13076179325
13076179332
13076179521
13076179581
13076179585
13076179615
13076179621
13076179625
13076179635
13076179653
13076179661
13076179671
13076179715
13076179757
13076179762
13076179817
13076179832
13076179860
13076179958
13076179968
13076181721
13076190061
13076190297
13076190387
13076190570
13076190670
13076191003
13076191309
13076191397
13076191507
13076191527
13076191530
13076191637
13076191837
13076192065
13076192080
13076192097
13076192157
13076192187
13076192307
13076192325
13076192327
13076192350
13076192573
13076193205
13076193621
13076195261
13076195635
13076195825
13076196195
13076197657
13076198015
13076198070
13076198073
13076198165
13076198170
13076198221
13076198237
13076198271
13076198370
13076198957
13076198972
13076199716
13144102413
13144102414
13144102415
13144102416
13144102421
13144102428
13144102429
13144102432
13144102435
13144102436
13144102437
13144102438
13144102439
13144102441
13144102445
13144102450
13144102451
13144102453
13144102454
13144102456
13144102459
13144102460
13144102461
13144102463
13144102465
13144102467
13144102470
13144102471
13144102472
13144102483
13144102484
13144102487
13144102491
13144102492
13144102493
13144102494
13144102495
13144102498
13144102504
13144102506
13144102507
13144102509
13144102515
13144102516
13144102523
13144102532
13144102534
13144102544
13144102546
13144102547
13144102548
13144102549
13144102557
13144102565
13144102570
13144102574
13144102578
13144102579
13144102585
13144102592
13144102594
13144102595
13144102601
13144102604
13144102610
13144102614
13144102617
13144102618
13144102624
13144102625
13144102635
13144102636
13144102637
13144102644
13144102649
13144102650
13144102651
13144102657
13144102663
13144102672
13144102674
13144102681
13144102683
13144102684
13144102691
13144102701
13144102702
13144102703
13144102704
13144102705
13144102709
13144102714
13144102724
13144102734
13144102736
13144102738
13144102742
13144102744
13144102748
13144102753
13144102757
13144102758
13144102760
13144102765
13144102771
13144102772
13144102774
13144102775
13144102776
13144102779
13144102780
13144102790
13144102794
13144102804
13144102805
13144102807
13144102812
13144102817
13144102821
13144102824
13144102830
13144102832
13144102835
13144102837
13144102840
13144102841
13144102846
13144102850
13144102851
13144102853
13144102860
13144102863
13144102864
13144102867
13144102872
13144102874
13144102876
13144102890
13144102896
13144102908
13144102909
13144102917
13144102926
13144102930
13144102935
13144102936
13144102937
13144102940
13144102943
13144102945
13144102948
13144102950
13144102959
13144102967
13144102969
13144102970
13144102984
13144102987
13144102992
13144103014
13144103017
13144103029
13144103031
13144103032
13144103036
13144103037
13144103044
13144103047
13144103053
13144103056
13144103067
13144103073
13144103074
13144103076
13144103081
13144103084
13144103089
13144103094
13144103098
13144103104
13144103105
13144103115
13144103126
13144103135
13144103137
13144103140
13144103142
13144103152
13144103157
13144103162
13144103163
13144103170
13144103183
13144103187
13144103195
13144103196
13144103208
13144103209
13144103215
13144103216
13144103217
13144103229
13144103234
13144103244
13144103257
13144103260
13144103262
13144103264
13144103267
13144103271
13144103276
13144103283
13144103286
13144103292
13144103293
13144103294
13144103304
13144103305
13144103307
13144103312
13144103315
13144103321
13144103327
13144103345
13144103346
13144103353
13144103356
13144103365
13144103382
13144103389
13144103402
13144103409
13144103418
13144103420
13144103423
13144103425
13144103426
13144103427
13144103429
13144103436
13144103439
13144103443
13144103445
13144103451
13144103459
13144103461
13144103462
13144103465
13144103467
13144103468
13144103470
13144103471
13144103476
13144103478
13144103480
13144103481
13144103485
13144103486
13144103490
13144103495
13144103496
13144103528
13144103531
13144103546
13144103548
13144103560
13144103574
13144103584
13144103591
13144103597
13144103598
13144103607
13144103620
13144103629
13144103631
13144103644
13144103645
13144103646
13144103650
13144103652
13144103653
13144103659
13144103670
13144103680
13144103694
13144103702
13144103704
13144103705
13144103710
13144103712
13144103715
13144103721
13144103725
13144103726
13144103730
13144103735
13144103752
13144103754
13144103759
13144103765
13144103769
13144103771
13144103779
13144103780
13144103787
13144103796
13144103798
13144103805
13144103807
13144103809
13144103817
13144103827
13144103830
13144103831
13144103832
13144103835
13144103844
13144103848
13144103851
13144103853
13144103854
13144103861
13144103869
13144103872
13144103874
13144103876
13144103882
13144103892
13144103893
13144103894
13144103895
13144103897
13144103901
13144103910
13144103917
13144103920
13144103925
13144103944
13144103945
13144103950
13144103954
13144103958
13144103961
13144103963
13144103964
13144103965
13144103973
13144103975
13144103981
13144103984
13144103985
13144103992
13144103994
13144104013
13144104019
13144104021
13144104028
13144104031
13144104037
13144104042
13144104045
13144104046
13144104047
13144104053
13144104054
13144104057
13144104061
13144104064
13144104065
13144104067
13144104074
13144104075
13144104079
13144104081
13144104082
13144104083
13144104089
13144104092
13144104093
13144104095
13144104096
13144104102
13144104106
13144104121
13144104125
13144104126
13144104134
13144104135
13144104142
13144104145
13144104146
13144104147
13144104153
13144104154
13144104157
13144104159
13144104160
13144104171
13144104174
13144104176
13144104185
13144104187
13144104193
13144104194
13144104204
13144104207
13144104213
13144104214
13144104215
13144104217
13144104220
13144104221
13144104224
13144104227
13144104228
13144104234
13144104237
13144104239
13144104240
13144104243
13144104244
13144104246
13144104247
13144104249
13144104251
13144104257
13144104265
13144104267
13144104274
13144104275
13144104278
13144104279
13144104284
13144104285
13144104286
13144104287
13144104294
13144104306
13144104307
13144104312
13144104324
13144104328
13144104340
13144104341
13144104342
13144104345
13144104353
13144104356
13144104358
13144104359
13144104360
13144104367
13144104371
13144104373
13144104379
13144104385
13144104387
13144104390
13144104393
13144104394
13144104403
13144104406
13144104407
13144104409
13144104415
13144104418
13144104421
13144104428
13144104431
13144104432
13144104453
13144104454
13144104457
13144104459
13144104460
13144104465
13144104473
13144104474
13144104475
13144104487
13144104493
13144104498
13144104501
13144104502
13144104507
13144104527
13144104534
13144104537
13144104542
13144104548
13144104563
13144104564
13144104573
13144104574
13144104580
13144104583
13144104584
13144104587
13144104594
13144104595
13144104596
13144104597
13144104601
13144104604
13144104607
13144104608
13144104609
13144104624
13144104627
13144104629
13144104631
13144104634
13144104637
13144104643
13144104645
13144104649
13144104653
13144104654
13144104657
13144104659
13144104665
13144104667
13144104672
13144104689
13144104690
13144104691
13144104692
13144104696
13144104701
13144104702
13144104707
13144104709
13144104712
13144104718
13144104720
13144104725
13144104730
13144104732
13144104736
13144104738
13144104742
13144104743
13144104745
13144104750
13144104752
13144104753
13144104758
13144104759
13144104760
13144104774
13144104785
13144104794
13144104795
13144104796
13144104801
13144104816
13144104820
13144104824
13144104827
13144104830
13144104835
13144104849
13144104850
13144104856
13144104863
13144104871
13144104873
13144104875
13144104884
13144104885
13144104894
13144104895
13144104901
13144104910
13144104920
13144104927
13144104929
13144104932
13144104934
13144104940
13144104942
13144104943
13144104944
13144104946
13144104947
13144104951
13144104952
13144104971
13144104980
13144104981
13144104985
13144104986
13144104992
13144104997
13144105003
13144105005
13144105007
13144105013
13144105024
13144105034
13144105037
13144105041
13144105044
13144105045
13144105046
13144105047
13144105049
13144105053
13144105062
13144105064
13144105068
13144105071
13144105082
13144105085
13144105087
13144105097
13144105108
13144105126
13144105130
13144105132
13144105134
13144105137
13144105145
13144105150
13144105153
13144105159
13144105161
13144105162
13144105167
13144105169
13144105174
13144105190
13144105195
13144105215
13144105217
13144105218
13144105219
13144105224
13144105227
13144105229
13144105236
13144105237
13144105244
13144105245
13144105248
13144105253
13144105260
13144105261
13144105264
13144105265
13144105268
13144105270
13144105272
13144105280
13144105287
13144105293
13144105295
13144105297
13144105306
13144105307
13144105309
13144105310
13144105315
13144105317
13144105326
13144105328
13144105338
13144105339
13144105348
13144105384
13144105390
13144105396
13144105401
13144105402
13144105403
13144105406
13144105407
13144105412
13144105413
13144105415
13144105418
13144105419
13144105420
13144105421
13144105425
13144105428
13144105432
13144105435
13144105439
13144105448
13144105449
13144105453
13144105462
13144105469
13144105470
13144105471
13144105472
13144105474
13144105475
13144105478
13144105480
13144105481
13144105484
13144105485
13144105486
13144105487
13144105491
13144105492
13144105493
13144105496
13144105497
13144105498
13144105506
13144105507
13144105509
13144105513
13144105523
13144105538
13144105548
13144105576
13144105581
13144105583
13144105592
13144105607
13144105610
13144105618
13144105620
13144105621
13144105623
13144105625
13144105631
13144105634
13144105636
13144105662
13144105670
13144105672
13144105673
13144105679
13144105687
13144105693
13144105697
13144105704
13144105707
13144105710
13144105727
13144105729
13144105730
13144105750
13144105752
13144105761
13144105762
13144105768
13144105772
13144105774
13144105782
13144105785
13144105793
13144105796
13144105807
13144105814
13144105826
13144105827
13144105837
13144105844
13144105847
13144105849
13144105861
13144105862
13144105872
13144105875
13144105891
13144105892
13144105893
13144105894
13144105903
13144105907
13144105927
13144105934
13144105936
13144105944
13144105947
13144105948
13144105953
13144105956
13144105960
13144105967
13144105969
13144105970
13144105972
13144105979
13144105981
13144105982
13144105985
13144105987
13144105989
13144105990
13144105993
13144106003
13144106005
13144106013
13144106016
13144106023
13144106037
13144106044
13144106049
13144106052
13144106054
13144106056
13144106057
13144106063
13144106064
13144106069
13144106074
13144106075
13144106083
13144106084
13144106087
13144106092
13144106094
13144106102
13144106103
13144106104
13144106114
13144106116
13144106117
13144106121
13144106124
13144106134
13144106142
13144106143
13144106146
13144106147
13144106148
13144106149
13144106150
13144106157
13144106160
13144106162
13144106174
13144106181
13144106184
13144106194
13144106195
13144106197
13144106203
13144106212
13144106214
13144106217
13144106224
13144106231
13144106235
13144106237
13144106240
13144106241
13144106242
13144106252
13144106257
13144106260
13144106270
13144106272
13144106274
13144106280
13144106282
13144106283
13144106284
13144106285
13144106287
13144106291
13144106297
13144106298
13144106308
13144106324
13144106325
13144106327
13144106331
13144106332
13144106345
13144106350
13144106351
13144106356
13144106357
13144106360
13144106367
13144106370
13144106379
13144106382
13144106387
13144106389
13144106401
13144106404
13144106406
13144106407
13144106408
13144106410
13144106412
13144106413
13144106414
13144106415
13144106416
13144106417
13144106418
13144106419
13144106427
13144106429
13144106430
13144106431
13144106435
13144106436
13144106437
13144106441
13144106447
13144106448
13144106450
13144106451
13144106452
13144106453
13144106454
13144106458
13144106459
13144106461
13144106462
13144106467
13144106469
13144106470
13144106471
13144106472
13144106473
13144106475
13144106476
13144106479
13144106480
13144106481
13144106482
13144106483
13144106485
13144106486
13144106487
13144106489
13144106490
13144106491
13144106493
13144106494
13144106495
13144106498
13144106503
13144106505
13144106509
13144106514
13144106515
13144106517
13144106537
13144106544
13144106548
13144106551
13144106554
13144106557
13144106560
13144106564
13144106569
13144106574
13144106575
13144106578
13144106579
13144106586
13144106587
13144106589
13144106594
13144106614
13144106624
13144106641
13144106643
13144106645
13144106647
13144106652
13144106656
13144106657
13144106670
13144106675
13144106701
13144106707
13144106708
13144106709
13144106715
13144106718
13144106724
13144106731
13144106732
13144106736
13144106744
13144106753
13144106761
13144106763
13144106776
13144106779
13144106787
13144106792
13144106793
13144106794
13144106796
13144106801
13144106802
13144106803
13144106806
13144106812
13144106814
13144106817
13144106827
13144106831
13144106840
13144106842
13144106843
13144106844
13144106856
13144106870
13144106876
13144106887
13144106891
13144106892
13144106897
13144106901
13144106907
13144106917
13144106925
13144106927
13144106930
13144106937
13144106940
13144106944
13144106950
13144106957
13144106959
13144106961
13144106963
13144106967
13144106973
13144106975
13144106983
13144106987
13144106993
13144107004
13144107031
13144107035
13144107037
13144107041
13144107044
13144107048
13144107050
13144107062
13144107064
13144107074
13144107081
13144107082
13144107083
13144107087
13144107089
13144107091
13144107092
13144107094
13144107096
13144107097
13144107104
13144107121
13144107124
13144107125
13144107128
13144107129
13144107131
13144107142
13144107143
13144107145
13144107156
13144107159
13144107164
13144107168
13144107172
13144107174
13144107182
13144107184
13144107185
13144107194
13144107196
13144107197
13144107203
13144107204
13144107206
13144107213
13144107215
13144107216
13144107217
13144107220
13144107231
13144107234
13144107236
13144107241
13144107246
13144107247
13144107249
13144107262
13144107269
13144107273
13144107276
13144107279
13144107282
13144107284
13144107287
13144107289
13144107297
13144107304
13144107309
13144107314
13144107316
13144107320
13144107327
13144107330
13144107340
13144107341
13144107342
13144107343
13144107344
13144107345
13144107346
13144107347
13144107349
13144107350
13144107352
13144107354
13144107358
13144107360
13144107362
13144107374
13144107378
13144107382
13144107384
13144107387
13144107390
13144107393
13144107394
13144107396
13144107402
13144107403
13144107405
13144107407
13144107408
13144107409
13144107412
13144107415
13144107416
13144107418
13144107419
13144107425
13144107434
13144107440
13144107447
13144107453
13144107456
13144107464
13144107467
13144107489
13144107494
13144107517
13144107526
13144107530
13144107531
13144107535
13144107537
13144107540
13144107541
13144107542
13144107543
13144107544
13144107546
13144107549
13144107551
13144107554
13144107557
13144107562
13144107564
13144107568
13144107571
13144107576
13144107583
13144107585
13144107587
13144107589
13144107591
13144107594
13144107595
13144107596
13144107597
13144107598
13144107601
13144107602
13144107604
13144107605
13144107607
13144107608
13144107612
13144107614
13144107616
13144107627
13144107630
13144107631
13144107636
13144107637
13144107639
13144107640
13144107643
13144107644
13144107646
13144107649
13144107650
13144107652
13144107656
13144107657
13144107659
13144107662
13144107664
13144107670
13144107674
13144107684
13144107689
13144107692
13144107694
13144107704
13144107705
13144107712
13144107720
13144107724
13144107726
13144107729
13144107741
13144107742
13144107743
13144107748
13144107754
13144107759
13144107761
13144107764
13144107781
13144107793
13144107794
13144107796
13144107805
13144107806
13144107807
13144107812
13144107823
13144107827
13144107830
13144107831
13144107843
13144107844
13144107848
13144107849
13144107850
13144107852
13144107854
13144107857
13144107859
13144107863
13144107864
13144107870
13144107871
13144107874
13144107884
13144107895
13144107896
13144107906
13144107920
13144107924
13144107925
13144107928
13144107929
13144107931
13144107934
13144107935
13144107938
13144107941
13144107942
13144107943
13144107944
13144107945
13144107946
13144107949
13144107954
13144107957
13144107959
13144107960
13144107964
13144107969
13144107970
13144107973
13144107976
13144107981
13144107986
13144107991
13144107994
13144107995
13144108013
13144108014
13144108017
13144108027
13144108039
13144108040
13144108042
13144108044
13144108045
13144108046
13144108047
13144108052
13144108054
13144108057
13144108063
13144108069
13144108071
13144108072
13144108091
13144108094
13144108104
13144108117
13144108120
13144108124
13144108126
13144108128
13144108137
13144108144
13144108146
13144108147
13144108149
13144108154
13144108159
13144108160
13144108162
13144108164
13144108172
13144108173
13144108174
13144108175
13144108187
13144108194
13144108201
13144108205
13144108212
13144108213
13144108217
13144108219
13144108221
13144108227
13144108231
13144108235
13144108241
13144108244
13144108254
13144108257
13144108260
13144108264
13144108265
13144108267
13144108269
13144108271
13144108283
13144108287
13144108294
13144108295
13144108296
13144108297
13144108309
13144108315
13144108317
13144108324
13144108330
13144108340
13144108344
13144108346
13144108349
13144108351
13144108352
13144108353
13144108354
13144108361
13144108364
13144108367
13144108373
13144108374
13144108382
13144108384
13144108385
13144108404
13144108410
13144108414
13144108418
13144108419
13144108428
13144108454
13144108456
13144108458
13144108462
13144108463
13144108470
13144108471
13144108472
13144108474
13144108475
13144108476
13144108479
13144108483
13144108487
13144108489
13144108492
13144108493
13144108497
13144108501
13144108503
13144108505
13144108507
13144108512
13144108513
13144108516
13144108526
13144108527
13144108532
13144108535
13144108543
13144108544
13144108587
13144108591
13144108592
13144108595
13144108597
13144108601
13144108603
13144108604
13144108605
13144108612
13144108615
13144108616
13144108623
13144108624
13144108627
13144108635
13144108644
13144108649
13144108654
13144108656
13144108657
13144108667
13144108672
13144108673
13144108675
13144108681
13144108684
13144108694
13144108707
13144108710
13144108714
13144108724
13144108730
13144108731
13144108734
13144108735
13144108737
13144108738
13144108742
13144108743
13144108746
13144108749
13144108750
13144108751
13144108754
13144108757
13144108764
13144108772
13144108773
13144108774
13144108784
13144108790
13144108791
13144108793
13144108794
13144108795
13144108796
13144108807
13144108814
13144108817
13144108834
13144108845
13144108854
13144108856
13144108864
13144108871
13144108891
13144108902
13144108904
13144108907
13144108914
13144108924
13144108925
13144108934
13144108935
13144108937
13144108945
13144108946
13144108947
13144108948
13144108949
13144108952
13144108954
13144108957
13144108958
13144108972
13144108974
13144108975
13144108994
13144108996
13144109005
13144109014
13144109025
13144109027
13144109029
13144109034
13144109042
13144109044
13144109050
13144109056
13144109057
13144109058
13144109059
13144109061
13144109067
13144109071
13144109073
13144109079
13144109084
13144109092
13144109102
13144109112
13144109127
13144109137
13144109142
13144109144
13144109145
13144109146
13144109147
13144109148
13144109149
13144109152
13144109154
13144109157
13144109164
13144109165
13144109167
13144109176
13144109184
13144109185
13144109194
13144109197
13144109203
13144109207
13144109208
13144109215
13144109224
13144109234
13144109238
13144109241
13144109242
13144109243
13144109244
13144109245
13144109246
13144109247
13144109248
13144109249
13144109254
13144109261
13144109270
13144109272
13144109275
13144109276
13144109279
13144109280
13144109281
13144109286
13144109291
13144109293
13144109294
13144109303
13144109305
13144109312
13144109317
13144109334
13144109337
13144109340
13144109344
13144109346
13144109353
13144109356
13144109360
13144109364
13144109367
13144109370
13144109371
13144109384
13144109386
13144109391
13144109396
13144109402
13144109418
13144109423
13144109431
13144109434
13144109435
13144109436
13144109439
13144109440
13144109442
13144109445
13144109446
13144109450
13144109451
13144109453
13144109459
13144109463
13144109464
13144109467
13144109468
13144109469
13144109474
13144109475
13144109478
13144109481
13144109482
13144109483
13144109484
13144109489
13144109491
13144109492
13144109495
13144109504
13144109512
13144109514
13144109517
13144109525
13144109526
13144109531
13144109532
13144109534
13144109539
13144109541
13144109542
13144109545
13144109546
13144109547
13144109552
13144109553
13144109554
13144109562
13144109571
13144109573
13144109575
13144109576
13144109578
13144109579
13144109583
13144109587
13144109601
13144109613
13144109615
13144109617
13144109630
13144109632
13144109641
13144109648
13144109653
13144109664
13144109670
13144109671
13144109682
13144109683
13144109685
13144109687
13144109689
13144109694
13144109697
13144109704
13144109707
13144109717
13144109721
13144109725
13144109734
13144109737
13144109738
13144109740
13144109744
13144109747
13144109760
13144109767
13144109769
13144109774
13144109784
13144109786
13144109787
13144109790
13144109817
13144109819
13144109826
13144109831
13144109835
13144109843
13144109844
13144109846
13144109847
13144109859
13144109861
13144109863
13144109864
13144109867
13144109871
13144109884
13144109894
13144109895
13144109897
13144109924
13144109926
13144109927
13144109934
13144109943
13144109945
13144109946
13144109957
13144109958
13144109965
13144109974
13172750059
13172750562
13172750695
13172751320
13172751629
13172751923
13172752185
13172752361
13172752395
13172752506
13172752812
13172752981
13172753150
13172753201
13172753562
13172753912
13172753960
13172755091
13172755125
13172755231
13172756025
13172756083
13172756102
13172756203
13172756301
13172756395
13172756563
13172756603
13172756835
13172756905
13172756923
13172758060
13172758113
13172758312
13172758359
13172758503
13172758952
13172759180
13172759215
13172759252
13172759261
13172759301
13172759523
13172759615
13172770025
13172770081
13172770273
13172770510
13172770596
13172770598
13172770698
13172770790
13172770820
13172770920
13172770965
13172771093
13172771163
13172771175
13172771561
13172771568
13172771576
13172771582
13172771708
13172771727
13172771736
13172771790
13172771797
13172771816
13172771892
13172772013
13172772050
13172772109
13172772208
13172772360
13172772691
13172772692
13172772819
13172772825
13172772928
13172772968
13172773021
13172773223
13172773231
13172773307
13172773581
13172773610
13172773625
13172773652
13172773662
13172773729
13172773735
13172773753
13172773912
13172773972
13172775001
13172775160
13172775163
13172775176
13172775180
13172775186
13172775202
13172775208
13172775212
13172775215
13172775218
13172775219
13172775220
13172775232
13172775236
13172775251
13172775263
13172775268
13172775269
13172775273
13172775275
13172775278
13172775286
13172775291
13172775292
13172775297
13172775298
13172775301
13172775306
13172775309
13172775310
13172775318
13172775327
13172775328
13172775335
13172775350
13172785197
13172785761
13172786905
13192706285
13192706386
13192706561
13192706932
13192706950
13192708061
13192708391
13192708397
13192708637
13192708701
13192708707
13192708720
13192708735
13192708737
13192708761
13192708793
13192708935
13192708957
13192709017
13192709035
13192709037
13192709087
13192709150
13192709167
13192709317
13192709361
13192709371
13192709375
13192709507
13192709573
13192709637
13192709675
13192709697
13192709702
13192709712
13192709715
13192709717
13192709762
13192709850
13192710537
13192710562
13192710575
13192710637
13192710753
13192711265
13192711537
13192711590
13192711657
13192712357
13192712572
13192712735
13192713067
13192713217
13192713657
13192713706
13192713760
13192713867
13192715027
13192715065
13192715176
13192715190
13192715192
13192715305
13192715372
13192715607
13192715692
13192715710
13192715807
13192715857
13192715961
13192715971
13192716031
13192716187
13192716230
13192716237
13192716307
13192716357
13192716701
13192716925
13192716985
13192717205
13192717325
13192717352
13192717397
13192717857
13192718351
13192718356
13192718531
13192718537
13192718572
13192718617
13192719031
13192719037
13192719237
13192719285
13192719357
13192719367
13192719523
13192719737
13192720137
13192720153
13192720157
13192720275
13192720306
13192720370
13192720372
13192720531
13192720570
13192720587
13192720651
13192720652
13192720659
13192720671
13192720691
13192720765
13192720937
13192720961
13192721087
13192721153
13192721167
13192721175
13192721252
13192721265
13192721279
13192721327
13192721329
13192721387
13192721392
13192721507
13192721535
13192721537
13192721581
13192721653
13192721672
13192721697
13192721720
13192721731
13192721737
13192721750
13192721756
13192721763
13192721793
13192721815
13192721817
13192721832
13192721851
13192721870
13192721935
13192721952
13192722031
13192722035
13192722056
13192722353
13192722357
13192722365
13192722387
13192722503
13192722517
13192722523
13192722527
13192722679
13192722697
13192722791
13192722797
13192722852
13192723021
13192723052
13192723053
13192723056
13192723095
13192723121
13192723136
13192723159
13192723165
13192723253
13192723256
13192723295
13192723351
13192723501
13192723525
13192723561
13192723601
13192723615
13192723685
13192723861
13192723902
13192723931
13192725025
13192725035
13192725091
13192725130
13192725196
13192725635
13192725685
13192725803
13192725865
13192725915
13192725935
13192725953
13192725985
13192726052
13192726053
13192726105
13192726130
13192726152
13192726205
13192726209
13192726215
13192726251
13192726291
13192726305
13192726325
13192726365
13192726509
13192726519
13192726563
13192726590
13192726593
13192726621
13192726809
13192726850
13192726851
13192726853
13192726892
13192726895
13192726915
13192726953
13192726985
13192728056
13192728125
13192728130
13192728135
13192728193
13192728250
13192728265
13192728315
13192728325
13192728502
13192728506
13192728512
13192728565
13192728625
13192728631
13192729053
13192729056
13192729253
13192729285
13192729351
13192729362
13192729523
13192729601
13192729612
13192729615
13192729905
13192730657
13192730676
13192730716
13192730739
13192730753
13192730971
13192730979
13192731076
13192731576
13192731720
13192731761
13192731796
13192731913
13192732032
13192732056
13192732172
13192732531
13192732721
13192732762
13192732782
13192732870
13192733076
13192733107
13192733250
13192733672
13192733726
13192733752
13192733916
13192733971
13192733976
13192735032
13192735075
13192735107
13192735127
13192735135
13192735217
13192735271
13192735287
13192735371
13192735517
13192735527
13192735697
13192735723
13192735761
13192735787
13192735793
13192735817
13192735827
13192735871
13192735937
13192735973
13192736027
13192736037
13192736057
13192736237
13192736327
13192736381
13192736503
13192736516
13192736517
13192736572
13192736579
13192736719
13192736720
13192736730
13192736737
13192736783
13192736785
13192736872
13192736917
13192736957
13192736967
13192737013
13192737015
13192737027
13192737051
13192737125
13192737151
13192737160
13192737205
13192737231
13192737267
13192737285
13192737295
13192737507
13192737515
13192737561
13192737606
13192737782
13192737901
13192738357
13192738507
13192738537
13192738573
13192738597
13192738617
13192738637
13192738730
13192738757
13192738901
13192738927
13192739037
13192739107
13192739207
13192739230
13192739357
13192739502
13192739503
13192739571
13192739575
13192739627
13192739685
13192739697
13192739751
13192739753
13192739760
13192739787
13192739805
13192740139
13192740159
13192740192
13192740361
13192740516
13192740589
13192740631
13192740670
13192740673
13192740682
13192740792
13192740872
13192740952
13192740973
13192741063
13192741067
13192741081
13192741185
13192741252
13192741257
13192741275
13192741281
13192741287
13192741291
13192741296
13192741301
13192741351
13192741361
13192741375
13192741397
13192741507
13192741513
13192741519
13192741523
13192741607
13192741625
13192741657
13192741659
13192741685
13192741690
13192741692
13192741706
13192741725
13192741731
13192741762
13192741765
13192741797
13192741815
13192741820
13192741865
13192741867
13192741870
13192741897
13192741923
13192741932
13192741935
13192742036
13192742067
13192742126
13192742251
13192742307
13192742310
13192742351
13192742357
13192742387
13192742537
13192742563
13192742595
13192742596
13192742602
13192742605
13192742617
13192742653
13192742701
13192742703
13192742710
13192742712
13192742732
13192742758
13192742792
13192742801
13192742870
13192742875
13192742876
13192742906
13192742907
13217618017
13217619572
13217620061
13217620069
13217620080
13217620083
13217620095
13217620096
13217620129
13217620156
13217620159
13217620169
13217620213
13217620237
13217620268
13217620270
13217620280
13217620321
13217620326
13217620375
13217620396
13217620527
13217620559
13217620573
13217620667
13217620683
13217620698
13217620726
13217620731
13217620761
13217620770
13217620771
13217620792
13217620797
13217620819
13217620825
13217620835
13217620869
13217620891
13217620906
13217620920
13217620927
13217620928
13217620930
13217620932
13217620956
13217620963
13217620996
13217621027
13217621071
13217621080
13217621098
13217621102
13217621135
13217621136
13217621137
13217621153
13217621196
13217621225
13217621230
13217621265
13217621272
13217621273
13217621275
13217621280
13217621295
13217621306
13217621318
13217621350
13217621351
13217621367
13217621373
13217621526
13217621537
13217621550
13217621556
13217621561
13217621562
13217621563
13217621569
13217621578
13217621583
13217621585
13217621596
13217621602
13217621606
13217621608
13217621637
13217621650
13217621652
13217621727
13217621775
13217621783
13217621792
13217621819
13217621862
13217621881
13217621893
13217621920
13217621930
13217621956
13217621969
13217622005
13217622010
13217622021
13217622025
13217622032
13217622036
13217622056
13217622059
13217622073
13217622110
13217622171
13217622172
13217622173
13217622183
13217622198
13217622201
13217622238
13217622239
13217622260
13217622283
13217622287
13217622295
13217622301
13217622302
13217622303
13217622327
13217622329
13217622332
13217622339
13217622359
13217622389
13217622523
13217622527
13217622531
13217622559
13217622562
13217622569
13217622573
13217622612
13217622621
13217622635
13217622660
13217622709
13217622712
13217622730
13217622790
13217622792
13217622837
13217622860
13217622863
13217622869
13217622883
13217622892
13217622902
13217622906
13217622926
13217622981
13217623002
13217623036
13217623058
13217623083
13217623107
13217623117
13217623138
13217623163
13217623176
13217623227
13217623253
13217623287
13217623296
13217623323
13217623327
13217623358
13217623360
13217623369
13217623395
13217623503
13217623519
13217623578
13217623601
13217623630
13217623665
13217623668
13217623679
13217623702
13217623703
13217623706
13217623716
13217623720
13217623721
13217623739
13217623775
13217623810
13217623837
13217623851
13217623858
13217623865
13217623871
13217623879
13217623910
13217623915
13217623921
13217623935
13217623953
13217623958
13217623970
13217623992
13217625020
13217625068
13217625070
13217625125
13217625173
13217625175
13217625207
13217625209
13217625235
13217625295
13217625301
13217625302
13217625321
13217625356
13217625371
13217625379
13217625395
13217625518
13217625532
13217625569
13217625575
13217625580
13217625592
13217625659
13217625669
13217625671
13217625697
13217625720
13217625721
13217625736
13217625739
13217625750
13217625752
13217625759
13217625775
13217625830
13217625860
13217625871
13217625890
13217625930
13217625932
13217625950
13217625967
13217625968
13217626007
13217626008
13217626056
13217626058
13217626098
13217626126
13217626127
13217626128
13217626158
13217626162
13217626170
13217626198
13217626265
13217626301
13217626310
13217626357
13217626367
13217626368
13217626369
13217626507
13217626515
13217626525
13217626526
13217626556
13217626587
13217626598
13217626615
13217626617
13217626635
13217626636
13217626670
13217626686
13217626707
13217626721
13217626738
13217626883
13217626889
13217626905
13217626951
13217626997
13217627019
13217627039
13217627087
13217627093
13217627098
13217627152
13217627165
13217627175
13217627183
13217627209
13217627219
13217627227
13217627231
13217627252
13217627261
13217627262
13217627286
13217627287
13217627318
13217627320
13217627321
13217627328
13217627383
13217627508
13217627518
13217627562
13217627578
13217627626
13217627632
13217627636
13217627679
13217627680
13217627689
13217627708
13217627718
13217627735
13217627752
13217627758
13217627806
13217627832
13217627871
13217627936
13217627960
13217627985
13217628013
13217628015
13217628020
13217628023
13217628068
13217628073
13217628076
13217628086
13217628087
13217628103
13217628135
13217628152
13217628173
13217628195
13217628201
13217628206
13217628220
13217628226
13217628239
13217628292
13217628335
13217628359
13217628365
13217628381
13217628392
13217628506
13217628529
13217628572
13217628593
13217628601
13217628615
13217628651
13217628661
13217628671
13217628676
13217628690
13217628698
13217628706
13217628712
13217628716
13217628738
13217628752
13217628798
13217628801
13217628803
13217628807
13217628821
13217628823
13217628865
13217628879
13217628897
13217628907
13217628919
13217628938
13217628951
13217628961
13217628971
13217629031
13217629057
13217629060
13217629073
13217629128
13217629129
13217629135
13217629176
13217629190
13217629219
13217629237
13217629319
13217629352
13217629357
13217629361
13217629373
13217629375
13217629397
13217629506
13217629517
13217629518
13217629520
13217629531
13217629538
13217629553
13217629556
13217629557
13217629559
13217629562
13217629565
13217629568
13217629573
13217629580
13217629582
13217629596
13217629602
13217629621
13217629623
13217629629
13217629632
13217629636
13217629650
13217629661
13217629676
13217629685
13217629687
13217629703
13217629715
13217629716
13217629736
13217629752
13217629758
13217629763
13217629775
13217629785
13217629792
13217629793
13217629802
13217629803
13217629808
13217629818
13217629821
13217629823
13217629836
13217629838
13217629850
13217629859
13217629865
13217629883
13217629885
13217629896
13217629920
13217629921
13217629931
13217629938
13217629939
13217629963
13217629967
13217629972
13217629973
13217629976
13217629978
13226893867
13232612707
13232613105
13232617359
13232617962
13232618257
13232751217
13232751561
13232757160
13232758751
13232758907
13232761637
13232768357
13232768367
13232769037
13232769251
13232775031
13257622157
13286701271
13286701715
13286702375
13286702376
13286702387
13286702397
13286703057
13286703105
13286710125
13286710135
13286710136
13286710152
13286710392
13286710650
13286710682
13286710691
13286710753
13286710783
13286710831
13286710931
13286711083
13286711253
13286711312
13286711357
13286712087
13286712102
13286712271
13286712353
13286712379
13286712517
13286712532
13286712579
13286712607
13286712705
13286712719
13286712952
13286713657
13286713702
13286713736
13286713760
13286713791
13286713815
13286713837
13286713872
13286713975
13286715027
13286715129
13286715170
13286715191
13286715261
13286715302
13286715506
13286715635
13286715695
13286715697
13286715905
13286715971
13286715975
13286716309
13286716530
13286716705
13286716712
13286716775
13286716785
13286717621
13286718205
13286719507
13286719651
13286720126
13286720159
13286720167
13286720259
13286720560
13286720571
13286720627
13286720761
13286720797
13286720851
13286720935
13286720965
13286720967
13286721057
13286721059
13286721371
13286721590
13286721731
13286721765
13286721769
13286721837
13286721927
13286721935
13286722037
13286722137
13286722360
13286722516
13286722702
13286722765
13286723096
13286723167
13286723171
13286723215
13286723270
13286723392
13286723605
13286723607
13286723692
13286723927
13286723965
13286725109
13286725237
13286725350
13286725363
13286725375
13286725379
13286725501
13286725617
13286725650
13286725701
13286725712
13286725717
13286725720
13286725772
13286725932
13286725936
13286726019
13286726215
13286726271
13286726395
13286726671
13286726703
13286726706
13286726731
13286726931
13286726972
13286727167
13286727650
13286727657
13286727825
13286727875
13286727910
13286727915
13286727957
13286728515
13286728562
13286728917
13286729085
13286729159
13286729201
13286729253
13286729317
13286729561
13286729585
13286729685
13286729709
13286729720
13286729817
13286730653
13286731275
13286731975
13286732357
13286732906
13286732912
13286733291
13286733725
13286735291
13286735710
13286736512
13286736573
13286737051
13286737805
13286738917
13286739035
13286739167
13286739175
16607610364
16607610434
16607610875
16607611471
16607612792
16607614954
16676261047
16676261475
16676261531
16676261953
17507613409
17507618351
17507618792
17607620315
17607620985
17607621351
17607621561
17607621595
17607622953
17607625096
17607625356
17607625650
17607625812
17607625962
17607626032
17607626915
17607628351
17688091061
17688092307
17688092591
17688093657
17688095795
17688097019
22177329447
67084658839