13016381970
13046350083
13046350127
13046350352
13046350370
13046350391
13046350451
13046350595
13046350652
13046351069
13046351256
13046351305
13046351347
13046351387
13046351423
13046351429
13046351669
13046351672
13046351753
13046352318
13046352643
13046352657
13046352853
13046352895
13046352919
13046352962
13046353037
13046353451
13046353514
13046353674
13046354161
13046354324
13046354463
13046354464
13046354489
13046354834
13046355452
13046355859
13046355932
13046356001
13046356302
13046356381
13046356519
13046356709
13046357529
13046357562
13046357950
13046358128
13046358235
13046358397
13046358458
13046358609
13046358814
13046358860
13046358948
13046359317
13046359401
13046359592
13046359754
13046359815
13046359885
13046360039
13046360197
13046360235
13046360314
13046360316
13046360362
13046360493
13046360727
13046360732
13046360797
13046360995
13046361007
13046361031
13046361037
13046361095
13046361154
13046361253
13046361270
13046361302
13046361306
13046361489
13046361537
13046361579
13046361636
13046361681
13046361732
13046361737
13046361782
13046361785
13046361803
13046361893
13046361905
13046361914
13046361938
13046362234
13046362362
13046362424
13046362507
13046362515
13046362528
13046362543
13046362571
13046362703
13046362709
13046362891
13046362931
13046362981
13046363049
13046363258
13046363274
13046363313
13046363317
13046363327
13046363654
13046363783
13046363821
13046363870
13046363959
13046364059
13046364350
13046364356
13046364467
13046364538
13046364669
13046364856
13046364987
13046365221
13046365229
13046365298
13046365339
13046365356
13046365467
13046365541
13046365603
13046365604
13046365649
13046365748
13046365952
13046366074
13046366079
13046366121
13046366175
13046366208
13046366214
13046366250
13046366272
13046366505
13046366508
13046366598
13046366713
13046366723
13046366919
13046366947
13046366989
13046367082
13046367140
13046367182
13046367239
13046367294
13046367408
13046367502
13046367515
13046367518
13046367657
13046367714
13046367763
13046367769
13046367892
13046367938
13046368050
13046368081
13046368093
13046368231
13046368250
13046368258
13046368293
13046368317
13046368361
13046368391
13046368418
13046368570
13046368651
13046368652
13046368662
13046368690
13046368769
13046368785
13046368834
13046368907
13046368975
13046368981
13046369068
13046369095
13046369102
13046369162
13046369312
13046369410
13046369610
13046369653
13046369763
13046369771
13046369798
13046369817
13046369826
13046369837
13046369983
13046385957
13046390223
13046390634
13046391139
13046391281
13046391529
13046391569
13046391572
13046391665
13046391719
13046391762
13046391778
13046391861
13046391862
13046391975
13046392025
13046392203
13046392521
13046392693
13046392702
13046392861
13046392969
13046392987
13046393079
13046393126
13046393182
13046393192
13046393196
13046393253
13046393375
13046393484
13046393502
13046393719
13046394096
13046395731
13046397964
13046398802
13046398859
13046399560
13232215315
13232216957
13232219675
13232275579
15602534814
15602535647
15602537124
15602537542
15602538542
15602539347
15602871485
15602873524
15602873714
15602874954
15602876034
15626901074
15626911634
15626913421
15626913524
15626917469
15626945024
15626945026
15626945086
15626945344
15626945372
15626948042
15626948479
15626950274
15626952445
15626954262
15626958450
15626964752
15626971654
15626972154
15626974542
15692033743
15692034741
15692035124
15697564070
15697564154
16626238523
16626243107
16626243152
16626243272
16626243862
16626243986
16626247019
16626247030
16626247048
16626247051
16626247108
16626247146
16626247168
16626247174
16626247183
16626247204
16626247207
16626247249
16626247269
16626247302
16626247335
16626247336
16626247365
16626247368
16626247385
16626247412
16626247505
16626247506
16626247517
16626247585
16626247608
16626247627
16626247648
16626247667
16626247675
16626247702
16626247754
16626247764
16626247791
16626247825
16626247834
16626247865
16626247941
16626247959
16626248015
16626248059
16626248095
16626248134
16626248313
16626248370
16626248376
16626248451
16626248457
16626248526
16626248573
16626248650
16626248651
16626248664
16626248725
16626248727
16626248864
16626248896
16626248946
16626249021
16626249042
16626249063
16626249108
16626249171
16626249180
16626249221
16626249231
16626249237
16626249239
16626249284
16626249343
16626249382
16626249389
16626249396
16626249427
16626249430
16626249463
16626249526
16626249527
16626249651
16626249682
16626249689
16626249694
16626249706
16626249717
16626249735
16626249746
16626249774
16626249841
16626249853
16626249956
16626249980
16675640135
16675640243
16675640635
16675640847
16675641037
16675641281
16675641495
16675641523
16675641536
16675641584
16675641659
16675641745
16675641934
16675642370
16675642404
16675642972
16675643112
16675643186
16675643329
16675643409
16675643564
16675643590
16675643632
16675643740
16675644021
16675644532
16675644581
16675644587
16675644851
16675644873
16675645107
16675645325
16675645391
16675645973
16675646276
16675646924
16675647145
16675647814
16675647940
16675648415
16675648465
16675648760
16675648791
16675649256
16675649371
16675649380
16675649397
16675649483
16675649507
16675649715
16675649744
16675650643
16675650854
16675653640
16675654130
16675654584
16675654625
16675654671
16675656254
16675657419
16675657614
16675657642
16675658044
16675658440
16675658534
17507561071
17507565083
17507565983
17520283587
17520283925
17520286285
17520287162
17520287937
17607560376
17607560995
17607561061
17607561268
17607561503
17607561569
17607561813
17607562281
17607562289
17607562353
17607562612
17607562680
17607562685
17607562705
17607562860
17607562897
17607562925
17607563081
17607563172
17607563175
17607563253
17607563510
17607563705
17607563957
17607565337
17607565816
17607565901
17607566257
17607566519
17607567162
17607567205
17607567583
17607567816
17607567839
17607568135
17607568197
17607568201
17607568207
17607568223
17688170732
17688171269
17688173553
17688176051
17688176253
17688194017
18041025210
18529618703
18529623694
18529624075
18529624102
18575603941
18575604106
18575608487
18575612456
18575620947
18575621843
18575622740
18575622924
18575626841
18575627497
18575627746
18575627794
18575628114
18575630264
18575634006
18575634102
18575634902
18575634914
18575635804
18575635845
18575635934
18575635984
18575637457
18575638104
18575639564
18575650428
18575651446
18575658924
18575661394
18575662426
18575664371
18578205482
18578227854
18666131384
18666131774
18666131934
18666132485
18666133412
18666133429
18666133468
18666134260
18666134362
18666134412
18666134548
18666134562
18666134646
18666135541
18666136246
18666136414
18666136469
18666136482
18666136498
18666136746
18666137049
18666137124
18666138054
18666138340
18666138343
18666138440
18666138446
18666138491
18666138493
18666138554
18666138854
18666139140
18666139142
18666139549
18666140270
18666140279
18666140359
18666140404
18666141339
18666142269
18666142597
18666142681
18666143910
18666945576
18666945587
18666945595
18666945653
18666945713
18666946253
18666947159
18666947270
18666947738
18666948398
18666948506
18666948875
18666949667
18666949708