13058303474
13058304357
13058307343
13058307514
13068611715
13068625124
13078104794
13078170376
13078179425
13078180434
13078180764
13078187409
13078196841
13078197941
13168579843
13178536057
13202358746
13202364953
13202371894
13202377290
13202379590
13202379693
13202379820
13202379930
13202382141
13202384367
13202384375
13202384525
13202384572
13202384974
13202385491
13202386473
13202387924
13202389134
13202389249
13202389470
13202389534
13202389541
13202389574
13202389754
13202389824
13202390344
13202392041
13202392843
13202393472
13202394307
13202394710
13202394762
13202394769
13202394967
13202395141
13202395247
13202395294
13202395384
13202395634
13202395704
13202395874
13202396347
13202396454
13202396472
13202396473
13202396485
13202396544
13202396942
13202397246
13202397341
13202397406
13202397421
13202397481
13202397494
13202397942
13202398041
13202398194
13202398241
13202398314
13202398364
13202398421
13202398471
13202399547
13202401464
13202401473
13202401704
13202401945
13202402149
13202801371
13202807097
13202807352
13202807525
13202846504
13226701671
13226703427
13226703784
13226704426
13226706849
13226971365
13226971416
13226971746
13226971785
13226972920
13226974344
13288371507
15602560467
15602562314
15602562413
15602562534
15602562547
15602562604
15602562934
15602562964
15602563241
15602563401
15602563441
15602563461
15602563624
15602563740
15602563744
15602563754
15602563954
15602564124
15602564135
15602564192
15602564193
15602564307
15602564395
15602564421
15602564431
15602564591
15602564621
15602564674
15602564751
15602564783
15602564867
15602564907
15602564930
15602564935
15602564974
15602565043
15602565074
15602565174
15602565274
15602565340
15602565374
15602565440
15602565794
15602565941
15602566194
15602566274
15602566394
15602566475
15602566834
15602567094
15602567214
15602567245
15602567412
15602567434
15602567439
15602568247
15602568614
15602568642
15602569104
15602569134
15602569429
15602569437
15602569541
15602569641
15602832437
15602832714
15602836427
15602837404
15602842041
15602842674
15602842704
15602845937
15602852957
15602853185
15602854227
15602855243
15602856991
15602857043
15602857090
15602857643
15602858459
15602859370
15602859674
15625400439
15625400544
15625400853
15625400953
15625401065
15625401259
15625401262
15625401275
15625401276
15625401387
15625401429
15625401432
15625401570
15625402061
15625402149
15625402237
15625402247
15625402372
15625402384
15625402397
15625402414
15625402417
15625402423
15625402437
15625402453
15625402467
15625402473
15625402474
15625402593
15625402624
15625402645
15625402691
15625402737
15625402746
15625402764
15625402792
15625402815
15625402954
15625403047
15625403054
15625403064
15625403125
15625403145
15625403174
15625403412
15625403424
15625403442
15625403489
15625403517
15625403604
15625403684
15625403725
15625403732
15625403824
15625403851
15625403971
15625404125
15625404251
15625404253
15625404271
15625404376
15625404603
15625404617
15625404634
15625404637
15625404643
15625404694
15625404759
15625404767
15625404796
15625404821
15625404824
15625404879
15625404895
15625404904
15625404944
15625405069
15625405124
15625405146
15625405324
15625405329
15625405341
15625405367
15625405394
15625405489
15625405592
15625405713
15625405741
15625405749
15625405763
15625405764
15625405814
15625405837
15625405894
15625405904
15625405943
15625405954
15625406051
15625406109
15625406124
15625406404
15625406476
15625406712
15625406729
15625406850
15625406952
15625407044
15625407064
15625407087
15625407154
15625407164
15625407194
15625407340
15625407342
15625407347
15625407364
15625407423
15625407434
15625407460
15625407462
15625407647
15625407960
15625408039
15625408049
15625408107
15625408164
15625408194
15625408341
15625408354
15625408394
15625408467
15625408517
15625408607
15625408650
15625408739
15625409015
15625409142
15625409173
15625409312
15625409451
15625409454
15625409487
15625409525
15625409544
15625409614
15625409694
15625409710
15625409724
15625409734
15625409827
15625490452
15625490631
15625494403
15625494621
15625497340
15625498245
15625498904
15625499374
15625905475
15625906450
15625910140
15625910481
15625911374
15625911841
15625911904
15625912051
15625912143
15625912145
15625912740
15625912940
15625913574
15625913674
15625914071
15625914103
15625914172
15625914267
15625914389
15625914523
15625914735
15625914737
15625914814
15625914854
15625915364
15625915414
15625915824
15625916857
15625917417
15625917845
15625917964
15625918410
15625918437
15625918974
15625919074
15625919765
15625931047
15625931447
15625931462
15625931479
15625931654
15625931794
15625931824
15625932134
15625932147
15625932174
15625932349
15625932471
15625932474
15625932541
15625932604
15625932743
15625932744
15625932754
15625932784
15625932940
15625933041
15625933564
15625933742
15625934610
15625934617
15625934637
15625934851
15625934867
15625934901
15625935145
15625935429
15625935434
15625935439
15625935460
15625935462
15625935497
15625936104
15625936143
15625936241
15625936410
15625936421
15625936437
15625936457
15625936472
15625936497
15625936594
15625937224
15625937247
15625937341
15625937354
15625937414
15625937430
15625937435
15625937524
15625937534
15625937634
15625937641
15625937694
15625937724
15625937745
15625937824
15625937834
15625937854
15625937942
15625937964
15625937984
15625938145
15625938164
15625938714
15625938904
15625938974
15625939034
15625939541
15625939624
15625939634
15625939724
15625939745
15625980342
15625980347
15625980461
15625980649
15625980749
15625980784
15625980841
15625980874
15625981041
15625981467
15625981484
15625981495
15625981549
15625981794
15625981844
15625981943
15625982147
15625982401
15625982459
15625982485
15625982640
15625982947
15625982954
15625983044
15625983047
15625983274
15625983374
15625983407
15625983464
15625983467
15625983604
15625983684
15625983740
15625983894
15625983964
15625984063
15625984097
15625984127
15625984157
15625984164
15625984170
15625984172
15625984197
15625984304
15625984310
15625984534
15625984562
15625984624
15625984673
15625984694
15625984753
15625984854
15625984874
15625984914
15625985047
15625985264
15625985434
15625985479
15625985914
15625986043
15625986140
15625986214
15625986401
15625986421
15625986447
15625986454
15625986541
15625986547
15625986947
15625987024
15625987043
15625987064
15625987140
15625987149
15625987224
15625987401
15625987453
15625987542
15625987564
15625987940
15625988474
15625988492
15625988674
15625989074
15625989314
15625989364
15625989424
15625989704
15625989745
15627201374
15627201493
15627201495
15627201524
15627201674
15627203164
15627203642
15627203724
15627204162
15627204217
15627204237
15627204363
15627204572
15627204574
15627204875
15627204925
15627205194
15627205349
15627205364
15627205534
15627206431
15627206547
15627206584
15627206854
15627207401
15627207462
15627207492
15627207524
15627207647
15627208124
15627208149
15627208347
15627208734
15627208743
15627208941
15627209041
15627209054
15627209417
15627209425
15627209485
15627209645
15627209742
15627210435
15627210479
15627210481
15627210841
15627210941
15627210964
15627211461
15627211465
15627212864
15627213064
15627213074
15627213164
15627213264
15627213490
15627213924
15627213954
15627214295
15627214537
15627214624
15627214675
15627214764
15627214874
15627215045
15627215174
15627215274
15627215284
15627215344
15627215794
15627217440
15627217441
15627217460
15627217834
15627217934
15627218074
15627218594
15627218640
15627219245
15627219405
15627219674
15627219834
15627265275
15627265531
15627267537
15627267610
15627700594
15627701254
15627702674
15627702845
15627703724
15627703864
15627703904
15627704821
15627704834
15627704835
15627704895
15627704905
15627704925
15627704927
15627705014
15627705042
15627705074
15627705144
15627705184
15627705224
15627705245
15627705294
15627705340
15627705344
15627705347
15627705374
15627705384
15627705425
15627705437
15627705441
15627705460
15627705473
15627705483
15627705564
15627705594
15627705624
15627705743
15627705864
15627705941
15627706143
15627706194
15627706294
15627706340
15627706349
15627706407
15627706412
15627706745
15627706844
15627706914
15627706924
15627706944
15627706984
15627707154
15627707384
15627707842
15627708034
15627708244
15627708245
15627708249
15627708254
15627708304
15627708344
15627708349
15627708354
15627708364
15627708401
15627708407
15627708419
15627708424
15627708435
15627708442
15627708461
15627708464
15627708504
15627708547
15627708724
15627708749
15627708904
15627708964
15627708974
15627709064
15627709124
15627709245
15627709314
15627709342
15627709374
15627709407
15627709417
15627709427
15627709434
15627709445
15627709453
15627709462
15627709481
15627709514
15627709642
15627709674
15627709744
15627709824
15627709847
15627709864
15627730074
15627730184
15627730844
15627731244
15627731367
15627731395
15627731424
15627731452
15627731461
15627731462
15627731482
15627731487
15627731494
15627731497
15627731591
15627732140
15627732145
15627732415
15627732435
15627732473
15627733585
15627734087
15627734120
15627734453
15627734524
15627734539
15627734550
15627734553
15627734571
15627734605
15627734610
15627734613
15627734634
15627734693
15627734702
15627734712
15627734750
15627734775
15627734803
15627734837
15627734874
15627734895
15627734903
15627734914
15627734924
15627734950
15627734964
15627734974
15627735527
15627735632
15627735745
15627736174
15627736204
15627736417
15627736445
15627736473
15627736474
15627736734
15627736743
15627736945
15627736954
15627736974
15627737054
15627737084
15627737163
15627737182
15627737204
15627737241
15627737249
15627737284
15627737331
15627737359
15627737453
15627737459
15627737515
15627737532
15627737907
15627738025
15627738231
15627738291
15627738294
15627738315
15627738405
15627738463
15627738492
15627738497
15627738501
15627738517
15627738542
15627738571
15627738594
15627738720
15627738724
15627738734
15627738757
15627738779
15627738797
15627738821
15627738845
15627738914
15627738927
15627738947
15627738949
15627738952
15627738974
15627739041
15627739045
15627739071
15627739124
15627739241
15627739274
15627739284
15627739304
15627739340
15627739341
15627739443
15627739457
15627739540
15627739541
15627739542
15627739564
15627739645
15627739654
15627739674
15627739704
15627739714
15627739742
15627739743
15627739764
15627760164
15627780784
15627798451
15627799541
16698400273
16698400274
16698400372
16698400387
16698400394
16698400431
16698400451
16698400462
16698400541
16698400547
16698400561
16698400564
16698400582
16698400587
16698400641
16698400643
16698400647
16698400694
16698400741
16698400854
16698400874
16698400947
16698400974
16698401039
16698401041
16698401045
16698401047
16698401049
16698401054
16698401063
16698401097
16698401143
16698401154
16698401157
16698401241
16698401247
16698401249
16698401251
16698401265
16698401284
16698401287
16698401295
16698401305
16698401351
16698401384
16698401421
16698401429
16698401431
16698401447
16698401450
16698401451
16698401452
16698401461
16698401462
16698401465
16698401469
16698401470
16698401471
16698401475
16698401479
16698401483
16698401487
16698401492
16698401494
16698401495
16698401497
16698401503
16698401532
16698401541
16698401544
16698401565
16698401574
16698401604
16698401607
16698401624
16698401632
16698401641
16698401674
16698401703
16698401704
16698401705
16698401725
16698401734
16698401740
16698401741
16698401743
16698401763
16698401792
16698401807
16698401834
16698401837
16698401842
16698401849
16698401854
16698401904
16698401923
16698401942
16698401967
16698402045
16698402061
16698402063
16698402065
16698402067
16698402074
16698402075
16698402084
16698402137
16698402140
16698402143
16698402147
16698402161
16698402170
16698402175
16698402187
16698402197
16698402215
16698402241
16698402243
16698402249
16698402264
16698402265
16698402273
16698402295
16698402305
16698402347
16698402349
16698402361
16698402371
16698402381
16698402391
16698402394
16698402413
16698402414
16698402419
16698402431
16698402439
16698402440
16698402443
16698402453
16698402457
16698402461
16698402467
16698402469
16698402470
16698402471
16698402473
16698402479
16698402481
16698402489
16698402491
16698402497
16698402501
16698402507
16698402517
16698402540
16698402547
16698402554
16698402572
16698402574
16698402587
16698402604
16698402605
16698402607
16698402641
16698402642
16698402644
16698402645
16698402647
16698402671
16698402672
16698402674
16698402695
16698402709
16698402715
16698402740
16698402744
16698402749
16698402764
16698402784
16698402794
16698402834
16698402841
16698402842
16698402843
16698402844
16698402849
16698402894
16698402905
16698402940
16698402945
16698402951
16698402954
16698402967
16698402970
16698402972
16698403014
16698403015
16698403025
16698403027
16698403044
16698403051
16698403061
16698403104
16698403143
16698403144
16698403147
16698403153
16698403159
16698403162
16698403167
16698403171
16698403184
16698403195
16698403205
16698403245
16698403264
16698403275
16698403294
16698403341
16698403374
16698403397
16698403415
16698403417
16698403427
16698403447
16698403452
16698403460
16698403469
16698403481
16698403487
16698403491
16698403497
16698403509
16698403519
16698403529
16698403540
16698403544
16698403547
16698403554
16698403557
16698403569
16698403590
16698403614
16698403641
16698403642
16698403650
16698403652
16698403653
16698403654
16698403674
16698403704
16698403725
16698403741
16698403743
16698403752
16698403754
16698403759
16698403783
16698403790
16698403807
16698403852
16698403854
16698403861
16698403864
16698403867
16698403904
16698403905
16698403914
16698403923
16698403924
16698403942
16698403943
16698403945
16698403949
16698403952
16698403962
16698404065
16698404105
16698404120
16698404152
16698404154
16698404160
16698404161
16698404162
16698404163
16698404174
16698404194
16698404197
16698404203
16698404227
16698404252
16698404260
16698404261
16698404265
16698404267
16698404269
16698404272
16698404274
16698404279
16698404292
16698404293
16698404294
16698404295
16698404307
16698404327
16698404331
16698404337
16698404354
16698404359
16698404364
16698404365
16698404371
16698404372
16698404373
16698404379
16698404391
16698404395
16698404397
16698404423
16698404450
16698404451
16698404452
16698404457
16698404461
16698404479
16698404501
16698404503
16698404504
16698404513
16698404517
16698404527
16698404532
16698404534
16698404537
16698404551
16698404573
16698404574
16698404583
16698404584
16698404623
16698404629
16698404635
16698404637
16698404671
16698404674
16698404692
16698404693
16698404694
16698404705
16698404709
16698404710
16698404712
16698404713
16698404714
16698404719
16698404724
16698404729
16698404730
16698404732
16698404734
16698404735
16698404739
16698404751
16698404761
16698404763
16698404765
16698404784
16698404791
16698404792
16698404794
16698404795
16698404802
16698404821
16698404837
16698404852
16698404867
16698404872
16698404875
16698404891
16698404892
16698404893
16698404905
16698404914
16698404931
16698404935
16698404952
16698404954
16698404971
16698404974
16698405021
16698405042
16698405049
16698405064
16698405073
16698405074
16698405084
16698405145
16698405174
16698405184
16698405191
16698405192
16698405197
16698405243
16698405274
16698405294
16698405304
16698405305
16698405325
16698405342
16698405365
16698405374
16698405375
16698405394
16698405397
16698405402
16698405403
16698405412
16698405413
16698405414
16698405415
16698405424
16698405431
16698405435
16698405449
16698405465
16698405473
16698405474
16698405484
16698405491
16698405537
16698405584
16698405594
16698405601
16698405604
16698405605
16698405607
16698405614
16698405624
16698405625
16698405641
16698405674
16698405692
16698405694
16698405705
16698405714
16698405724
16698405732
16698405734
16698405743
16698405745
16698405747
16698405764
16698405792
16698405804
16698405814
16698405834
16698405837
16698405873
16698405879
16698405913
16698405914
16698405917
16698405924
16698405925
16698405932
16698405934
16698405935
16698405937
16698405943
16698405945
16698405963
16698405964
16698405972
16698406015
16698406024
16698406025
16698406041
16698406075
16698406134
16698406141
16698406142
16698406149
16698406174
16698406184
16698406197
16698406205
16698406213
16698406249
16698406254
16698406257
16698406340
16698406342
16698406343
16698406349
16698406353
16698406354
16698406357
16698406397
16698406402
16698406407
16698406409
16698406425
16698406427
16698406430
16698406431
16698406442
16698406472
16698406473
16698406474
16698406491
16698406493
16698406495
16698406541
16698406547
16698406549
16698406610
16698406710
16698406724
16698406727
16698406734
16698406735
16698406794
16698406795
16698406803
16698406851
16698406854
16698406913
16698406914
16698406920
16698406935
16698406941
16698406971
16698407014
16698407021
16698407039
16698407064
16698407105
16698407125
16698407127
16698407142
16698407149
16698407154
16698407159
16698407164
16698407194
16698407204
16698407205
16698407207
16698407231
16698407241
16698407243
16698407284
16698407301
16698407315
16698407343
16698407344
16698407354
16698407361
16698407365
16698407384
16698407393
16698407402
16698407405
16698407410
16698407412
16698407419
16698407424
16698407432
16698407434
16698407437
16698407439
16698407442
16698407457
16698407460
16698407461
16698407464
16698407467
16698407482
16698407490
16698407493
16698407495
16698407513
16698407532
16698407537
16698407540
16698407541
16698407561
16698407563
16698407584
16698407591
16698407603
16698407615
16698407624
16698407632
16698407635
16698407637
16698407641
16698407644
16698407645
16698407653
16698407682
16698407694
16698407704
16698407714
16698407743
16698407754
16698407764
16698407804
16698407834
16698407842
16698407843
16698407847
16698407859
16698407864
16698407894
16698407904
16698407914
16698407917
16698407934
16698407947
16698407965
16698408014
16698408027
16698408042
16698408053
16698408054
16698408074
16698408134
16698408141
16698408142
16698408143
16698408145
16698408147
16698408157
16698408164
16698408175
16698408194
16698408214
16698408215
16698408235
16698408241
16698408245
16698408264
16698408274
16698408304
16698408324
16698408341
16698408342
16698408354
16698408364
16698408365
16698408370
16698408371
16698408401
16698408402
16698408415
16698408417
16698408419
16698408424
16698408427
16698408429
16698408431
16698408437
16698408441
16698408449
16698408452
16698408453
16698408465
16698408467
16698408470
16698408471
16698408473
16698408475
16698408492
16698408497
16698408504
16698408517
16698408531
16698408534
16698408543
16698408544
16698408547
16698408564
16698408574
16698408591
16698408601
16698408603
16698408604
16698408614
16698408621
16698408624
16698408645
16698408647
16698408654
16698408714
16698408715
16698408720
16698408732
16698408741
16698408903
16698408941
16698408942
16698408957
16698408964
16698408974
16698409021
16698409024
16698409025
16698409034
16698409065
16698409071
16698409084
16698409134
16698409145
16698409147
16698409172
16698409174
16698409175
16698409184
16698409242
16698409247
16698409254
16698409264
16698409304
16698409305
16698409324
16698409342
16698409343
16698409354
16698409364
16698409365
16698409374
16698409385
16698409387
16698409401
16698409412
16698409423
16698409425
16698409434
16698409441
16698409443
16698409447
16698409451
16698409453
16698409454
16698409462
16698409471
16698409475
16698409532
16698409543
16698409572
16698409575
16698409603
16698409605
16698409607
16698409614
16698409625
16698409631
16698409645
16698409650
16698409654
16698409673
16698409674
16698409681
16698409684
16698409703
16698409704
16698409714
16698409724
16698409732
16698409743
16698409749
16698409762
16698409870
16698500491
16698501450
16698501492
16698501524
16698502394
16698502443
16698502549
16698503074
16698503427
16698503541
16698503654
16698503741
16698504017
16698504037
16698504173
16698504254
16698504301
16698504314
16698504375
16698504391
16698504461
16698504594
16698504652
16698504692
16698504734
16698504751
16698504761
16698504904
16698504927
16698504954
16698505412
16698505491
16698505634
16698505691
16698506340
16698506405
16698506435
16698506437
16698506454
16698506745
16698506754
16698507204
16698507415
16698507441
16698507451
16698507804
16698507842
16698507854
16698507914
16698507941
16698508142
16698508254
16698508274
16698508405
16698508542
16698508947
16698509324
16698509341
16698509475
16698509514
16698509784
16698510154
16698510374
16698510447
16698510541
16698510542
16698510584
16698510644
16698510744
16698510754
16698510834
16698510843
16698511474
16698511749
16698511947
16698512042
16698512074
16698512094
16698512427
16698512542
16698512641
16698512734
16698512934
16698512940
16698512974
16698513014
16698513041
16698513043
16698513247
16698513644
16698513704
16698513846
16698513847
16698513854
16698514041
16698514246
16698514275
16698514329
16698514371
16698514397
16698514507
16698514601
16698514602
16698514604
16698514673
16698514693
16698514745
16698514792
16698514835
16698514857
16698514872
16698514921
16698514934
16698514945
16698514967
16698515074
16698515324
16698515634
16698515741
16698515941
16698516204
16698516214
16698516374
16698516425
16698516497
16698516724
16698516954
16698517024
16698517148
16698517304
16698517442
16698517452
16698517454
16698517534
16698517584
16698517594
16698517649
16698517824
16698517934
16698517984
16698518049
16698518164
16698518243
16698518245
16698518324
16698518394
16698518614
16698518703
16698518947
16698519014
16698519074
16698519441
16698519453
16698519470
16698519534
16698521074
16698521457
16698521479
16698521490
16698521574
16698521645
16698521746
16698522064
16698522734
16698523174
16698523294
16698523549
16698523584
16698523984
16698524027
16698524075
16698524193
16698524381
16698524507
16698524548
16698524583
16698524614
16698524635
16698524654
16698524672
16698524739
16698524742
16698524767
16698524875
16698524941
16698524943
16698524945
16698524946
16698524957
16698525034
16698525347
16698525843
16698525874
16698525904
16698526240
16698526274
16698526342
16698526404
16698526414
16698526473
16698526547
16698526584
16698526734
16698526834
16698526974
16698527124
16698527354
16698527402
16698527415
16698527481
16698527941
16698528354
16698528447
16698528457
16698528524
16698528634
16698528640
16698529141
16698529143
16698529174
16698529264
16698529407
16698529425
16698529534
16698529704
16698529724
17606640749
17606641494
17606643247
17606643634
17606646204
17606650061
17606658009
17606658610
17606658632
17606659139
17606663510
17606667829
17606673885
17606675772
17606678891
17620609831
17620618317
17620621437
17620622939
17620627513
17620628075
17620630149
17620630241
17620631264
17620632314
17620632434
17620632657
17620632941
17620633093
17620635905
17620636510
17620636547
17620636934
17620638430
17620638494
17620638550
17620638921
17620638947
17620639344
17620641610
17620656927
17620657127
17620657641
17620657853
17620670471
17620670493
17620671539
17620671650
17620672481
17620673112
17620673304
17620673515
17620673794
17620674063
17620674154
17620674175
17620674197
17620674479
17620674814
17620675173
17620675292
17620675441
17620675592
17620675871
17620678049
17620678059
17620679024
17620679051
17620679249
17620679671
17620681379
17620683247
17620690461
17620690749
17620693432
17620693531
17620694137
17620694194
17620694323
17620694819
17620694850
17620694976
17620695142
17620695147
17620695340
17620695460
17620696440
17620696471
17620697404
17620697432
17620698414
17620699415
17665603857
17665605046
17665607346
17665607703
17665612283
17665618731
17665631301
17665632512
17665632850
17665637632
17665638729
17665644245
17665650135
17665653159
17665653573
17665659540
17665670229
17665671707
17665676359
17665677791
17665690174
17665692503
17665692549
17665692674
17665693094
17665693157
17665697020
17665697647
17665698320
17665698514
17665699714
17666152137
17666155030
17666156775
17666157181
17666157202
17666157535
17666170589
17666182235
17666185527
17666189965
17666191247
17666195923
17666197163
17666198314
17666199259
17666199819
17688206973
17688208871
17688209235
17688211801
17688215917
17688230353
17688236212
17688236971
17688237492
17688237732
17688239002
17688239340
17688239901
17688241450
17688242164
17688243403
17688243407
17688244381
17688245403
17688245410
17688246046
17688247341
17688247561
17688247843
17688247864
17688249344
17688249576
17688253785
17688253957
17688271432
17688272602
17688273476
17688274264
17688274614
17688274754
17688274893
17688274953
17688276439
17688279145
17688283205
17688284501
17688286652
17688287241
17688289471
17688290740
17688293251
17688294207
17688294315
17688299032
17688299101
17688299839
17688801791
17688806052
17688806120
18520904674
18520908174
18520910083
18520911295
18520911780
18520912097
18520912634
18520912787
18520912902
18520912980
18520914524
18520914594
18520914624
18520914943
18520915021
18520915210
18520915689
18520916702
18520916772
18520916790
18520917603
18520917650
18520917763
18520918170
18520918230
18520918539
18520918570
18520918579
18520918591
18520918742
18520918797
18520919117
18520919550
18520919750
18520920650
18520920682
18520921731
18520922387
18520922392
18520922539
18520923089
18520923297
18520923853
18520926073
18520926737
18520927315
18520927535
18520927961
18520928367
18520928737
18520928897
18520928970
18520929020
18520929670
18520929765
18520931461
18520931494
18520932402
18520934064
18520934104
18520934452
18520934631
18520934984
18520935074
18520935294
18520935747
18520935764
18520935942
18520936241
18520936407
18520936704
18520936734
18520936740
18520937034
18520937204
18520937454
18520937481
18520937491
18520937542
18520937814
18520937914
18520938547
18520938734
18520938794
18520939542
18520939644
18520939754
18520939847
18520940267
18520940463
18520940645
18520940954
18520941405
18520941420
18520941467
18520941554
18520942057
18520942735
18520942974
18520943497
18520943671
18520943714
18520944019
18520944253
18520944284
18520944364
18520944370
18520944704
18520944742
18520944954
18520945243
18520945274
18520945427
18520945474
18520945741
18520948247
18520950143
18520950147
18520950841
18520951454
18520951472
18520951473
18520951524
18520952364
18520952457
18520953474
18520953475
18520953492
18520953794
18520954031
18520954261
18520954264
18520954487
18520954492
18520954503
18520955474
18520956247
18520956743
18520957342
18520958042
18520958374
18520958914
18520959641
18520960031
18520960671
18520961185
18520961643
18520961729
18520961760
18520961943
18520961976
18520962050
18520962494
18520962794
18520963572
18520963657
18520964204
18520964287
18520964637
18520965192
18520965324
18520965425
18520965637
18520965864
18520965940
18520966157
18520966204
18520966253
18520966271
18520966587
18520966709
18520966783
18520966831
18520966997
18520967247
18520967454
18520967565
18520967584
18520967601
18520967603
18520967645
18520967957
18520968051
18520968705
18520968741
18520968750
18520968759
18520968774
18520969210
18520969237
18520969525
18520969552
18520969587
18520970169
18520970171
18520970241
18520970249
18520970574
18520970641
18520971067
18520971274
18520971330
18520971382
18520971421
18520971652
18520971675
18520971829
18520971934
18520972352
18520972374
18520972714
18520973047
18520973074
18520973389
18520973472
18520973504
18520973794
18520973820
18520973920
18520974190
18520974374
18520974613
18520974931
18520974951
18520974965
18520975374
18520975421
18520975845
18520976095
18520976134
18520976339
18520976584
18520976629
18520976719
18520976820
18520976947
18520976980
18520977034
18520977157
18520977404
18520977531
18520977552
18520977614
18520977943
18520978047
18520978295
18520978342
18520978637
18520978693
18520978724
18520978960
18520979075
18520979125
18520979142
18520979174
18520979220
18520979273
18520979381
18520979962
18520980763
18520981045
18520981079
18520981351
18520981501
18520981523
18520982113
18520982172
18520982295
18520982374
18520982454
18520983067
18520983080
18520983097
18520983181
18520983261
18520983563
18520983570
18520983952
18520985103
18520985365
18520985825
18520985972
18520986194
18520986235
18520986382
18520986937
18520987153
18520987160
18520987253
18520987340
18520987621
18520987637
18520987697
18520987712
18520987759
18520987915
18520988342
18520989621
18520989679
18520989801
18566010092
18566010687
18566010832
18566011494
18566011581
18566012109
18566012139
18566012395
18566012987
18566015070
18566015180
18566015197
18566016191
18566016429
18566017169
18566017281
18566017502
18566018117
18566018361
18566018503
18566018617
18566018950
18566019137
18566019257
18566019479
18566021509
18566021634
18566021724
18566021841
18566022893
18566023281
18566023361
18566025042
18566025803
18566027602
18566028073
18566029287
18566029312
18566032394
18566033467
18566035325
18566036772
18566047284
18566050132
18566051364
18566051583
18566051751
18566052032
18566052039
18566052185
18566052215
18566052589
18566052767
18566052769
18566052835
18566053104
18566053513
18566053657
18566053759
18566053881
18566053980
18566056305
18566056389
18566056417
18566056742
18566056952
18566057083
18566057125
18566057237
18566057250
18566057260
18566057287
18566057303
18566057312
18566057323
18566057390
18566057404
18566057453
18566057583
18566057585
18566057619
18566057632
18566057782
18566057851
18566058053
18566058202
18566058204
18566058227
18566058292
18566058365
18566058532
18566058547
18566058635
18566058723
18566058792
18566059089
18566059165
18566059183
18566059267
18566059510
18566059585
18566059713
18566059727
18566059729
18566059851
18566059907
18566070161
18566070185
18566070532
18566070592
18566071032
18566071261
18566071353
18566071380
18566071497
18566071560
18566071723
18566071841
18566071920
18566071950
18566071967
18566072039
18566072113
18566072175
18566072263
18566072652
18566072653
18566072890
18566072903
18566072904
18566072964
18566073021
18566073060
18566073065
18566073667
18566073713
18566073720
18566073771
18566073921
18566074154
18566074264
18566074461
18566074814
18566075087
18566075169
18566075223
18566075265
18566075267
18566075281
18566075331
18566075360
18566075390
18566075492
18566075513
18566075615
18566075697
18566075871
18566075940
18566076015
18566076580
18566076591
18566076701
18566076719
18566076807
18566076920
18566076951
18566077102
18566077251
18566077293
18566077650
18566077827
18566078120
18566078251
18566078563
18566078767
18566078872
18566079002
18566079034
18566079267
18566079335
18566079374
18566079671
18566079754
18566080370
18566080594
18566080775
18566080957
18566081302
18566081585
18566081663
18566081691
18566082065
18566082119
18566082193
18566082393
18566082532
18566082641
18566082674
18566083087
18566083097
18566083207
18566083250
18566083312
18566083424
18566083473
18566085073
18566085102
18566085117
18566085780
18566086095
18566086207
18566086220
18566086593
18566086695
18566086730
18566086903
18566087801
18566088763
18566088923
18566089102
18566089304
18566089359
18566089764
18566089787
18566089861
18566089937
18566300535
18566302067
18566303187
18566303297
18566303584
18566303602
18566303782
18566303785
18566305702
18566305874
18566305879
18566306051
18566306503
18566307183
18566308459
18566308620
18566308662
18566310764
18566314794
18566315464
18566320039
18566320149
18566320165
18566320262
18566320273
18566320275
18566320487
18566320489
18566320565
18566320647
18566320651
18566320669
18566320742
18566320749
18566320754
18566320765
18566320853
18566320962
18566321062
18566321090
18566321274
18566321394
18566321553
18566321560
18566321623
18566321627
18566321672
18566321731
18566321734
18566321735
18566321794
18566321830
18566321832
18566321842
18566321843
18566321893
18566321939
18566321952
18566321961
18566322105
18566322173
18566322174
18566322190
18566322237
18566322310
18566322353
18566322371
18566322437
18566322504
18566322537
18566322547
18566322647
18566322670
18566322681
18566322705
18566322754
18566322791
18566322850
18566322907
18566323014
18566323015
18566323052
18566323057
18566323064
18566323124
18566323171
18566323221
18566323260
18566323375
18566323491
18566323557
18566323584
18566323623
18566323641
18566323670
18566323703
18566323714
18566323723
18566323793
18566323795
18566323962
18566323980
18566324107
18566324197
18566324371
18566324384
18566324392
18566324524
18566324614
18566324637
18566324693
18566324754
18566324779
18566324791
18566324794
18566324859
18566324901
18566324974
18566324975
18566325024
18566325030
18566325032
18566325064
18566325104
18566325117
18566325132
18566325167
18566325213
18566325243
18566325262
18566325263
18566325365
18566325370
18566325443
18566325484
18566325632
18566325645
18566325704
18566325709
18566325720
18566325741
18566325761
18566325803
18566325873
18566325904
18566325940
18566325974
18566325982
18566326051
18566326054
18566326070
18566326131
18566326139
18566326150
18566326203
18566326213
18566326274
18566326279
18566326287
18566326374
18566326391
18566326473
18566326484
18566326530
18566326725
18566326794
18566326807
18566326879
18566326910
18566326941
18566326944
18566327014
18566327045
18566327083
18566327101
18566327141
18566327180
18566327197
18566327235
18566327251
18566327254
18566327315
18566327362
18566327409
18566327437
18566327461
18566327467
18566327491
18566327497
18566327509
18566327514
18566327551
18566327580
18566327643
18566327651
18566327684
18566327713
18566327769
18566327819
18566327943
18566327953
18566327992
18566328091
18566328094
18566328104
18566328145
18566328163
18566328252
18566328347
18566328362
18566328394
18566328430
18566328491
18566328543
18566328595
18566328630
18566328653
18566328659
18566328714
18566328724
18566328725
18566328754
18566328794
18566328909
18566328915
18566328947
18566328961
18566329013
18566329014
18566329134
18566329151
18566329213
18566329237
18566329257
18566329305
18566329321
18566329323
18566329427
18566329431
18566329450
18566329470
18566329471
18566329505
18566329547
18566329581
18566329621
18566329653
18566329673
18566329675
18566329734
18566329754
18566329762
18566329820
18566329862
18566329864
18566329879
18566329905
18566329913
18566340584
18566342943
18566352834
18566352894
18566352944
18566353461
18566354054
18566354764
18566355483
18566357649
18566359569
18566370453
18566371434
18566374534
18566375462
18566377184
18566397247
18566397453
18566397524
18566402714
18566404167
18566405694
18566410247
18566414042
18566430141
18566430171
18566430195
18566430243
18566430247
18566430293
18566430347
18566430364
18566430374
18566430453
18566430457
18566430461
18566430469
18566430471
18566430492
18566430541
18566430640
18566430641
18566430742
18566430745
18566430847
18566430854
18566430864
18566431041
18566431074
18566431084
18566431284
18566431327
18566431425
18566431429
18566431435
18566431437
18566431452
18566431454
18566431457
18566431459
18566431462
18566431475
18566431487
18566431540
18566431543
18566431604
18566431643
18566431647
18566431659
18566431724
18566431754
18566431764
18566431791
18566431847
18566431880
18566431924
18566431934
18566432053
18566451634
18566453494
18566461247
18566463274
18566463904
18566591384
18566860231
18566860235
18566860237
18566860250
18566860257
18566860262
18566860271
18566860272
18566860275
18566860282
18566860285
18566860292
18566860335
18566860367
18566860953
18566860965
18566861505
18566861532
18566861557
18566861573
18566861582
18566861583
18566861591
18566861627
18566861632
18566861637
18566861650
18566861675
18566861709
18566861720
18566861727
18566861730
18566861731
18566861765
18566861772
18566861780
18566861782
18566861805
18566861807
18566861830
18566861835
18566861839
18566861850
18566861873
18566861890
18566861925
18566861962
18566861963
18566861965
18566861971
18566862031
18566862053
18566862083
18566862091
18566862101
18566862153
18566862159
18566862160
18566862161
18566862162
18566862173
18566862195
18566862215
18566862251
18566862260
18566862269
18566862303
18566862310
18566862315
18566862317
18566862337
18566862361
18566862381
18566862395
18566862503
18566862512
18566862557
18566862559
18566862573
18566862575
18566862579
18566862581
18566862587
18566862591
18566862597
18566862612
18566862631
18566862639
18566862650
18566862653
18566862671
18566862680
18566862695
18566862697
18566862701
18566862702
18566862703
18566862709
18566862712
18566862750
18566862751
18566862752
18566862753
18566862757
18566862761
18566862765
18566862769
18566862775
18566862780
18566862830
18566862857
18566862873
18566862875
18566862902
18566862905
18566862932
18566862960
18566863005
18566863029
18566863050
18566863067
18566863071
18566863075
18566863097
18566863102
18566863115
18566863179
18566863192
18566863195
18566863197
18566863203
18566863205
18566863220
18566863251
18566863252
18566863287
18566863289
18566863307
18566863317
18566863325
18566863505
18566863513
18566863515
18566863517
18566863523
18566863563
18566863569
18566863573
18566863585
18566863587
18566863590
18566863617
18566863627
18566863651
18566863679
18566863682
18566863690
18566863713
18566863719
18566863723
18566863751
18566863762
18566863790
18566863817
18566863820
18566863875
18566863901
18566863907
18566863921
18566863951
18566863973
18566863975
18566865019
18566865021
18566865037
18566865039
18566865062
18566865072
18566865075
18566865091
18566865125
18566865137
18566865192
18566865271
18566865281
18566865295
18566865309
18566865325
18566865327
18566865365
18566865370
18566865372
18566865380
18566865382
18566865389
18566865502
18566865537
18566865570
18566865572
18566865591
18566865615
18566865621
18566865631
18566865632
18566865637
18566865681
18566865697
18566865709
18566865713
18566865719
18566865725
18566865735
18566865737
18566865739
18566865761
18566865763
18566865770
18566865773
18566865792
18566865807
18566865891
18566865901
18566865937
18566865961
18566865980
18566865991
18566866015
18566866072
18566866073
18566866205
18566866210
18566866217
18566866219
18566866301
18566866321
18566866323
18566866519
18566866573
18566866593
18566867005
18566867029
18566867035
18566867062
18566867082
18566867087
18566867093
18566867190
18566867193
18566867195
18566867210
18566867219
18566867223
18566867231
18566867263
18566867265
18566867281
18566867297
18566867305
18566867312
18566867315
18566867317
18566867320
18566867330
18566867351
18566867357
18566867363
18566867365
18566867381
18566867503
18566867510
18566867513
18566867523
18566867532
18566867537
18566867539
18566867553
18566867559
18566867563
18566867583
18566867591
18566867593
18566867595
18566867603
18566867613
18566867615
18566867617
18566867620
18566867632
18566867652
18566867653
18566867693
18566867701
18566867705
18566867712
18566867721
18566867723
18566867760
18566867769
18566867805
18566867820
18566867821
18566867825
18566867831
18566867835
18566867851
18566867863
18566867897
18566867931
18566867939
18566867963
18566867969
18566867980
18566868057
18566868107
18566868115
18566868117
18566868127
18566868135
18566868165
18566868179
18566868193
18566868195
18566868201
18566868219
18566868251
18566868270
18566868291
18566868293
18566868302
18566868307
18566868329
18566868362
18566868365
18566868519
18566868529
18566868579
18566868591
18566868635
18566868721
18566868752
18566868753
18566868775
18566868791
18566868915
18566868921
18566868951
18566868965
18566868970
18566869021
18566869029
18566869030
18566869031
18566869073
18566869105
18566869107
18566869132
18566869163
18566869170
18566869171
18566869172
18566869173
18566869187
18566869252
18566869257
18566869271
18566869281
18566869283
18566869301
18566869309
18566869312
18566869337
18566869359
18566869371
18566869375
18566869381
18566869519
18566869532
18566869535
18566869561
18566869571
18566869573
18566869582
18566869601
18566869603
18566869620
18566869625
18566869657
18566869670
18566869671
18566869673
18566869681
18566869703
18566869713
18566869720
18566869727
18566869737
18566869752
18566869753
18566869761
18566869771
18566869781
18566869783
18566869815
18566869819
18566869825
18566869837
18566869870
18566869873
18566869875
18566869902
18566869932
18566869951
18575716740
18575716947
18575718409
18575720341
18575720484
18575726575
18575726929
18575730164
18575731640
18575731694
18575731784
18575733464
18575734071
18575734217
18575734472
18575734610
18575735104
18575735247
18575736842
18575738140
18575738453
18575738564
18575738914
18575740561
18575741034
18575741324
18575742614
18575743294
18575743542
18575743604
18575744397
18575744702
18575744954
18575745043
18575745479
18575746443
18575746834
18575748072
18575748253
18575748794
18575749352
18575749754
18575781454
18575781940
18575784071
18575784507
18575788471
18575789034
18575850754
18575852472
18575853674
18575870154
18575870964
18575871041
18575871524
18575872437
18575872614
18575873147
18575874167
18575874714
18575876417
18575876794
18576510431
18576510457
18576510464
18576511464
18576512504
18576512574
18576513074
18576513424
18576513540
18576514067
18576514072
18576514264
18576514764
18576514794
18576514843
18576514970
18576516245
18576516437
18576516914
18576517431
18576518334
18576518341
18576518654
18576519437
18576519457
18576530954
18576537731
18576551894
18576554964
18576560147
18576560451
18576560649
18576560847
18576560947
18576561047
18576562154
18576562407
18576563084
18576563401
18576563841
18576564194
18576564207
18576564534
18576564914
18576568974
18576569074
18576569461
18576570481
18576570647
18576570742
18576571084
18576571244
18576571734
18576572457
18576572472
18576573164
18576573174
18576574294
18576574304
18576574364
18576574513
18576574584
18576574674
18576574837
18576575043
18576578142
18576578451
18576579244
18576579342
18576579417
18576579514
18576579544
18576579674
18576579704
18576579724
18576589453
18576589473
18576591403
18576592064
18576592934
18576593714
18576594674
18576595294
18576595341
18576595403
18576595434
18576595741
18576596974
18576597014
18576597141
18576597542
18578300361
18578300574
18578300769
18578300790
18578300835
18578301150
18578301604
18578301760
18578301763
18578302094
18578302205
18578302291
18578302565
18578302581
18578302661
18578302707
18578303061
18578303067
18578303164
18578303194
18578303272
18578303515
18578303751
18578303792
18578303854
18578303872
18578303907
18578303924
18578303964
18578304654
18578304674
18578304676
18578304697
18578304709
18578304812
18578304950
18578304954
18578304970
18578305041
18578305047
18578305074
18578305109
18578305214
18578305241
18578305294
18578305320
18578305406
18578305461
18578305467
18578305597
18578305634
18578305644
18578305710
18578305805
18578305814
18578305947
18578305974
18578306057
18578306075
18578306104
18578306140
18578306154
18578306273
18578306354
18578306421
18578306427
18578306471
18578306483
18578306514
18578306550
18578306575
18578306580
18578306625
18578306679
18578306704
18578306754
18578306842
18578306874
18578307143
18578307305
18578307330
18578307410
18578307434
18578307447
18578307564
18578307580
18578307937
18578307944
18578307959
18578308162
18578308319
18578308360
18578308512
18578308565
18578308607
18578308645
18578308724
18578308742
18578308924
18578308953
18578309059
18578309069
18578309071
18578309125
18578309181
18578309347
18578309367
18578309425
18578309473
18578309479
18578309574
18578309647
18578309679
18578309761
18578309765
18578309787
18578309804
18578309827
18578309849
18578309951
18578309960
18578309965
18578310063
18578310137
18578310191
18578310262
18578310382
18578310383
18578310384
18578310392
18578310435
18578310450
18578310464
18578310534
18578310575
18578310632
18578310640
18578310651
18578310694
18578310741
18578310750
18578310767
18578310837
18578310843
18578310845
18578310854
18578310865
18578310869
18578310879
18578310893
18578310897
18578310965
18578311050
18578311083
18578311169
18578311190
18578311197
18578311424
18578311497
18578311501
18578311550
18578311553
18578311571
18578311683
18578311685
18578311725
18578311734
18578311741
18578311869
18578311902
18578311930
18578311932
18578311943
18578312030
18578312054
18578312062
18578312135
18578312174
18578312185
18578312215
18578312219
18578312270
18578312351
18578312367
18578312387
18578312404
18578312415
18578312447
18578312467
18578312479
18578312532
18578312585
18578312591
18578312603
18578312634
18578312640
18578312669
18578312672
18578312680
18578312737
18578312739
18578312762
18578312771
18578312783
18578312903
18578312914
18578313017
18578313023
18578313043
18578313045
18578313063
18578313074
18578313082
18578313093
18578313179
18578313187
18578313259
18578313274
18578313279
18578313367
18578313402
18578313453
18578313519
18578313540
18578313613
18578313624
18578313675
18578313750
18578313774
18578313803
18578313850
18578313854
18578313872
18578313891
18578313905
18578313927
18578313941
18578313965
18578313974
18578313987
18578313995
18578314027
18578314032
18578314035
18578314064
18578314084
18578314087
18578314091
18578314120
18578314237
18578314250
18578314290
18578314363
18578314364
18578314415
18578314453
18578314514
18578314524
18578314552
18578314615
18578314644
18578314650
18578314684
18578314732
18578314759
18578314767
18578314802
18578314823
18578314834
18578314867
18578314874
18578314893
18578314895
18578314952
18578314960
18578315009
18578315015
18578315031
18578315044
18578315087
18578315125
18578315172
18578315247
18578315264
18578315303
18578315315
18578315360
18578315387
18578315435
18578315447
18578315461
18578315487
18578315503
18578315519
18578315537
18578315543
18578315572
18578315634
18578315640
18578315709
18578315737
18578315794
18578315807
18578315810
18578315812
18578315829
18578315840
18578315864
18578315882
18578315904
18578315935
18578315943
18578315981
18578316013
18578316023
18578316034
18578316117
18578316125
18578316247
18578316275
18578316325
18578316342
18578316343
18578316417
18578316447
18578316493
18578316505
18578316514
18578316529
18578316530
18578316625
18578316627
18578316692
18578316723
18578316729
18578316741
18578316834
18578316931
18578316947
18578317014
18578317029
18578317030
18578317045
18578317049
18578317054
18578317059
18578317105
18578317115
18578317124
18578317130
18578317160
18578317194
18578317203
18578317225
18578317241
18578317324
18578317353
18578317369
18578317402
18578317407
18578317415
18578317423
18578317443
18578317453
18578317460
18578317464
18578317504
18578317534
18578317550
18578317614
18578317634
18578317682
18578317704
18578317715
18578317723
18578317743
18578317759
18578317803
18578317814
18578317864
18578317912
18578317934
18578317940
18578317947
18578317949
18578317967
18578317982
18578318003
18578318032
18578318035
18578318063
18578318070
18578318075
18578318093
18578318127
18578318142
18578318154
18578318161
18578318171
18578318191
18578318205
18578318217
18578318240
18578318302
18578318310
18578318315
18578318419
18578318434
18578318435
18578318445
18578318457
18578318512
18578318634
18578318695
18578318702
18578318712
18578318715
18578318745
18578318817
18578318865
18578318892
18578318929
18578319032
18578319103
18578319130
18578319160
18578319185
18578319203
18578319207
18578319230
18578319241
18578319263
18578319279
18578319317
18578319342
18578319382
18578319409
18578319432
18578319442
18578319525
18578319539
18578319550
18578319553
18578319572
18578319585
18578319612
18578319624
18578319631
18578319659
18578319683
18578319704
18578319724
18578319734
18578319737
18578319764
18578319769
18578319775
18578319802
18578319851
18578319864
18578319872
18578319937
18578319981
18578320059
18578320141
18578320162
18578320174
18578320187
18578320232
18578320247
18578320253
18578320280
18578320341
18578320347
18578320349
18578320364
18578320381
18578320391
18578320445
18578320451
18578320457
18578320461
18578320471
18578320492
18578320553
18578320574
18578320674
18578320754
18578320765
18578320775
18578320793
18578320797
18578320839
18578320847
18578320874
18578320960
18578320964
18578320972
18578320984
18578321049
18578321054
18578321060
18578321167
18578321173
18578321274
18578321347
18578321403
18578321407
18578321429
18578321431
18578321459
18578321460
18578321463
18578321480
18578321490
18578321527
18578321531
18578321539
18578321547
18578321562
18578321564
18578321580
18578321592
18578321605
18578321621
18578321701
18578321702
18578321704
18578321743
18578321745
18578321754
18578321762
18578321775
18578321841
18578321852
18578321943
18578321954
18578322039
18578322064
18578322093
18578322109
18578322140
18578322141
18578322147
18578322154
18578322164
18578322187
18578322191
18578322302
18578322342
18578322372
18578322385
18578322401
18578322403
18578322434
18578322437
18578322491
18578322534
18578322565
18578322595
18578322634
18578322640
18578322651
18578322659
18578322672
18578322702
18578322742
18578322747
18578322751
18578322764
18578322802
18578322874
18578322910
18578322947
18578322950
18578322952
18578322967
18578323021
18578323041
18578323049
18578323083
18578323093
18578323142
18578323183
18578323195
18578323265
18578323270
18578323271
18578323293
18578323295
18578323414
18578323415
18578323514
18578323547
18578323665
18578323684
18578323714
18578323719
18578323761
18578323779
18578323795
18578323803
18578323825
18578323851
18578323874
18578323927
18578324031
18578324034
18578324074
18578324124
18578324153
18578324165
18578324167
18578324184
18578324193
18578324204
18578324205
18578324214
18578324219
18578324264
18578324280
18578324353
18578324384
18578324385
18578324390
18578324425
18578324435
18578324451
18578324452
18578324453
18578324457
18578324459
18578324469
18578324490
18578324524
18578324535
18578324537
18578324571
18578324573
18578324617
18578324635
18578324657
18578324692
18578324695
18578324714
18578324715
18578324725
18578324735
18578324750
18578324751
18578324790
18578324823
18578324825
18578324834
18578324852
18578324854
18578324857
18578324862
18578324873
18578324909
18578324923
18578324924
18578324951
18578324952
18578324964
18578324972
18578324984
18578325014
18578325015
18578325047
18578325074
18578325084
18578325092
18578325104
18578325121
18578325134
18578325141
18578325143
18578325145
18578325174
18578325244
18578325263
18578325269
18578325289
18578325291
18578325304
18578325307
18578325317
18578325340
18578325347
18578325364
18578325369
18578325381
18578325384
18578325407
18578325412
18578325417
18578325460
18578325604
18578325623
18578325624
18578325760
18578325791
18578325814
18578325815
18578325817
18578325847
18578325864
18578325895
18578325903
18578325941
18578325974
18578325987
18578325993
18578326009
18578326013
18578326015
18578326047
18578326071
18578326142
18578326147
18578326154
18578326182
18578326215
18578326230
18578326232
18578326244
18578326271
18578326274
18578326294
18578326310
18578326317
18578326341
18578326342
18578326384
18578326430
18578326434
18578326452
18578326514
18578326544
18578326549
18578326582
18578326587
18578326592
18578326620
18578326623
18578326691
18578326704
18578326754
18578326774
18578326794
18578326823
18578326843
18578326870
18578326891
18578326904
18578326932
18578326945
18578326947
18578326981
18578327023
18578327041
18578327045
18578327081
18578327127
18578327129
18578327194
18578327205
18578327214
18578327240
18578327249
18578327254
18578327319
18578327334
18578327351
18578327367
18578327393
18578327413
18578327414
18578327420
18578327424
18578327431
18578327434
18578327439
18578327451
18578327454
18578327464
18578327491
18578327493
18578327525
18578327542
18578327549
18578327559
18578327594
18578327597
18578327607
18578327614
18578327624
18578327635
18578327682
18578327694
18578327714
18578327730
18578327734
18578327735
18578327739
18578327743
18578327803
18578327804
18578327807
18578327820
18578327840
18578327860
18578327917
18578327941
18578328015
18578328025
18578328029
18578328064
18578328071
18578328095
18578328142
18578328149
18578328204
18578328212
18578328237
18578328254
18578328262
18578328365
18578328417
18578328425
18578328441
18578328454
18578328459
18578328470
18578328495
18578328505
18578328507
18578328524
18578328534
18578328539
18578328565
18578328594
18578328602
18578328654
18578328674
18578328709
18578328774
18578328794
18578328851
18578328853
18578328865
18578328870
18578328890
18578328903
18578328924
18578328925
18578329025
18578329029
18578329052
18578329060
18578329071
18578329105
18578329134
18578329141
18578329145
18578329154
18578329174
18578329180
18578329181
18578329221
18578329254
18578329264
18578329270
18578329274
18578329282
18578329314
18578329329
18578329340
18578329364
18578329417
18578329437
18578329442
18578329451
18578329454
18578329459
18578329460
18578329462
18578329471
18578329474
18578329504
18578329505
18578329542
18578329544
18578329545
18578329547
18578329564
18578329570
18578329587
18578329640
18578329647
18578329707
18578329743
18578329744
18578329745
18578329747
18578329754
18578329764
18578329804
18578329824
18578329841
18578329874
18578329881
18578329903
18578329963
18578330151
18578330175
18578330273
18578330463
18578330591
18578330671
18578330673
18578330692
18578330763
18578331259
18578331285
18578331507
18578331539
18578331605
18578331652
18578331679
18578331770
18578331825
18578331831
18578331835
18578331932
18578331950
18578332085
18578332105
18578332273
18578332392
18578332397
18578332571
18578332589
18578332741
18578332802
18578332870
18578332902
18578332959
18578332960
18578332991
18578333057
18578333069
18578333107
18578333207
18578333501
18578333557
18578333562
18578333582
18578333760
18578334719
18578335071
18578335081
18578335160
18578335213
18578335267
18578335271
18578335282
18578335325
18578335424
18578335513
18578335647
18578335670
18578335685
18578335760
18578335771
18578335772
18578335832
18578335839
18578335867
18578335872
18578335982
18578335990
18578336079
18578336087
18578336157
18578336321
18578336437
18578336559
18578336703
18578336724
18578336812
18578336871
18578336930
18578337093
18578337097
18578337132
18578337197
18578337250
18578337257
18578337281
18578337389
18578337641
18578337681
18578337735
18578337950
18578338035
18578338101
18578338109
18578338160
18578338505
18578338751
18578339039
18578339160
18578339180
18578339181
18578339201
18578339225
18578339257
18578339274
18578339357
18578339501
18578339557
18578339601
18578339660
18578339670
18578339745
18578339763
18578339785
18578339802
18578339803
18578339805
18578339812
18578339817
18578339821
18578339831
18578339832
18578339879
18578339962
18578339970
18578350150
18578350229
18578350287
18578350292
18578350297
18578350592
18578350781
18578350879
18578350973
18578351067
18578351193
18578351285
18578351303
18578351379
18578351529
18578351531
18578351557
18578351692
18578351697
18578351701
18578351727
18578351764
18578352063
18578352101
18578352152
18578352362
18578352414
18578352426
18578352570
18578352672
18578352693
18578352712
18578352735
18578352780
18578352792
18578352794
18578352803
18578353060
18578353085
18578353115
18578353193
18578353297
18578353352
18578353609
18578353710
18578353803
18578353827
18578353854
18578353892
18578353904
18578353907
18578353921
18578353952
18578353954
18578353972
18578354046
18578354259
18578354270
18578354387
18578354401
18578354407
18578354620
18578354670
18578354703
18578354791
18578355031
18578355032
18578355164
18578355292
18578355349
18578355591
18578355592
18578355670
18578355671
18578355694
18578355709
18578355735
18578355782
18578355790
18578355807
18578355919
18578356004
18578356005
18578356020
18578356131
18578356157
18578356204
18578356232
18578356250
18578356260
18578356280
18578356297
18578356335
18578356352
18578356370
18578356372
18578356473
18578356602
18578356714
18578356717
18578356721
18578356794
18578356823
18578356834
18578356847
18578356921
18578356940
18578356972
18578356992
18578357024
18578357025
18578357049
18578357052
18578357130
18578357137
18578357149
18578357153
18578357180
18578357191
18578357204
18578357310
18578357323
18578357339
18578357353
18578357389
18578357416
18578357507
18578357510
18578357512
18578357542
18578357559
18578357603
18578357612
18578357703
18578357725
18578357820
18578357823
18578357827
18578357897
18578357981
18578358027
18578358075
18578358120
18578358154
18578358251
18578358292
18578358307
18578358329
18578358342
18578358343
18578358354
18578358504
18578358507
18578358574
18578358647
18578358650
18578358749
18578358757
18578358779
18578358802
18578358810
18578358979
18578358997
18578359002
18578359027
18578359080
18578359124
18578359152
18578359244
18578359252
18578359281
18578359287
18578359310
18578359314
18578359327
18578359329
18578359360
18578359372
18578359379
18578359470
18578359514
18578359530
18578359535
18578359610
18578359625
18578359670
18578359685
18578359703
18578359742
18578359787
18578359801
18578359814
18578359817
18578359861
18578359867
18578359910
18578359912
18578359914
18578360174
18578360463
18578360547
18578361045
18578361409
18578361437
18578361504
18578361662
18578361735
18578361752
18578361787
18578361864
18578361959
18578362194
18578362230
18578362374
18578362641
18578363447
18578363543
18578364171
18578364184
18578364264
18578364275
18578364652
18578364674
18578364714
18578365004
18578365024
18578365112
18578365647
18578365704
18578366047
18578366194
18578366204
18578366273
18578366559
18578366575
18578366727
18578366743
18578366924
18578366929
18578367057
18578367085
18578367109
18578367620
18578367793
18578367813
18578367924
18578367940
18578367964
18578367987
18578368071
18578368072
18578368104
18578368352
18578368479
18578368492
18578368750
18578369167
18578369209
18578369263
18578369387
18578369584
18578370574
18578371453
18578371487
18578372643
18578373614
18578374284
18578374394
18578374764
18578376974
18578377142
18578377352
18578377394
18578378634
18578379174
18578379245
18578394354
18578401454
18578413364
18578416340
18578424053
18578430634
18578430643
18578430954
18578431464
18578431474
18578431594
18578431654
18578432194
18578432514
18578432734
18578432874
18578432904
18578433754
18578434064
18578434145
18578434194
18578434714
18578434974
18578435174
18578435340
18578435424
18578439674
18588010796
18603080794
18603081137
18603081253
18603081679
18603082154
18603082363
18603082614
18603082947
18664200143
18664200197
18664200373
18664200434
18664200445
18664200454
18664200467
18664200565
18664200595
18664200694
18664200971
18664200973
18664201139
18664201169
18664201267
18664201270
18664201274
18664201369
18664201523
18664201541
18664201695
18664201825
18664202117
18664202169
18664202494
18664202513
18664202534
18664202563
18664202564
18664202601
18664202610
18664202680
18664202797
18664202842
18664202934
18664203064
18664203172
18664203295
18664203359
18664203451
18664203529
18664203594
18664203771
18664203809
18664203845
18664203964
18664204024
18664204037
18664204132
18664204134
18664204157
18664204160
18664204167
18664204190
18664204202
18664204203
18664204210
18664204230
18664204391
18664204435
18664204515
18664204535
18664204601
18664204653
18664204661
18664204673
18664204763
18664204765
18664204869
18664205135
18664205194
18664205234
18664205319
18664205327
18664205420
18664205465
18664205471
18664205540
18664205717
18664205740
18664205790
18664205872
18664205890
18664205982
18664206014
18664206039
18664206075
18664206092
18664206103
18664206351
18664206427
18664206514
18664206591
18664206624
18664206845
18664206914
18664206987
18664207027
18664207119
18664207140
18664207449
18664207465
18664207494
18664207590
18664207605
18664207640
18664207694
18664207853
18664207882
18664208043
18664208047
18664208112
18664208172
18664208275
18664208291
18664208365
18664208401
18664208745
18664208850
18664208854
18664208879
18664209041
18664209172
18664209175
18664209202
18664209249
18664209340
18664209451
18664209475
18664209621
18664209671
18664209713
18664209734
18664209934
18664231264
18664231493
18664233754
18664235634
18664235764
18664260140
18664260241
18664260435
18664260437
18664260545
18664260974
18664261354
18664261534
18664261714
18664261947
18664262194
18664262437
18664262460
18664262747
18664262903
18664262974
18664263057
18664263407
18664263472
18664263497
18664263503
18664263847
18664263954
18664264064
18664264106
18664264190
18664264512
18664281274
18664282541
18665406431
18665406704
18665406914
18665406917
18665407164
18665407341
18665407354
18665407403
18665407431
18665407434
18665407594
18665408124
18665408424
18665408614
18665408634
18665408921
18665409084
18665409467
18665409674
18665431487
18665431674
18665433284
18665435741
18665437346
18665438174
18665438247
18665438415
18665438524
18665438541
18665439304
18665440146
18665441146
18665441540
18665441961
18665442124
18665442846
18665450447
18665450491
18665451074
18665451247
18665451734
18665452374
18665452464
18665452604
18665452849
18665453497
18665453864
18665456194
18665456384
18665456714
18665457324
18665457635
18665474053
18665474104
18665474593
18665476594
18665476934
18665485094
18665485341
18665486246
18665487093
18665489465
18665490431
18665490434
18665492410
18665492746
18665492754
18665493462
18665493940
18665493942
18665494014
18665494274
18665494291
18665494364
18665495064
18665495104
18665495542
18665497614
18665530781
18665530845
18665531034
18665531257
18665531852
18665532143
18665532391
18665532394
18665532584
18665532632
18665532790
18665532879
18665532984
18665534025
18665534054
18665534059
18665534282
18665534301
18665534357
18665534364
18665534457
18665534472
18665534634
18665534773
18665534834
18665534919
18665534950
18665534965
18665534987
18665535729
18665535771
18665535875
18665536105
18665536214
18665536219
18665536240
18665536287
18665536392
18665537160
18665537309
18665537403
18665537413
18665537435
18665537457
18665537489
18665537681
18665537704
18665537807
18665538127
18665538195
18665538465
18665538524
18665538609
18665538645
18665538732
18665538943
18665539231
18665539414
18665539542
18665539852
18665540041
18665540053
18665540054
18665540174
18665540284
18665540362
18665540459
18665540465
18665540534
18665540637
18665540647
18665540691
18665540837
18665540974
18665541375
18665541435
18665541462
18665541637
18665541645
18665541673
18665541674
18665542043
18665542107
18665542194
18665542359
18665542435
18665542561
18665542804
18665542849
18665542903
18665543247
18665543324
18665543364
18665543365
18665543703
18665543754
18665545129
18665545169
18665545821
18665545937
18665545975
18665546315
18665546984
18665547701
18665548405
18665548407
18665548503
18665548574
18665549145
18665549483
18665549574
18665549673
18666350264
18666350291
18666350483
18666350871
18666351449
18666352407
18666352534
18666353964
18666354385
18666354491
18666354507
18666354679
18666354721
18666357235
18666357309
18666357340
18666357459
18666357534
18666357561
18666357962
18666359047
18666359073
18666359075
18666359467
18666372852
18666381461
18666381647
18666382475
18666382479
18666383140
18666383720
18666384607
18666385247
18666385413
18666385462
18666386730
18666386927
18666387162
18666387631
18666387960
18666389152
18666390773
18666391079
18666392610
18666393494
18666394450
18666395382
18666395415
18666395469
18666396025
18666396242
18666396404
18666397145
18666397553
18666397824
18666397867
18666397984
18666398031
18666398421
18666399842
18666500641
18666501165
18666501409
18666501464
18666501562
18666501692
18666501709
18666501871
18666502103
18666502264
18666502305
18666502374
18666502415
18666502437
18666502482
18666502494
18666502631
18666502694
18666502863
18666502965
18666503104
18666503469
18666503470
18666503794
18666503797
18666503804
18666503867
18666503940
18666504017
18666504039
18666504172
18666504193
18666504219
18666504250
18666504394
18666504395
18666504437
18666504862
18666504894
18666504973
18666504984
18666505374
18666505734
18666505793
18666505832
18666506034
18666506192
18666506440
18666507230
18666507342
18666507381
18666507404
18666507415
18666507569
18666507582
18666507594
18666508349
18666508437
18666508492
18666508594
18666508624
18666508943
18666509104
18666509424
18666509452
18666509584
18666509824
18666510479
18666510761
18666511247
18666511249
18666511453
18666511564
18666511741
18666511749
18666511807
18666511941
18666511954
18666512063
18666512064
18666512172
18666512374
18666512460
18666512471
18666512545
18666512761
18666512783
18666512862
18666512893
18666513057
18666513182
18666513370
18666513497
18666513654
18666513740
18666513782
18666513803
18666513964
18666513982
18666514303
18666514463
18666514487
18666514619
18666514623
18666514827
18666515065
18666515067
18666515142
18666515274
18666515830
18666515932
18666516073
18666516373
18666516804
18666516845
18666516852
18666517095
18666517364
18666517490
18666517580
18666517589
18666517624
18666517752
18666517815
18666518014
18666518257
18666518317
18666518535
18666518760
18666518902
18666519074
18666519343
18666519604
18666519713
18666519752
18666554874
18666557084
18666560137
18666560247
18666560472
18666583382
18666590582
18666591503
18666591589
18666593560
18666595603
18666596302
18666596530
18666598212
18666598434
18666598593
18666599312
18675131073
18675131635
18675132559
18675133501
18675133550
18675133702
18675133865
18675135673
18675135727
18675135825
18675136092
18675136232
18675136235
18675160032
18675160039
18675160743
18675161175
18675161347
18675162039
18675162047
18675162153
18675162713
18675163190
18675163352
18675163670
18675163704
18675163804
18675163924
18675164004
18675164253
18675164364
18675164435
18675164794
18675166082
18675167013
18675167081
18675167342
18675167513
18675167612
18675168064
18675168074
18675168247
18675168569
18675168612
18675169037
18675169134
18675169621
18675169754
18675169760
18675180481
18675181643
18675183454
18675184054
18675184341
18675184604
18675185142
18675185243
18675192447
18675192784
18675196524
18675704154
18675704784
18675710864
18675712454
18675714249
18675714947
18675717604
18675718210
18675719142
18675723954
18675726394
18676500137
18676500651
18676500975
18676501159
18676501263
18676501272
18676501392
18676501495
18676501497
18676501502
18676501587
18676501625
18676501953
18676502251
18676502443
18676502461
18676502473
18676502594
18676502747
18676502773
18676503193
18676503493
18676503857
18676503917
18676503953
18676504127
18676504164
18676504165
18676504354
18676504609
18676504732
18676504934
18676505027
18676505191
18676505434
18676505582
18676506109
18676506319
18676506752
18676507139
18676507312
18676507359
18676507453
18676507721
18676507731
18676507860
18676507917
18676508270
18676508347
18676508359
18676508524
18676508651
18676508692
18676508720
18676508893
18676509075
18676509384
18676509550
18676509784
18676509804
18676509825
18676510174
18676510239
18676510249
18676510383
18676510453
18676510457
18676510473
18676510487
18676510565
18676510640
18676510673
18676510684
18676510745
18676510773
18676510791
18676510853
18676510935
18676511062
18676511063
18676511065
18676511243
18676511274
18676511371
18676511382
18676511391
18676511560
18676511621
18676511630
18676511639
18676511642
18676511673
18676511729
18676511751
18676511764
18676511792
18676511843
18676511902
18676511904
18676511959
18676512061
18676512084
18676512140
18676512143
18676512154
18676512209
18676512407
18676512435
18676512461
18676512495
18676512502
18676512514
18676512553
18676512657
18676512670
18676512707
18676512770
18676512870
18676512917
18676513070
18676513097
18676513124
18676513161
18676513182
18676513224
18676513229
18676513292
18676513384
18676513424
18676513449
18676513540
18676513562
18676513587
18676513591
18676513662
18676513694
18676513703
18676513723
18676513782
18676513865
18676513952
18676513987
18676514015
18676514023
18676514107
18676514132
18676514162
18676514164
18676514180
18676514297
18676514392
18676514507
18676514523
18676514629
18676514630
18676514705
18676514734
18676514834
18676514901
18676515043
18676515070
18676515072
18676515092
18676515223
18676515224
18676515241
18676515323
18676515491
18676515495
18676515527
18676515674
18676515680
18676515684
18676515703
18676515760
18676515762
18676515791
18676515801
18676515817
18676515819
18676515841
18676515847
18676515910
18676515943
18676516020
18676516124
18676516149
18676516197
18676516304
18676516319
18676516329
18676516349
18676516372
18676516430
18676516487
18676516514
18676516524
18676516581
18676516609
18676516634
18676516721
18676516750
18676516773
18676516809
18676516840
18676516871
18676516891
18676516917
18676516932
18676516973
18676517214
18676517247
18676517252
18676517253
18676517261
18676517267
18676517284
18676517307
18676517403
18676517489
18676517509
18676517514
18676517540
18676517613
18676517861
18676517912
18676517934
18676517967
18676518032
18676518067
18676518070
18676518071
18676518094
18676518142
18676518170
18676518175
18676518213
18676518247
18676518249
18676518291
18676518302
18676518307
18676518324
18676518325
18676518363
18676518413
18676518441
18676518445
18676518637
18676518663
18676518709
18676518712
18676518717
18676518721
18676518767
18676518801
18676518839
18676518872
18676518949
18676519061
18676519074
18676519146
18676519160
18676519629
18676519675
18676519725
18676519751
18676519754
18676519859
18676520169
18676520264
18676520291
18676520362
18676520381
18676520421
18676520490
18676520561
18676520582
18676520673
18676520732
18676520753
18676520863
18676520943
18676520951
18676520952
18676521043
18676521179
18676521240
18676521241
18676521280
18676521309
18676521323
18676521354
18676521470
18676521501
18676521507
18676521542
18676521620
18676521637
18676521691
18676521720
18676521724
18676521773
18676521875
18676521961
18676521964
18676522070
18676522079
18676522093
18676522172
18676522274
18676522359
18676522363
18676522365
18676522370
18676522447
18676522483
18676522757
18676522802
18676522835
18676522965
18676522975
18676523104
18676523159
18676523219
18676523259
18676523265
18676523270
18676523279
18676523290
18676523374
18676523385
18676523495
18676523527
18676523529
18676523629
18676523662
18676523665
18676523691
18676523744
18676523764
18676523775
18676523907
18676523947
18676523953
18676524010
18676524102
18676524120
18676524194
18676524237
18676524262
18676524307
18676524371
18676524403
18676524417
18676524453
18676524507
18676524587
18676524713
18676524720
18676524863
18676524895
18676525095
18676525102
18676525104
18676525127
18676525274
18676525279
18676525307
18676525334
18676525363
18676525381
18676525440
18676525569
18676525623
18676525701
18676525705
18676525707
18676525787
18676525837
18676525841
18676525863
18676525867
18676525892
18676525901
18676525931
18676526195
18676526249
18676526281
18676526289
18676526324
18676526390
18676526431
18676526519
18676526574
18676526580
18676526587
18676526615
18676526629
18676526630
18676526631
18676526684
18676526704
18676526742
18676526819
18676526845
18676526897
18676526929
18676526953
18676526982
18676527037
18676527109
18676527212
18676527235
18676527241
18676527304
18676527329
18676527352
18676527423
18676527434
18676527451
18676527531
18676527535
18676527547
18676527582
18676527619
18676527624
18676527645
18676527705
18676527734
18676527745
18676527749
18676527795
18676527802
18676527823
18676527942
18676528039
18676528043
18676528093
18676528095
18676528214
18676528257
18676528331
18676528360
18676528431
18676528473
18676528504
18676528515
18676528605
18676528613
18676528621
18676528643
18676528657
18676528660
18676528674
18676528744
18676528774
18676528803
18676529052
18676529081
18676529240
18676529321
18676529340
18676529424
18676529437
18676529623
18676529724
18676529745
18676529759
18676529831
18676529835
18676530085
18676530569
18676530785
18676531261
18676531757
18676531857
18676531920
18676531931
18676532072
18676532502
18676533179
18676533702
18676533971
18676535721
18676535890
18676535962
18676536092
18676536205
18676536279
18676536287
18676536293
18676536310
18676536581
18676537581
18676538219
18676538750
18676538902
18676539157
18676539201
18676563043
18676563754
18676573471
18676579154
18676579437
18676583174
18676587264
18676590274
18676590749
18676594041
18676594254
18676594262
18676594643
18676594734
18676597124
18676599812
18680020149
18680020249
18680020434
18680020451
18680020463
18680020542
18680020642
18680020694
18680021073
18680021241
18680021269
18680021273
18680021420
18680021503
18680021583
18680021632
18680021650
18680021664
18680021704
18680021762
18680021795
18680021854
18680022042
18680022154
18680022174
18680022184
18680022471
18680022510
18680022604
18680022752
18680022794
18680022895
18680023015
18680023149
18680023207
18680023260
18680023492
18680023502
18680023672
18680023715
18680023750
18680023851
18680023870
18680023904
18680023913
18680023951
18680023984
18680024023
18680024029
18680024059
18680024069
18680024117
18680024124
18680024125
18680024129
18680024219
18680024250
18680024275
18680024353
18680024362
18680024379
18680024390
18680024391
18680024395
18680024407
18680024413
18680024452
18680024459
18680024502
18680024510
18680024517
18680024519
18680024530
18680024572
18680024591
18680024592
18680024595
18680024615
18680024631
18680024635
18680024709
18680024724
18680024739
18680024821
18680024853
18680024860
18680024913
18680024970
18680024973
18680024979
18680024997
18680025024
18680025034
18680025092
18680025160
18680025314
18680025342
18680025379
18680025415
18680025430
18680025489
18680025564
18680025602
18680025879
18680025892
18680025964
18680026107
18680026119
18680026154
18680026249
18680026349
18680026419
18680026427
18680026450
18680026470
18680026480
18680026491
18680026494
18680026525
18680026581
18680026971
18680027084
18680027183
18680027250
18680027252
18680027414
18680027457
18680027485
18680027501
18680027514
18680027553
18680027581
18680027740
18680027824
18680027921
18680027924
18680028047
18680028124
18680028207
18680028347
18680028374
18680028402
18680028403
18680028405
18680028421
18680028424
18680028462
18680028495
18680028514
18680028590
18680028647
18680028947
18680029067
18680029143
18680029342
18680029349
18680029414
18680029430
18680029432
18680029473
18680029479
18680029482
18680029484
18680029563
18680029612
18680029645
18680029650
18680029753
18680029825
18680029834
18680040470
18680041092
18680041247
18680041460
18680041532
18680041705
18680041735
18680042043
18680042053
18680042091
18680042361
18680043145
18680043495
18680043503
18680044173
18680044265
18680044501
18680044534
18680044583
18680044759
18680044975
18680045169
18680045627
18680045731
18680046392
18680046619
18680048047
18680048295
18680048327
18680048379
18680048639
18680049101
18680049235
18680049364
18680049530
18680049609
18680049673
18680049750
18680049913
18688230387
18688231073
18688231197
18688231650
18688231665
18688232091
18688232109
18688232773
18688233670
18688233769
18688235180
18688235263
18688236503
18688237352
18688237925
18688237962
18688238139
18688239273
18688240335
18688240354
18688240362
18688240367
18688240394
18688240469
18688240487
18688240547
18688240682
18688240872
18688240892
18688241040
18688241062
18688241185
18688241264
18688241303
18688241584
18688241589
18688241794
18688241801
18688241839
18688241947
18688242093
18688242153
18688242274
18688242512
18688242534
18688242652
18688242683
18688242694
18688242730
18688242734
18688242807
18688242943
18688242962
18688243105
18688243295
18688243551
18688243561
18688243624
18688243654
18688243672
18688243729
18688243787
18688243853
18688243861
18688243874
18688243941
18688244109
18688244214
18688244273
18688244304
18688244389
18688244597
18688244635
18688244650
18688244671
18688244705
18688244802
18688244901
18688244934
18688244937
18688244953
18688244954
18688245072
18688245125
18688245364
18688245392
18688245462
18688245493
18688245501
18688245570
18688245634
18688245717
18688245734
18688245834
18688245843
18688245891
18688245981
18688246127
18688246174
18688246205
18688246241
18688246254
18688246425
18688246437
18688246485
18688246551
18688246724
18688246754
18688246842
18688246903
18688246987
18688247191
18688247293
18688247357
18688247409
18688247423
18688247480
18688247507
18688247539
18688247564
18688247661
18688247663
18688247694
18688247764
18688247765
18688247989
18688248407
18688248419
18688248431
18688248462
18688248463
18688248467
18688248494
18688248710
18688248750
18688248935
18688248941
18688249081
18688249117
18688249210
18688249240
18688249257
18688249284
18688249309
18688249330
18688249425
18688249439
18688249450
18688249485
18688249783
18688249823
18688249951
18688250190
18688250479
18688250537
18688250779
18688250853
18688250859
18688250971
18688251287
18688251371
18688251502
18688251583
18688251657
18688251775
18688251803
18688252093
18688252132
18688252169
18688253120
18688253167
18688253474
18688255635
18688255731
18688255782
18688256035
18688256079
18688256291
18688256297
18688256501
18688256551
18688256717
18688257017
18688257032
18688257102
18688258723
18688258935
18688259061
18688259067
18688259230
18688259231
18688259275
18688259307
18688259553
18688260151
18688260187
18688260195
18688260237
18688260239
18688260341
18688260450
18688260451
18688260492
18688260565
18688260570
18688260584
18688260645
18688260679
18688260691
18688260745
18688260784
18688260837
18688260849
18688260947
18688261042
18688261057
18688261059
18688261072
18688261084
18688261094
18688261190
18688261245
18688261249
18688261269
18688261284
18688261340
18688261374
18688261403
18688261404
18688261427
18688261432
18688261467
18688261490
18688261495
18688261504
18688261540
18688261550
18688261562
18688261582
18688261595
18688261649
18688261701
18688261707
18688261725
18688261743
18688261793
18688261794
18688261835
18688261937
18688261941
18688261945
18688262135
18688262147
18688262149
18688262165
18688262191
18688262203
18688262347
18688262359
18688262374
18688262409
18688262434
18688262443
18688262452
18688262457
18688262460
18688262475
18688262764
18688262794
18688262847
18688262854
18688262894
18688262904
18688262913
18688262914
18688262942
18688262949
18688262971
18688263014
18688263045
18688263053
18688263064
18688263097
18688263142
18688263151
18688263171
18688263194
18688263271
18688263295
18688263304
18688263405
18688263415
18688263420
18688263429
18688263450
18688263453
18688263454
18688263464
18688263479
18688263480
18688263485
18688263497
18688263540
18688263554
18688263614
18688263624
18688263642
18688263645
18688263710
18688263742
18688263749
18688263754
18688263814
18688263815
18688263847
18688263849
18688263857
18688263961
18688264007
18688264024
18688264027
18688264031
18688264037
18688264039
18688264057
18688264061
18688264069
18688264073
18688264085
18688264091
18688264113
18688264125
18688264130
18688264132
18688264137
18688264162
18688264170
18688264172
18688264173
18688264184
18688264185
18688264205
18688264227
18688264237
18688264251
18688264252
18688264254
18688264257
18688264263
18688264285
18688264293
18688264303
18688264315
18688264317
18688264319
18688264354
18688264357
18688264364
18688264367
18688264373
18688264381
18688264470
18688264487
18688264490
18688264504
18688264510
18688264513
18688264531
18688264534
18688264551
18688264564
18688264574
18688264589
18688264597
18688264602
18688264614
18688264619
18688264625
18688264630
18688264634
18688264637
18688264653
18688264662
18688264673
18688264679
18688264712
18688264724
18688264737
18688264739
18688264763
18688264780
18688264782
18688264792
18688264797
18688264807
18688264812
18688264815
18688264852
18688264861
18688264871
18688264874
18688264892
18688264903
18688264904
18688264907
18688264932
18688264954
18688264984
18688265034
18688265045
18688265070
18688265103
18688265104
18688265132
18688265140
18688265185
18688265240
18688265249
18688265334
18688265371
18688265384
18688265412
18688265417
18688265434
18688265460
18688265463
18688265473
18688265480
18688265492
18688265514
18688265537
18688265542
18688265571
18688265584
18688265604
18688265642
18688265691
18688265703
18688265704
18688265714
18688265741
18688265761
18688265791
18688265792
18688265804
18688265824
18688265843
18688265871
18688265872
18688265937
18688265942
18688265943
18688266107
18688266143
18688266154
18688266157
18688266249
18688266342
18688266410
18688266412
18688266493
18688266704
18688266794
18688266935
18688266940
18688266947
18688266954
18688266974
18688267002
18688267037
18688267084
18688267114
18688267135
18688267143
18688267149
18688267164
18688267180
18688267224
18688267231
18688267240
18688267242
18688267314
18688267323
18688267332
18688267347
18688267353
18688267359
18688267362
18688267392
18688267415
18688267417
18688267420
18688267425
18688267427
18688267429
18688267431
18688267434
18688267442
18688267445
18688267480
18688267487
18688267489
18688267493
18688267513
18688267543
18688267545
18688267554
18688267584
18688267613
18688267649
18688267684
18688267697
18688267714
18688267724
18688267824
18688267834
18688267854
18688267864
18688267942
18688267962
18688268104
18688268124
18688268132
18688268164
18688268215
18688268217
18688268247
18688268251
18688268394
18688268423
18688268427
18688268432
18688268457
18688268459
18688268463
18688268537
18688268647
18688268674
18688268714
18688268740
18688268791
18688268794
18688268907
18688268943
18688268953
18688269013
18688269027
18688269052
18688269053
18688269061
18688269104
18688269105
18688269129
18688269141
18688269150
18688269241
18688269243
18688269275
18688269324
18688269372
18688269375
18688269410
18688269412
18688269424
18688269430
18688269437
18688269439
18688269441
18688269447
18688269461
18688269464
18688269470
18688269473
18688269534
18688269537
18688269543
18688269554
18688269564
18688269642
18688269649
18688269674
18688269704
18688269735
18688269740
18688269751
18688269814
18688269931
18688269974
18688270175
18688270485
18688270564
18688271064
18688271591
18688271643
18688272445
18688272492
18688272531
18688272592
18688272764
18688272802
18688272947
18688273065
18688273090
18688273165
18688273247
18688273301
18688273420
18688273421
18688273749
18688273784
18688273867
18688274015
18688274207
18688274281
18688274324
18688274381
18688274425
18688274437
18688274470
18688274517
18688274579
18688274615
18688274735
18688274869
18688274921
18688274932
18688274969
18688275074
18688275242
18688275310
18688275363
18688275421
18688275435
18688275843
18688275894
18688275921
18688276032
18688276105
18688276149
18688276254
18688276447
18688276450
18688276457
18688276643
18688276835
18688277034
18688277259
18688277410
18688277492
18688278403
18688278564
18688278642
18688278924
18688279053
18688279127
18688279170
18688279465
18688279505
18688279842
18688296125
18689234706
18689240025
18689240049
18689240194
18689240445
18689240451
18689240475
18689240532
18689240547
18689240564
18689240672
18689240679
18689240697
18689240772
18689240782
18689240854
18689241150
18689241305
18689241327
18689241353
18689241431
18689241432
18689241473
18689241474
18689241484
18689241554
18689241629
18689241745
18689241780
18689241929
18689241971
18689242234
18689242531
18689242609
18689242719
18689242737
18689242784
18689243005
18689243047
18689243084
18689243089
18689243153
18689243261
18689243297
18689243409
18689243451
18689243454
18689243512
18689243541
18689243584
18689243683
18689243760
18689243772
18689244064
18689244072
18689244073
18689244075
18689244151
18689244273
18689244287
18689244425
18689244481
18689244557
18689244579
18689244742
18689244751
18689244873
18689244964
18689244983
18689244997
18689245024
18689245120
18689245132
18689245174
18689245295
18689245402
18689245404
18689245474
18689245543
18689245820
18689245912
18689245965
18689246020
18689246171
18689246174
18689246204
18689246212
18689246213
18689246272
18689246325
18689246421
18689246427
18689246454
18689246507
18689246640
18689246674
18689246705
18689246857
18689246987
18689247043
18689247142
18689247149
18689247241
18689247254
18689247381
18689247409
18689247437
18689247460
18689247503
18689247510
18689247541
18689247764
18689247813
18689247814
18689247829
18689247914
18689248159
18689248174
18689248420
18689248504
18689248554
18689248704
18689248804
18689248870
18689248904
18689248910
18689248927
18689249031
18689249045
18689249064
18689249264
18689249343
18689249451
18689249540
18689249542
18689249585
18689249720
18689249743
18689249752
18689249842
18689249860
18689249974
18689250659
18689250895
18689251674
18689251965
18689252902
18689253064
18689253147
18689253195
18689253269
18689255561
18689255621
18689258662
18689261095
18689262505
18689263381
18689265965
18689266513
18689268513
18689269901
18689273964
18689274954
18689275924
18689276041
18689280017
18689280021
18689280027
18689281731
18689286090
18689286375
18689287193
18689288193
18689289215
18689289367
18689290263
18689290474
18689290580
18689290965
18689291372
18689291695
18689293010
18689293167
18689293550
18689293625
18689293905
18689295030
18689295697
18689295875
18689296380
18689296592
18689297650
18689298231
18689298907
18689317940
18689320071
18689320091
18689320097
18689320153
18689320160
18689320161
18689320171
18689320179
18689320682
18689321709
18689323725
18689323872
18689325621
18689325771
18689325947
18689326605
18689326734
18689326857
18689327053
18689327102
18689327697
18689328132
18689328197
18689328515
18689328590
18689328607
18689328795
18689329265
18689329702
