06266589692
09278341645
13025572249
13025574135
13025574215
13025574625
13025575498
13025594487
13025594575
13025594616
13025596460
13025596949
13025598841
13030210641
13030214316
13030217462
13030218470
13030219439
13030227423
13030228741
13030251576
13030261643
13030266459
13048224161
13048224519
13048224631
13048224738
13048224797
13048226242
13048226649
13048227426
13048227462
13048228140
13048228142
13048228481
13048228546
13059363450
13059364546
13106900651
13106900796
13106901093
13106901267
13106901531
13106901576
13106901627
13106901695
13106901806
13106902126
13106902392
13106902579
13106902673
13106902795
13106902956
13106903270
13106903279
13106903387
13106903507
13106903659
13106905159
13106905365
13106905826
13106905901
13106905961
13106905973
13106906121
13106906365
13106906581
13106906976
13106907101
13106907121
13106907526
13106907551
13106907571
13106907685
13106907891
13106908256
13106908267
13106908301
13106908363
13106909706
13106909751
13106909852
13106910159
13106910367
13106910559
13106910589
13106910687
13106910953
13106910976
13106911256
13106911302
13106911353
13106911396
13106911579
13106911637
13106911657
13106911752
13106911761
13106911796
13106911859
13106911870
13106912235
13106912372
13106912651
13106912731
13106912763
13106912852
13106912873
13106912895
13106913053
13106913172
13106913252
13106913512
13106913591
13106913670
13106913751
13106913906
13106913972
13106915075
13106915223
13106915315
13106915371
13106915380
13106915397
13106915659
13106915671
13106915716
13106915793
13106915895
13106915970
13106916205
13106916280
13106916395
13106916751
13106916831
13106917035
13106917063
13106917082
13106917215
13106917269
13106917295
13106917301
13106917535
13106917635
13106917805
13106917905
13106917920
13106917971
13106917973
13106918016
13106918053
13106918217
13106918225
13106918391
13106918501
13106918625
13106918719
13106918729
13106918926
13106919057
13106919065
13106919117
13106919261
13106919312
13106919321
13106919532
13106919587
13106919670
13106919753
13129701304
13129702984
13129703264
13129703524
13129704784
13129705294
13129705325
13129705394
13129705764
13129705784
13129706564
13129707134
13129707514
13129707804
13129707894
13129708774
13129730454
13129730964
13129731424
13129733404
13129734604
13129734664
13129735054
13129786970
13169351347
13169354624
13169355734
13169355874
13169356314
13169357154
13169358014
13169358434
13169358634
13169359364
13169359454
13172620152
13172620165
13172620192
13172620279
13172620351
13172620373
13172620383
13172620532
13172620593
13172620659
13172620671
13172620691
13172620697
13172620732
13172620751
13172620757
13172620767
13172620776
13172620869
13172620952
13172620973
13172620983
13172621032
13172621057
13172621135
13172621153
13172621173
13172621179
13172621306
13172621367
13172621373
13172621396
13172621502
13172621523
13172621570
13172621597
13172621627
13172621650
13172621695
13172621713
13172621720
13172621725
13172621732
13172621735
13172621792
13172621795
13172621807
13172621812
13172621850
13172621861
13172621867
13172621870
13172621905
13172622091
13172622095
13172622105
13172622106
13172622125
13172622127
13172622150
13172622157
13172622171
13172622316
13172622510
13172622512
13172622557
13172622589
13172622610
13172622631
13172622637
13172622681
13172622689
13172622701
13172622730
13172622732
13172622761
13172622967
13172623013
13172623016
13172623019
13172623052
13172623057
13172623059
13172623092
13172623125
13172623150
13172623327
13172623352
13172623356
13172623502
13172623529
13172623532
13172623563
13172623585
13172623587
13172623615
13172623639
13172623652
13172623657
13172623685
13172623697
13172623709
13172623760
13172623761
13172623769
13172623790
13172623816
13172623853
13172623891
13172623893
13172623902
13172623903
13172623913
13172623923
13172623973
13172625027
13172625029
13172625070
13172625105
13172625109
13172625126
13172625129
13172625367
13172625371
13172625381
13172625537
13172625590
13172625609
13172625619
13172625659
13172625670
13172625705
13172625719
13172625721
13172625723
13172625730
13172625751
13172625759
13172625826
13172625863
13172625867
13172625871
13172625890
13172625891
13172625895
13172625951
13172626051
13172626056
13172626095
13172626182
13172626209
13172626251
13172626312
13172626371
13172626393
13172626523
13172626675
13172626759
13172626802
13172626815
13172626821
13172626870
13172626910
13172626952
13172626976
13172627019
13172627056
13172627102
13172627103
13172627115
13172627120
13172627150
13172627153
13172627159
13172627230
13172627231
13172627302
13172627316
13172627327
13172627352
13172627361
13172627371
13172627381
13172627509
13172627512
13172627572
13172627609
13172627635
13172627650
13172627652
13172627661
13172627662
13172627670
13172627692
13172627705
13172627723
13172627760
13172627782
13172627783
13172627803
13172627837
13172627862
13172627863
13172627915
13172627926
13172627929
13172627930
13172627932
13172627950
13172628015
13172628017
13172628021
13172628032
13172628035
13172628071
13172628091
13172628096
13172628135
13172628179
13172628205
13172628207
13172628215
13172628217
13172628235
13172628237
13172628252
13172628267
13172628270
13172628315
13172628321
13172628357
13172628360
13172628375
13172628512
13172628523
13172628561
13172628562
13172628623
13172628650
13172628693
13172628703
13172628709
13172628712
13172628752
13172628759
13172628763
13172628769
13172628790
13172628793
13172628795
13172628871
13172628910
13172628927
13172628930
13172628937
13172628972
13172629019
13172629032
13172629115
13172629152
13172629160
13172629163
13172629173
13172629179
13172629197
13172629235
13172629236
13172629271
13172629273
13172629302
13172629309
13172629336
13172629350
13172629379
13172629380
13172629395
13172629516
13172629536
13172629557
13172629561
13172629573
13172629587
13172629592
13172629602
13172629619
13172629659
13172629685
13172629720
13172629721
13172629723
13172629739
13172629751
13172629753
13172629759
13172629771
13172629785
13172629817
13172629896
13172629927
13172629970
13172631183
13172631256
13172632070
13172632083
13172632171
13172632502
13172632515
13172632751
13172633960
13172635057
13172635571
13172635750
13172635915
13172636212
13172636589
13172636721
13172636893
13172637156
13172638027
13172638106
13189360041
13189360047
13189360095
13189360137
13189360142
13189360145
13189360146
13189360147
13189360148
13189360152
13189360153
13189360156
13189360157
13189360159
13189360161
13189360163
13189360167
13189360170
13189360171
13189360173
13189360175
13189360176
13189360180
13189360187
13189360190
13189360191
13189360192
13189360196
13189360231
13189360241
13189360243
13189360248
13189360250
13189360251
13189360262
13189360267
13189360271
13189360272
13189360273
13189360275
13189360279
13189360281
13189360287
13189360290
13189360293
13189360295
13189360297
13189360341
13189360342
13189360343
13189360346
13189360347
13189360349
13189360353
13189360357
13189360359
13189360367
13189360370
13189360375
13189360379
13189360387
13189360390
13189360392
13189360396
13189360431
13189360432
13189360436
13189360438
13189360441
13189360442
13189360443
13189360445
13189360446
13189360451
13189360456
13189360457
13189360459
13189360460
13189360461
13189360463
13189360465
13189360467
13189360469
13189360471
13189360472
13189360475
13189360478
13189360479
13189360481
13189360482
13189360489
13189360491
13189360492
13189360495
13189360496
13189360498
13189360535
13189360536
13189360539
13189360542
13189360545
13189360546
13189360549
13189360562
13189360565
13189360576
13189360582
13189360585
13189360590
13189360597
13189360646
13189360649
13189360657
13189360671
13189360672
13189360685
13189360687
13189360693
13189360742
13189360743
13189360752
13189360759
13189360767
13189360782
13189360783
13189360787
13189360791
13189360792
13189360835
13189360837
13189360843
13189360859
13189360870
13189360871
13189360873
13189360875
13189360897
13189360931
13189360932
13189360940
13189360941
13189360942
13189360943
13189360949
13189360952
13189360963
13189360965
13189360967
13189361036
13189361040
13189361041
13189361046
13189361052
13189361053
13189361060
13189361062
13189361063
13189361073
13189361075
13189361092
13189361093
13189361097
13189361136
13189361140
13189361142
13189361145
13189361148
13189361162
13189361167
13189361169
13189361195
13189361241
13189361243
13189361245
13189361248
13189361249
13189361251
13189361252
13189361256
13189361257
13189361259
13189361271
13189361275
13189361279
13189361295
13189361297
13189361302
13189361303
13189361305
13189361307
13189361327
13189361340
13189361342
13189361345
13189361347
13189361362
13189361367
13189361371
13189361379
13189361395
13189361397
13189361402
13189361406
13189361407
13189361409
13189361410
13189361420
13189361426
13189361427
13189361432
13189361435
13189361436
13189361439
13189361442
13189361445
13189361446
13189361447
13189361451
13189361453
13189361459
13189361460
13189361463
13189361465
13189361469
13189361471
13189361473
13189361475
13189361476
13189361479
13189361480
13189361483
13189361486
13189361489
13189361490
13189361493
13189361495
13189361497
13189361501
13189361502
13189361503
13189361519
13189361523
13189361525
13189361535
13189361540
13189361543
13189361557
13189361562
13189361569
13189361571
13189361575
13189361581
13189361590
13189361593
13189361605
13189361621
13189361629
13189361635
13189361637
13189361641
13189361642
13189361643
13189361646
13189361648
13189361649
13189361652
13189361653
13189361670
13189361671
13189361672
13189361676
13189361679
13189361692
13189361702
13189361705
13189361715
13189361719
13189361721
13189361723
13189361729
13189361730
13189361731
13189361732
13189361740
13189361743
13189361746
13189361747
13189361749
13189361751
13189361756
13189361757
13189361759
13189361769
13189361783
13189361790
13189361796
13189361797
13189361825
13189361827
13189361837
13189361840
13189361848
13189361853
13189361856
13189361863
13189361867
13189361872
13189361875
13189361895
13189361902
13189361907
13189361915
13189361925
13189361926
13189362039
13189362041
13189362043
13189362046
13189362051
13189362053
13189362057
13189362065
13189362072
13189362083
13189362092
13189362096
13189362106
13189362127
13189362130
13189362139
13189362140
13189362141
13189362142
13189362143
13189362148
13189362149
13189362150
13189362153
13189362156
13189362157
13189362159
13189362160
13189362170
13189362187
13189362205
13189362235
13189362237
13189362240
13189362243
13189362245
13189362247
13189362257
13189362291
13189362297
13189362307
13189362319
13189362341
13189362347
13189362351
13189362353
13189362359
13189362367
13189362369
13189362370
13189362371
13189362372
13189362379
13189362401
13189362402
13189362403
13189362405
13189362408
13189362412
13189362413
13189362415
13189362420
13189362421
13189362426
13189362427
13189362430
13189362431
13189362435
13189362436
13189362438
13189362439
13189362440
13189362441
13189362446
13189362447
13189362449
13189362450
13189362451
13189362452
13189362453
13189362457
13189362458
13189362459
13189362460
13189362461
13189362462
13189362467
13189362471
13189362475
13189362476
13189362478
13189362479
13189362481
13189362486
13189362487
13189362490
13189362493
13189362496
13189362498
13189362501
13189362507
13189362510
13189362513
13189362515
13189362517
13189362535
13189362540
13189362541
13189362543
13189362547
13189362548
13189362549
13189362557
13189362561
13189362563
13189362572
13189362576
13189362579
13189362587
13189362596
13189362597
13189362610
13189362612
13189362641
13189362645
13189362647
13189362650
13189362652
13189362653
13189362659
13189362672
13189362685
13189362692
13189362703
13189362705
13189362709
13189362712
13189362716
13189362717
13189362719
13189362721
13189362723
13189362729
13189362739
13189362740
13189362742
13189362743
13189362746
13189362747
13189362748
13189362753
13189362771
13189362775
13189362781
13189362797
13189362801
13189362815
13189362821
13189362831
13189362840
13189362841
13189362846
13189362849
13189362850
13189362856
13189362859
13189362861
13189362862
13189362867
13189362892
13189362907
13189362910
13189362912
13189362913
13189362917
13189362931
13189362940
13189362945
13189362946
13189362947
13189362948
13189362950
13189362951
13189362952
13189362953
13189362967
13189362970
13189362979
13189363016
13189363027
13189363041
13189363042
13189363046
13189363047
13189363048
13189363049
13189363050
13189363053
13189363061
13189363065
13189363073
13189363079
13189363087
13189363091
13189363102
13189363106
13189363115
13189363121
13189363125
13189363127
13189363135
13189363145
13189363147
13189363148
13189363149
13189363150
13189363151
13189363152
13189363156
13189363157
13189363159
13189363163
13189363165
13189363171
13189363173
13189363187
13189363191
13189363195
13189363202
13189363227
13189363235
13189363240
13189363241
13189363243
13189363246
13189363251
13189363257
13189363259
13189363275
13189363287
13189363292
13189363293
13189363297
13189363321
13189363345
13189363346
13189363347
13189363349
13189363361
13189363371
13189363375
13189363376
13189363392
13189363402
13189363405
13189363406
13189363407
13189363410
13189363413
13189363419
13189363420
13189363425
13189363426
13189363427
13189363430
13189363436
13189363439
13189363441
13189363442
13189363447
13189363448
13189363450
13189363451
13189363457
13189363460
13189363461
13189363463
13189363465
13189363472
13189363473
13189363475
13189363476
13189363479
13189363481
13189363483
13189363486
13189363487
13189363491
13189363492
13189363495
13189363497
13189363498
13189363507
13189363512
13189363515
13189363541
13189363542
13189363545
13189363546
13189363547
13189363549
13189363551
13189363570
13189363573
13189363593
13189363642
13189363643
13189363645
13189363646
13189363647
13189363741
13189363746
13189363747
13189363748
13189363749
13189363840
13189363842
13189363843
13189363845
13189363940
13189363941
13189363943
13189363945
13189363947
13189364005
13189364007
13189364010
13189364013
13189364015
13189364016
13189364017
13189364019
13189364021
13189364026
13189364027
13189364031
13189364032
13189364039
13189364043
13189364046
13189364048
13189364053
13189364056
13189364057
13189364059
13189364070
13189364071
13189364072
13189364075
13189364076
13189364079
13189364082
13189364083
13189364086
13189364089
13189364090
13189364091
13189364092
13189364093
13189364096
13189364097
13189364103
13189364105
13189364112
13189364115
13189364129
13189364130
13189364135
13189364137
13189364139
13189364142
13189364143
13189364145
13189364146
13189364149
13189364150
13189364151
13189364157
13189364160
13189364161
13189364165
13189364167
13189364171
13189364173
13189364175
13189364176
13189364179
13189364182
13189364193
13189364195
13189364196
13189364198
13189364202
13189364203
13189364206
13189364207
13189364208
13189364209
13189364210
13189364212
13189364215
13189364216
13189364219
13189364220
13189364221
13189364227
13189364230
13189364231
13189364235
13189364237
13189364239
13189364248
13189364249
13189364250
13189364251
13189364253
13189364257
13189364260
13189364265
13189364267
13189364269
13189364270
13189364271
13189364272
13189364273
13189364275
13189364278
13189364279
13189364282
13189364283
13189364285
13189364289
13189364290
13189364291
13189364292
13189364293
13189364301
13189364305
13189364306
13189364307
13189364315
13189364316
13189364317
13189364320
13189364323
13189364327
13189364330
13189364331
13189364332
13189364337
13189364338
13189364340
13189364341
13189364342
13189364345
13189364346
13189364348
13189364352
13189364353
13189364357
13189364358
13189364359
13189364360
13189364362
13189364365
13189364367
13189364370
13189364371
13189364372
13189364373
13189364375
13189364382
13189364383
13189364386
13189364387
13189364391
13189364392
13189364395
13189364397
13189364401
13189364403
13189364405
13189364407
13189364412
13189364413
13189364417
13189364419
13189364423
13189364425
13189364427
13189364431
13189364432
13189364452
13189364457
13189364761
13189364762
13189364763
13189364765
13189364767
13189364769
13189364771
13189364780
13189364781
13189364783
13189364785
13189364786
13189364787
13189364790
13189364791
13189364793
13189364795
13189364796
13189364797
13189364798
13189364801
13189364802
13189364809
13189364812
13189364813
13189364815
13189364816
13189364823
13189364825
13189364826
13189364827
13189364831
13189364832
13189364837
13189364838
13189364839
13189364840
13189364842
13189364843
13189364846
13189364850
13189364851
13189364852
13189364856
13189364857
13189364858
13189364859
13189364861
13189364865
13189364869
13189364870
13189364871
13189364873
13189364875
13189364876
13189364878
13189364879
13189364891
13189364895
13189364896
13189364897
13189364902
13189364903
13189364906
13189364907
13189364909
13189364913
13189364916
13189364921
13189364923
13189364927
13189364930
13189364931
13189364935
13189364937
13189364940
13189364943
13189364946
13189364950
13189364957
13189364960
13189364967
13189364968
13189364970
13189364971
13189364972
13189364979
13189364987
13189364991
13189364993
13189364997
13189365040
13189365042
13189365043
13189365045
13189365046
13189365047
13189365048
13189365049
13189365143
13189365145
13189365149
13189365640
13189365641
13189365643
13189365645
13189365646
13189365648
13189365649
13189365741
13189365743
13189365747
13189365841
13189365843
13189365845
13189365847
13189365940
13189365941
13189365945
13189365947
13189365948
13189366040
13189366041
13189366042
13189366045
13189366046
13189366047
13189366049
13189366140
13189366142
13189366143
13189366145
13189366146
13189366147
13189366148
13189366240
13189366241
13189366246
13189366249
13189366341
13189366342
13189366343
13189366345
13189366347
13189366349
13189366401
13189366402
13189366403
13189366405
13189366409
13189366412
13189366413
13189366416
13189366419
13189366420
13189366421
13189366425
13189366426
13189366427
13189366428
13189366430
13189366942
13189366945
13189366946
13189366947
13189367041
13189367045
13189367046
13189367047
13189367140
13189367141
13189367149
13189367240
13189367242
13189367247
13189367249
13189367340
13189367341
13189367342
13189367343
13189367345
13189367346
13189367349
13189367401
13189367402
13189367403
13189367405
13189367406
13189367408
13189367409
13189367410
13189367413
13189367415
13189367416
13189367417
13189367421
13189367423
13189367425
13189367428
13189367432
13189367435
13189367437
13189367439
13189367440
13189367443
13189367445
13189367448
13189367449
13189367459
13189367461
13189367462
13189367463
13189367469
13189367472
13189367476
13189367481
13189367482
13189367483
13189367485
13189367491
13189367493
13189367495
13189367498
13189367540
13189367545
13189367546
13189367547
13189367549
13189367641
13189367642
13189367643
13189367646
13189367649
13189367740
13189367742
13189367748
13189367840
13189367841
13189367846
13189367849
13189367940
13189367941
13189367942
13189367948
13189367949
13189368040
13189368041
13189368042
13189368047
13189368048
13189368049
13189368141
13189368142
13189368143
13189368147
13189368149
13189368240
13189368241
13189368242
13189368243
13189368247
13189368249
13189368342
13189368343
13189368345
13189368348
13189368349
13189368401
13189368402
13189368406
13189368407
13189368412
13189368415
13189368416
13189368419
13189368425
13189368428
13189368430
13189368431
13189368432
13189368436
13189368437
13189368438
13189368441
13189368442
13189368443
13189368445
13189368446
13189368447
13189368449
13189368452
13189368458
13189368459
13189368463
13189368465
13189368467
13189368476
13189368487
13189368490
13189368491
13189368493
13189368496
13189368540
13189368541
13189368542
13189368543
13189368546
13189368549
13189368640
13189368641
13189368645
13189368647
13189368649
13189368740
13189368741
13189368743
13189368745
13189368746
13189368748
13189368749
13189368841
13189368847
13189368940
13189368942
13189368943
13189368945
13189368946
13189368947
13189369040
13189369041
13189369045
13189369048
13189369049
13189369143
13189369145
13189369148
13189369149
13189369243
13189369246
13189369247
13189369248
13189369249
13189369840
13189369845
13189369943
13189369945
13189369947
13202620857
13202621093
13202621675
13202621706
13202622392
13202622707
13202623092
13202623215
13202623375
13202623973
13202625023
13202625085
13202625317
13202625383
13202625516
13202625671
13202625762
13202625937
13202626327
13202626791
13202627073
13202627293
13202627531
13202628150
13202628271
13202628517
13202628705
13202629067
13202629369
13202629531
13202629570
13202629572
13202629756
13202639113
13202790172
13202790253
13202790361
13202790697
13202790862
13202790957
13202791135
13202791157
13202791597
13202791653
13202791721
13202792072
13202792073
13202792170
13202792501
13202792506
13202792563
13202792852
13202793016
13202793021
13202793023
13202793251
13202793602
13202793687
13202793723
13202793867
13202795016
13202795107
13202795190
13202795237
13202795712
13202795815
13202795912
13202795931
13202796152
13202796327
13202796535
13202796539
13202796591
13202796835
13202796851
13202796902
13202796995
13202797263
13202797537
13202797603
13202797953
13202798015
13202798156
13202798210
13202798216
13202798250
13202798309
13202798392
13202798592
13202798602
13202798976
13202799126
13202799285
13211040095
13211040186
13211040344
13211040593
13211043045
13211043967
13211044024
13211044184
13211044574
13211044695
13211045736
13211045769
13211045986
13211046091
13211046157
13211046351
13211046508
13211047269
13211047519
13211047540
13211048810
13211048907
13211048916
13211049007
13211050156
13211050173
13211050391
13211050695
13211050753
13211050763
13211050769
13211050953
13211051257
13211051317
13211051371
13211051539
13211051579
13211051731
13211051871
13211052151
13211052690
13211052712
13211052856
13211053095
13211053107
13211053206
13211053269
13211053271
13211053280
13211053502
13211053603
13211053705
13211053836
13211055127
13211055232
13211055837
13211055956
13211056026
13211056165
13211056167
13211056187
13211056260
13211056321
13211056381
13211056792
13211056913
13211057209
13211057351
13211057357
13211057392
13211057536
13211057592
13211057619
13211057659
13211057691
13211057837
13211057971
13211058036
13211058097
13211058265
13211058276
13211058297
13211058632
13211058760
13211058975
13211059050
13211059362
13211059503
13211059561
13211059603
13211059829
13211059892
13211060267
13211060879
13211060935
13211061380
13211061526
13211061679
13211061832
13211062319
13211062357
13211062396
13211062529
13211062937
13211063352
13211063379
13211063391
13211063517
13211063612
13211063717
13211063752
13211065230
13211065319
13211065391
13211065397
13211065689
13211065710
13211065715
13211065723
13211065817
13211065851
13211065927
13211066215
13211066752
13211066983
13211067051
13211067159
13211067162
13211067202
13211067205
13211067652
13211067679
13211068179
13211068317
13211068320
13211068525
13211068673
13211069325
13211069361
13211069586
13211069687
13211069703
13211069770
13229002915
13229010649
13229011240
13229011340
13229011403
13229011471
13229011475
13229011497
13229011641
13229011845
13229012142
13229012412
13229012415
13229012462
13229012470
13229012640
13229013046
13229013241
13229013249
13229013403
13229013417
13229013446
13229013453
13229013463
13229013473
13229013475
13229013476
13229013649
13229013743
13229013843
13229013845
13229013942
13229014043
13229014047
13229014052
13229014057
13229014176
13229014210
13229014297
13229014317
13229014363
13229014389
13229014391
13229014426
13229014552
13229014597
13229014610
13229014637
13229014641
13229014682
13229014721
13229014745
13229014765
13229014778
13229014803
13229014892
13229014901
13229014946
13229014972
13229015451
13229015541
13229015643
13229015749
13229015941
13229016349
13229016401
13229016405
13229016420
13229016423
13229016435
13229016459
13229016490
13229016491
13229016846
13229016941
13229017146
13229017149
13229017341
13229017412
13229017419
13229017420
13229017436
13229017443
13229017446
13229017457
13229017485
13229017495
13229017640
13229017847
13229017942
13229017947
13229018240
13229018245
13229018350
13229018421
13229018449
13229018458
13229018497
13229018549
13229018575
13229018591
13229018645
13229018741
13229018915
13229018940
13229019030
13229019372
13229019419
13229019425
13229019541
13229019735
13229019850
13229026247
13229034270
13229792671
13229795072
13229796891
13257581576
13286527190
13286529507
13286529632
13286529792
13286551096
13286558127
13286558219
16626674103
16626678374
16626679844
16675801467
16675806344
16675827451
16675828042
16675829124
16675839747
16676671417
16676673274
16676673467
16676673847
16676674783
16676678754
18575814104
18575819414
18575822874
18575829204
18575834394
18575834854
18575845147
18575847540
18575849674
18578081002
18578081065
18578081072
18578081374
18578081454
18578081574
18578081604
18578082071
18578082174
18578082179
18578082304
18578082371
18578082559
18578082615
18578082672
18578082744
18578082934
18578083273
18578083394
18578083407
18578083410
18578083414
18578083494
18578083744
18578084130
18578084147
18578084249
18578084472
18578084513
18578084724
18578084794
18578084937
18578085014
18578085140
18578085241
18578085434
18578085915
18578085932
18578085967
18578086104
18578086114
18578086439
18578551476
18578552164
30632351281
63737843626