13006841190
13016641674
13016648257
13018604746
13018636642
13018639541
13018648424
13018673609
13018676240
13018689470
13026814221
13026824581
13026854429
13038813464
13038847342
13038847912
13038859219
13038860473
13038862261
13038863951
13038865965
13038869606
13038875628
13038878442
13038878638
13038885351
13038886591
13038887671
13038887915
13038889705
13038891051
13038891807
13038891962
13038892817
13038893728
13038899183
13046824269
13046827931
13046852876
13046873428
13046876964
13046877814
13046893734
13049733685
13049741809
13049743156
13049743645
13049744287
13049749391
13049754250
13049760243
13049761432
13049764043
13049769181
13049773613
13049775413
13049781435
13049795048
13049795392
13049796435
13058500865
13058503728
13058506728
13058507384
13058510952
13058514734
13058518342
13058523944
13058538742
13058544629
13058546994
13058547601
13058551041
13058569194
13058578412
13058591449
13059407651
13059410561
13059414625
13059416114
13059416425
13059421437
13059430535
13059432670
13059434797
13059437341
13059438134
13059446232
13059454342
13059457034
13059457564
13059462045
13059464315
13066109426
13066109584
13066114167
13066126094
13066140747
13066142973
13066143044
13066148103
13066149667
13066150564
13066156334
13066159854
13066161274
13066164476
13066191074
13066198747
13070923440
13070930457
13070934482
13070942675
13070944164
13070944834
13070966144
13104751979
13104753697
13104754345
13104759864
13104761436
13104761934
13104764708
13104767732
13104775069
13104779496
13104779769
13104781307
13104784737
13104792065
13104793063
13104796549
13104798177
13104799075
13106853198
13106855420
13106865924
13112873945
13112891928
13112894015
13113064561
13113069470
13113082328
13113082945
13113083643
13113105538
13113118592
13113121150
13113125030
13113125708
13113165189
13113169890
13113174967
13113178049
13113179205
13113181085
13113192858
13113200218
13113215918
13113217457
13113234936
13113241837
13113248562
13113272652
13113278053
13113289018
13113292185
13128024315
13128034094
13128034890
13128036124
13128042087
13128062174
13128072314
13128072495
13128076704
13128078429
13128108404
13128119384
13129402638
13129402665
13129403144
13129407082
13129411453
13129412992
13129418393
13129424482
13129431053
13129432616
13129433480
13129433712
13129460152
13129465254
13129467785
13129467809
13129470814
13129475408
13129478171
13129485875
13129486284
13129491025
13129492807
13129494608
13129815641
13129832854
13129865728
13129875298
13138845028
13143202558
13143233530
13143240317
13143242338
13143258206
13143258543
13143264474
13143271553
13144850209
13144872571
13144874590
13144897307
13144938694
13144938974
13144978812
13147321536
13147360811
13148562874
13148572158
13168404249
13168421016
13168446658
13168485538
13168492045
13168493195
13168494164
13168494692
13168499173
13168943364
13168959264
13168981044
13169503570
13192027614
13192091194
13192096837
13192098970
13202653464
13215178134
13215324231
13215324539
13215345397
13215354701
13215356436
13215395854
13240524154
13240573371
13240595947
13240670454
13240689755
13244971846
13244973310
13244973741
13249976277
13266012476
13266095049
13266095438
13267405277
13267460522
13268514115
13268532459
13268571401
13268574635
13268604952
13268624073
13268624605
13268627416
13268763984
13268824873
13268835497
13268842773
13268847973
15602615337
15622972406
15622972423
15622974461
15622975482
15622976340
15622982493
15626892743
15626893824
15626895284
15626895894
15626895974
15692065143
16620602732
16620624224
16620638096
16620673015
16620678216
16620692174
16620697641
16620741064
16620756450
16620757014
16620757904
16620758412
16620761743
16620762504
16675964071
16675965402
16675970472
16675971794
16675972504
16675973401
16675973674
16675974151
16675974187
16675974670
16675974893
16675976914
16675977041
16675979483
16675981037
16675981924
16675982563
16675982634
16675983914
16675984192
16675986745
16676400471
16676401034
16676401536
16676402465
16676402784
16676403142
16676403146
16676403284
16676403754
16676403847
16676404563
16676404851
16676405302
16676406571
16676407659
16676408202
16676409132
16676409670
16676410349
16676411363
16676412652
16676413453
16676413690
16676413981
16676415419
16676415837
16676416957
16676417151
16676417501
16676417810
16676417947
16676418492
16676418797
16676418971
16676420015
16676420957
16676421341
16676423721
16676423865
16676424647
16676424730
16676425145
16676425387
16676425928
16676426310
16676426438
16676426792
16676427467
16676428794
16676500824
16676501332
16676501947
16676502509
16676504924
16676505406
16676505540
16676506994
16676508037
16676519794
16676520414
16676522584
16676524764
16676525274
16676528334
16676529474
16676901141
16676901367
16676902273
16676902524
16676902767
16676904114
16676904838
16676905444
16676906129
16676908645
16676909728
16676910142
16676910254
16676912742
16676912947
16676924450
16676924792
16676925744
16676926584
16676926849
16676926947
16676927354
16676927432
16676928454
16676928943
16676928947
16676931043
16676931604
16676931704
16676932834
16676932874
16676937624
16676938304
16676939087
16676939544
17520160974
17520161042
17520161592
17520161754
17520162309
17520162704
17520163147
17520163404
17520164025
17520164372
17520164385
17520164594
17520164621
17520164675
17520164917
17520164954
17520165284
17520165634
17520166379
17520174031
17520174132
17520174280
17520176531
17520176532
17520176673
17520176820
17520178076
17520179565
17566700476
17566701417
17566701426
17566701429
17566702751
18565910147
18565910241
18565910474
18565910483
18565910941
18565911425
18565911470
18565911943
18565912614
18565912847
18565913534
18565914231
18565915761
18565918467
18565919401
18565920452
18565921672
18565922061
18565923402
18565923545
18565925341
18565925774
18565930284
18565931423
18565931436
18565932194
18565932409
18565932547
18565932864
18565932874
18565933247
18565934053
18565934063
18565934154
18565935172
18565935348
18565936446
18565936484
18565937194
18565937304
18565937794
18565939203
18565939430
18565939734
18565941357
18565942482
18565943273
18565944036
18565944326
18565944592
18565945675
18565945724
18565946021
18565946124
18565951673
18565953144
18565955457
18565960048
18565960746
18565961724
18565961804
18565962403
18565964087
18565967941
18565968461
18565968784
18565971247
18565973812
18565975472
18565978416
18565982571
18565982635
18565982703
18565983673
18565983873
18565984209
18565984394
18565985176
18565985621
18565985657
18565985795
18565985844
18565985921
18565986183
18565986512
18565986619
18565986715
18565986725
18565986758
18565986916
18565987086
18565987308
18565987310
18565987391
18565987501
18565987854
18565987935
18565988417
18565988734
18565990743
18565992591
18565993146
18565993642
18565994604
18565995417
18566103493
18566104103
18566104362
18566132114
18566157125
18566189454
18566194406
18566505079
18566505237
18566514316
18566564735
18566901543
18566904510
18566910974
18566913951
18566915464
18566923854
18566936470
18566942716
18566947642
18566960145
18566962421
18566974283
18566974764
18575142639
18575148262
18575162361
18575164701
18575165075
18575168579
18575183171
18575192679
18575192825
18575192930
18575198260
18575198364
18575286370
18575293403
18575318527
18575326055
18575326859
18575327724
18575330583
18575359384
18575360967
18575372297
18575374705
18575377592
18575378243
18575385905
18575394624
18575402902
18575417249
18575429045
18575982148
18575984157
18575984406
18575984757
18575991643
18575994564
18576342741
18576352190
18576357225
18576357647
18576370351
18576372051
18576373153
18576389650
18576391445
18576393172
18576393271
18576393781
18576395010
18576398284
18576801729
18576802863
18576823241
18576824672
18576825983
18576834271
18576834410
18576834625
18576837423
18576838635
18576840745
18576845014
18576890537
18576895782
18576897232
18617217854
18617240285
18617246023
18664038053
18664072544
18664103941
18664116925
18664144391
18664154064
18664154285
18664159127
18664163573
18664184694
18664198701
18665140694
18666404793
18666417603
18675389024
18676054614
18676613064
18676950478
18681026045
18681145690
18681170453
19634553974