13005370681
13005370906
13005371073
13005371249
13005371639
13005371834
13005372134
13005372517
13005372539
13005372591
13005372697
13005372917
13005373259
13005375129
13005375153
13005375253
13005375307
13005375861
13005376175
13005376205
13005376271
13005376361
13005376825
13005377165
13005377930
13005378359
13005378596
13005378792
13005379525
13005379671
13018710357
13018710582
13018710652
13018710752
13018710793
13018710812
13018710875
13018710984
13018711340
13018711537
13018711594
13018711601
13018711637
13018711694
13018711795
13018711797
13018711896
13018711924
13018711937
13018711954
13018711964
13018712037
13018712067
13018712085
13018712096
13018712107
13018712195
13018712317
13018712484
13018712494
13018712537
13018712614
13018712617
13018712627
13018712630
13018712634
13018712675
13018712704
13018712714
13018712764
13018712765
13018712781
13018712784
13018712815
13018712837
13018712857
13018712865
13018712872
13018712917
13018712931
13018712937
13018712953
13018712954
13018712971
13018713004
13018713027
13018713067
13018713097
13018713162
13018713165
13018713171
13018713175
13018713185
13018713205
13018713206
13018713207
13018713267
13018713271
13018713294
13018713371
13018713375
13018713501
13018713502
13018713517
13018713591
13018713597
13018713617
13018713632
13018713672
13018713691
13018713705
13018713717
13018713725
13018713731
13018713732
13018713752
13018713754
13018713785
13018713835
13018713857
13018713867
13018713915
13018713952
13018713987
13018714085
13018714504
13018714534
13018714691
13018714854
13018714859
13018714894
13018714914
13018714921
13018715021
13018715023
13018715056
13018715061
13018715072
13018715091
13018715130
13018715197
13018715239
13018715261
13018715263
13018715273
13018715287
13018715295
13018715301
13018715572
13018715702
13018715762
13018715923
13018716053
13018716095
13018716279
13018716291
13018716572
13018716657
13018716736
13018717075
13018717207
13018717261
13018717319
13018717712
13018718197
13018718251
13018718307
13018718672
13018718693
13025370146
13025371671
13025371747
13025371931
13025372264
13025372352
13025372493
13025372672
13025372913
13025373807
13025374723
13025375049
13025375194
13025375962
13025375981
13025378751
13025379127
13025379270
13025379593
13025379864
13030107972
13030109307
13030109597
13030112761
13030112975
13030113671
13030113675
13030115970
13030116275
13030116726
13030116937
13030116972
13030117139
13030117357
13030117593
13030117850
13030117973
13030118962
13030119617
13030119805
13030121407
13030121724
13030121740
13030121745
13030121843
13030121894
13030121941
13030122594
13030122674
13030125413
13046170695
13046170794
13046170931
13046170943
13046170964
13046170974
13046171367
13046171429
13046171524
13046171643
13046171824
13046174842
13046174849
13046174856
13046174954
13046174960
13046174972
13046174981
13046175091
13046175261
13046175421
13046175471
13046175845
13046175931
13046175951
13046176052
13046176140
13046176236
13046176409
13046176434
13046176454
13046176481
13046176486
13046176492
13046176752
13046176753
13046176862
13046176931
13046177301
13046177316
13046177371
13046177507
13046177523
13046177530
13046178263
13046178276
13046178372
13046178396
13046178413
13046178475
13046178479
13046178512
13046178554
13046178573
13046178602
13046178631
13046178635
13046178714
13046178756
13046178907
13046178934
13046178946
13046178972
13046178976
13046179027
13046179035
13046179125
13046180942
13046182784
13046185144
13046186364
13046187657
13058201240
13058201403
13058201574
13058201914
13058202401
13058202741
13058204252
13058204364
13058204835
13058204927
13058206145
13058206294
13058206470
13058206546
13058207240
13058207479
13058208149
13058209247
13058210397
13058210671
13058210702
13058210723
13058210963
13058211635
13058211756
13058211965
13058212037
13058212085
13058212281
13058212617
13058212670
13058212771
13058212931
13058213065
13058213102
13058213160
13058213291
13058213672
13058213713
13058213735
13058213856
13058216113
13058216171
13058216257
13058216270
13058216362
13058216591
13058216729
13058216925
13058217027
13058217206
13058217209
13058217236
13058217269
13058217291
13058217292
13058217352
13058217382
13058217857
13058217861
13058218350
13058218503
13058218531
13058218590
13058218913
13058219107
13058219271
13058219352
13058219632
13058219692
13058219871
13076201865
13076202357
13076203175
13076203592
13076204891
13076205723
13076205797
13076206702
13076206757
13076207056
13076207057
13076208209
13076208367
13076208607
13076208709
13076209073
13076209275
13076209397
13076209571
13076210135
13076210156
13076210172
13076210175
13076210212
13076210251
13076210265
13076210307
13076210379
13076210395
13076210560
13076210561
13076210581
13076210612
13076210672
13076210679
13076210716
13076210737
13076210757
13076210765
13076210852
13076210853
13076220026
13076220035
13076220073
13076220135
13076220137
13076220150
13076220152
13076220153
13076220162
13076220165
13076220167
13076220182
13076220187
13076220193
13076220196
13076220197
13076220231
13076220239
13076220251
13076220253
13076220256
13076220267
13076220271
13076220279
13076220281
13076220290
13076220292
13076220295
13076220329
13076220352
13076220353
13076220356
13076220367
13076220370
13076220375
13076220395
13076220551
13076220560
13076220561
13076220563
13076220571
13076220575
13076220581
13076220587
13076220591
13076220592
13076220593
13076220595
13076220597
13076220617
13076220635
13076220637
13076220656
13076220671
13076220672
13076220753
13076220760
13076220763
13076220962
13076221579
13076221850
13076223186
13076223796
13076224697
13076229523
13076230040
13076230073
13076230092
13076230129
13076230140
13076230141
13076230142
13076230145
13076230146
13076230154
13076230164
13076230174
13076230184
13076230194
13076230241
13076230252
13076230257
13076230265
13076230267
13076230274
13076230294
13076230314
13076230324
13076230346
13076230353
13076230414
13076230435
13076230436
13076230437
13076230438
13076230447
13076230457
13076230461
13076230465
13076230467
13076230472
13076230474
13076230475
13076230481
13076230541
13076230547
13076230554
13076230564
13076230574
13076230579
13076230635
13076230640
13076230642
13076230643
13076230652
13076230654
13076230672
13076230684
13076230742
13076230745
13076230746
13076230747
13076230754
13076230757
13076230759
13076230761
13076230764
13076230797
13076230834
13076230840
13076230844
13076230852
13076230854
13076230874
13076230892
13076230915
13076230927
13076230945
13076230948
13076230952
13076230954
13076230961
13076230965
13076230971
13076230974
13076230975
13076231034
13076231036
13076231041
13076231051
13076231064
13076231074
13076231140
13076231142
13076231152
13076231154
13076231201
13076231241
13076231242
13076231245
13076231251
13076231264
13076231284
13076231294
13076231295
13076231329
13076231340
13076231346
13076231387
13076231394
13076231397
13076231401
13076231404
13076231409
13076231410
13076231412
13076231417
13076231427
13076231429
13076231430
13076231434
13076231436
13076231447
13076231453
13076231454
13076231459
13076231460
13076231471
13076231476
13076231484
13076231489
13076231494
13076231496
13076231503
13076231530
13076231536
13076231537
13076231540
13076231542
13076231570
13076231572
13076231574
13076231579
13076231581
13076231584
13076231590
13076231592
13076231593
13076231595
13076231597
13076231601
13076231602
13076231604
13076231614
13076231620
13076231634
13076231642
13076231643
13076231645
13076231651
13076231654
13076231657
13076231672
13076231673
13076231674
13076231685
13076231692
13076231694
13076231704
13076231705
13076231714
13076231721
13076231724
13076231735
13076231737
13076231739
13076231740
13076231741
13076231742
13076231743
13076231746
13076231754
13076231756
13076231759
13076231762
13076231763
13076231765
13076231774
13076231781
13076231794
13076231796
13076231824
13076231841
13076231852
13076231862
13076231864
13076231869
13076231870
13076231875
13076231894
13076231907
13076231931
13076231934
13076231935
13076231940
13076231946
13076231948
13076231956
13076231961
13076231964
13076232025
13076232041
13076232045
13076232047
13076232051
13076232054
13076232057
13076232064
13076232074
13076232075
13076232079
13076232081
13076232085
13076232137
13076232140
13076232143
13076232147
13076232150
13076232153
13076232154
13076232164
13076232172
13076232184
13076232207
13076232267
13076232274
13076232341
13076232364
13076232403
13076232404
13076232413
13076232417
13076232419
13076232437
13076232441
13076232453
13076232460
13076232462
13076232472
13076232481
13076232494
13076232496
13076232504
13076232509
13076232512
13076232530
13076232534
13076232542
13076232564
13076232576
13076232596
13076232597
13076232615
13076232630
13076232635
13076232641
13076232642
13076232651
13076232670
13076232671
13076232674
13076232685
13076232702
13076232721
13076232740
13076232746
13076232747
13076232761
13076232767
13076232774
13076232792
13076232794
13076232804
13076232824
13076232856
13076232874
13076232894
13076232897
13076232904
13076232927
13076232930
13076232941
13076232942
13076232947
13076232952
13076232957
13076232961
13076232963
13076232974
13076233037
13076233057
13076233059
13076233074
13076233084
13076233094
13076233104
13076233142
13076233146
13076233167
13076233182
13076233184
13076233190
13076233194
13076233217
13076233237
13076233245
13076233253
13076233257
13076233259
13076233270
13076233347
13076233402
13076233407
13076233412
13076233414
13076233417
13076233421
13076233424
13076233425
13076233431
13076233437
13076233469
13076233471
13076233476
13076233484
13076233487
13076233494
13076233496
13076233504
13076233507
13076233521
13076233531
13076233540
13076233541
13076233542
13076233546
13076233547
13076233564
13076233574
13076233591
13076233594
13076233624
13076233642
13076233643
13076233646
13076233647
13076233654
13076233671
13076233704
13076233716
13076233724
13076233740
13076233747
13076233802
13076233814
13076233821
13076233824
13076233834
13076233835
13076233841
13076233854
13076233874
13076233894
13076233912
13076233940
13076233942
13076233945
13076233954
13076233957
13076233971
13076233974
13076233975
13076234014
13076234015
13076234024
13076234034
13076234042
13076234046
13076234058
13076234061
13076234076
13076234084
13076234087
13076234097
13076234102
13076234103
13076234105
13076234109
13076234121
13076234124
13076234135
13076234140
13076234154
13076234157
13076234164
13076234173
13076234184
13076234191
13076234192
13076234194
13076234201
13076234204
13076234232
13076234235
13076234237
13076234243
13076234245
13076234246
13076234252
13076234257
13076234261
13076234265
13076234276
13076234284
13076234290
13076234294
13076234305
13076234307
13076234317
13076234337
13076234356
13076234362
13076234372
13076234379
13076234397
13076234405
13076234412
13076234417
13076234426
13076234434
13076234460
13076234464
13076234485
13076234486
13076234493
13076234494
13076234532
13076234535
13076234572
13076234574
13076234575
13076234579
13076234582
13076234584
13076234595
13076234601
13076234602
13076234604
13076234605
13076234607
13076234612
13076234613
13076234615
13076234623
13076234630
13076234643
13076234645
13076234650
13076234651
13076234671
13076234672
13076234691
13076234694
13076234715
13076234720
13076234724
13076234732
13076234735
13076234740
13076234741
13076234742
13076234764
13076234765
13076234772
13076234774
13076234784
13076234790
13076234791
13076234801
13076234803
13076234814
13076234815
13076234825
13076234834
13076234842
13076234854
13076234856
13076234857
13076234862
13076234891
13076234894
13076234895
13076234897
13076234904
13076234905
13076234906
13076234907
13076234910
13076234912
13076234914
13076234927
13076234932
13076234935
13076234941
13076234943
13076234945
13076234952
13076234964
13076234974
13076234975
13076235014
13076235017
13076235024
13076235037
13076235045
13076235051
13076235073
13076235074
13076235081
13076235097
13076235104
13076235134
13076235145
13076235162
13076235164
13076235167
13076235174
13076235190
13076235191
13076235197
13076235217
13076235224
13076235230
13076235240
13076235241
13076235246
13076235247
13076235262
13076235264
13076235270
13076235284
13076235294
13076235295
13076235297
13076235304
13076235305
13076235307
13076235314
13076235343
13076235346
13076235365
13076235371
13076235372
13076235379
13076235384
13076235392
13076235394
13076235397
13076235401
13076235405
13076235406
13076235412
13076235414
13076235416
13076235420
13076235423
13076235425
13076235602
13076235621
13076235637
13076235652
13076235672
13076235701
13076235705
13076235707
13076235709
13076235719
13076235727
13076235731
13076235736
13076235739
13076235750
13076235762
13076235793
13076235796
13076235815
13076235825
13076235827
13076235865
13076235867
13076235897
13076235912
13076235917
13076235930
13076235931
13076235950
13076235952
13076235956
13076235957
13076235962
13076235972
13076235986
13076236035
13076236053
13076236059
13076236071
13076236095
13076236097
13076236105
13076236107
13076236172
13076236173
13076236192
13076236201
13076236205
13076236210
13076236215
13076236225
13076236350
13076236356
13076236359
13076236367
13076236391
13076236517
13076236519
13076236527
13076236532
13076236570
13076236571
13076236572
13076236573
13076236576
13076236581
13076236590
13076236596
13076236705
13076236712
13076236791
13076236817
13076236852
13076236867
13076236907
13076236917
13076236925
13076236937
13076236957
13076236971
13076236972
13076237015
13076237025
13076237052
13076237057
13076237061
13076237096
13076237106
13076237107
13076237137
13076237159
13076237165
13076237256
13076237257
13076237316
13076237319
13076237325
13076237329
13076237362
13076237367
13076237505
13076237507
13076237509
13076237529
13076237532
13076237562
13076237583
13076237593
13076237602
13076237610
13076237635
13076237652
13076237737
13076237762
13076237815
13076237837
13076237853
13076237901
13076237925
13076237931
13076237957
13076238065
13076238071
13076238125
13076238127
13076238137
13076238150
13076238156
13076238157
13076238167
13076238171
13076238175
13076238210
13076238227
13076238270
13076238279
13076238309
13076238357
13076238359
13076238371
13076238501
13076238507
13076238512
13076238527
13076238529
13076238560
13076238572
13076238573
13076238615
13076238621
13076238627
13076238652
13076238657
13076238672
13076238673
13076238675
13076238702
13076238716
13076238721
13076238725
13076238731
13076238753
13076238767
13076238792
13076238906
13076238907
13076238915
13076238916
13076238930
13076238937
13076238952
13076238961
13076238965
13076238971
13076238973
13076239021
13076239027
13076239037
13076239057
13076239067
13076239071
13076239072
13076239073
13076239102
13076239117
13076239121
13076239127
13076239132
13076239135
13076239167
13076239187
13076239207
13076239253
13076239270
13076239287
13076239302
13076239307
13076239320
13076239352
13076239353
13076239357
13076239362
13076239376
13076239507
13076239512
13076239530
13076239535
13076239561
13076239563
13076239572
13076239573
13076239575
13076239576
13076239587
13076239591
13076239593
13076239612
13076239621
13076239637
13076239651
13076250350
13076252795
13076255071
13076255161
13076255721
13076255831
13076255967
13076256129
13076256235
13076256267
13076256861
13076257250
13076257830
13076257897
13076258052
13076259607
13076259725
13076293571
13076293697
13076293927
13076296056
13076296572
13100774586
13112011253
13112011276
13112011295
13112011323
13112011330
13112011523
13112011529
13112011586
13112011601
13112011696
13112011697
13112011850
13112011887
13112011897
13112012157
13112012193
13112012376
13112012526
13112012595
13112012605
13112012627
13112012656
13112012702
13112012791
13112012967
13112013075
13112013093
13112013120
13112013187
13112013215
13112013272
13112013291
13112013376
13112013509
13112013528
13112013671
13112013703
13112013718
13112013867
13112013927
13112015005
13112015096
13112015103
13112015207
13112015501
13112015513
13112015563
13112015593
13112015610
13112015658
13112015668
13112015698
13112015753
13112015775
13112015809
13112015812
13112015893
13112015908
13112015998
13112016063
13112016093
13112016098
13112016356
13112016368
13112016557
13112016573
13112016605
13112016679
13112016681
13112016718
13112016727
13112016771
13112016812
13112016818
13112016878
13112016903
13112016908
13112016952
13112017076
13112017297
13112017360
13112017393
13112017397
13112017538
13112017558
13112017702
13112017730
13112017785
13112017821
13112017936
13112017971
13112018021
13112018039
13112018101
13112018126
13112018128
13112018191
13112018192
13112018215
13112018280
13112018325
13112018351
13112018375
13112018381
13112018391
13112018570
13112018596
13112018705
13112018721
13112018796
13112018807
13112018821
13112018875
13112018902
13112018970
13112018971
13112018995
13112019053
13112019075
13112019179
13112019196
13112019219
13112019267
13112019269
13112019286
13112019287
13112019308
13112019317
13112019327
13112019350
13112019357
13112019360
13112019381
13112019397
13112019507
13112019517
13112019597
13112019598
13112019617
13112019637
13112019667
13112019669
13112019693
13112019695
13112019707
13112019737
13112019787
13112019807
13112019817
13112019857
13112019913
13112019937
13112019973
13112021915
13112021927
13112023207
13112023795
13112025127
13112025331
13112025765
13112026571
13112026937
13112027273
13112027380
13112027820
13112028173
13112029357
13112029627
13112040173
13112040534
13112040745
13112041043
13112041246
13112041485
13112041625
13112041740
13112041894
13112042146
13112042649
13112042695
13112042907
13112042927
13112043261
13112043392
13112043461
13112043716
13112043962
13112044023
13112044635
13112044873
13112047146
13112047436
13112048342
13112048445
13112049172
13112049439
13112060031
13112060205
13112060212
13112060261
13112060286
13112060337
13112060387
13112060539
13112060585
13112060629
13112060639
13112060703
13112060758
13112060769
13112060831
13112060957
13112061051
13112061073
13112061125
13112061130
13112061187
13112061210
13112061250
13112061270
13112061281
13112061283
13112061290
13112061312
13112061321
13112061371
13112061378
13112061501
13112061560
13112061627
13112061735
13112061780
13112061782
13112061791
13112061797
13112061839
13112061860
13112061953
13112062087
13112062113
13112062207
13112062281
13112062285
13112062290
13112062306
13112062361
13112062367
13112062509
13112062591
13112062632
13112062635
13112062686
13112062870
13112062887
13112062896
13112063018
13112063019
13112063029
13112063052
13112063215
13112063217
13112063238
13112063256
13112063274
13112063507
13112063595
13112063753
13112063763
13112063790
13112063805
13112065067
13112065073
13112065095
13112065165
13112065193
13112065253
13112065256
13112065317
13112065367
13112065397
13112065559
13112065595
13112065623
13112065715
13112065717
13112065732
13112065739
13112065751
13112065772
13112065802
13112065932
13112066050
13112066070
13112066071
13112066132
13112066163
13112066235
13112066337
13112066372
13112066506
13112066510
13112066516
13112066517
13112066518
13112066519
13112066527
13112066530
13112066531
13112066552
13112066568
13112066572
13112066575
13112066576
13112066581
13112066583
13112066587
13112066589
13112066595
13112066597
13112066602
13112066603
13112066606
13112066613
13112066625
13112066630
13112066657
13112066659
13112066673
13112066686
13112066689
13112066693
13112066702
13112066703
13112066705
13112066712
13112066737
13112066765
13112066772
13112066773
13112066781
13112066782
13112066791
13112066798
13112066805
13112066808
13112066827
13112066837
13112066859
13112066869
13112066871
13112066872
13112066878
13112066883
13112066891
13112066895
13112066910
13112066913
13112066920
13112066923
13112066926
13112066927
13112066935
13112066950
13112066951
13112066962
13112066963
13112066975
13112066985
13112066987
13112066995
13112066998
13112067005
13112067006
13112067009
13112067013
13112067056
13112067057
13112067059
13112067060
13112067061
13112067065
13112067076
13112067078
13112067079
13112067090
13112067093
13112067095
13112067096
13112067097
13112067101
13112067102
13112067103
13112067107
13112067118
13112067127
13112067129
13112067132
13112067153
13112067161
13112067170
13112067175
13112067178
13112067179
13112067182
13112067191
13112067202
13112067203
13112067219
13112067226
13112067227
13112067231
13112067252
13112067260
13112067276
13112067290
13112067301
13112067305
13112067306
13112067310
13112067315
13112067316
13112067320
13112067321
13112067339
13112067358
13112067359
13112067371
13112067378
13112067383
13112067502
13112067505
13112067508
13112067512
13112067517
13112067527
13112067529
13112067530
13112067558
13112067559
13112067563
13112067568
13112067578
13112067585
13112067591
13112067603
13112067605
13112067610
13112067613
13112067639
13112067656
13112067667
13112067673
13112067675
13112067689
13112067697
13112067723
13112067726
13112067727
13112067728
13112067751
13112067760
13112067769
13112067771
13112067776
13112067785
13112067786
13112067787
13112067792
13112067798
13112067803
13112067806
13112067826
13112067828
13112067829
13112067835
13112067837
13112067838
13112067869
13112067871
13112067876
13112067883
13112067886
13112067895
13112067897
13112067905
13112067912
13112067916
13112067921
13112067925
13112067926
13112067927
13112067929
13112067961
13112067989
13112068001
13112068008
13112068017
13112068018
13112068019
13112068021
13112068025
13112068029
13112068035
13112068037
13112068053
13112068057
13112068059
13112068062
13112068068
13112068072
13112068073
13112068087
13112068091
13112068097
13112068106
13112068112
13112068121
13112068127
13112068129
13112068136
13112068150
13112068156
13112068170
13112068172
13112068173
13112068195
13112068197
13112068203
13112068206
13112068208
13112068212
13112068225
13112068232
13112068235
13112068253
13112068257
13112068265
13112068267
13112068278
13112068293
13112068296
13112068327
13112068331
13112068332
13112068335
13112068336
13112068337
13112068351
13112068367
13112068369
13112068373
13112068502
13112068510
13112068512
13112068535
13112068539
13112068560
13112068581
13112068586
13112068590
13112068592
13112068598
13112068605
13112068608
13112068612
13112068613
13112068615
13112068616
13112068617
13112068620
13112068623
13112068625
13112068650
13112068659
13112068660
13112068661
13112068663
13112068673
13112068680
13112068685
13112068702
13112068703
13112068707
13112068710
13112068726
13112068727
13112068736
13112068757
13112068771
13112068775
13112068776
13112068778
13112068791
13112068802
13112068806
13112068827
13112068879
13112068885
13112068893
13112068920
13112068937
13112068986
13112069003
13112069006
13112069019
13112069051
13112069056
13112069072
13112069075
13112069079
13112069101
13112069108
13112069121
13112069126
13112069128
13112069130
13112069161
13112069165
13112069167
13112069172
13112069176
13112069227
13112069270
13112069279
13112069308
13112069319
13112069359
13112069360
13112069362
13112069385
13112069529
13112069550
13112069563
13112069565
13112069572
13112069580
13112069589
13112069593
13112069616
13112069619
13112069623
13112069632
13112069660
13112069670
13112069682
13112069695
13112069702
13112069715
13112069756
13112069757
13112069760
13112069770
13112069780
13112069785
13112069787
13112069793
13112069808
13112069815
13112069826
13112069828
13112069830
13112069832
13112069836
13112069857
13112069863
13112069883
13112069905
13112069907
13112069959
13112069968
13112069975
13112069989
13148680945
13149060967
13149061279
13149062317
13149062491
13149064071
13149071715
13149071917
13149072607
13149072903
13149073817
13149073931
13149074037
13149074194
13149074264
13149074272
13149074495
13149074512
13149074539
13149074594
13149074851
13149075026
13149075412
13149075471
13149075624
13149075693
13149075704
13149075764
13149075871
13149076275
13149076324
13149076343
13149076403
13149076454
13149076719
13149076735
13149076754
13149076774
13149076873
13149076894
13149076901
13149076942
13149077275
13149077341
13149077351
13149077372
13149077462
13149077895
13149078364
13149078379
13149078405
13149078434
13149078459
13149078495
13149078524
13149078531
13149078541
13149079274
13149079285
13168152471
13172950021
13172950056
13172950057
13172950059
13172950087
13172950135
13172950212
13172950231
13172950236
13172950571
13172950592
13172950671
13172950682
13172950709
13172950729
13172950771
13172950836
13172950975
13172950986
13172951065
13172951071
13172951085
13172951282
13172951297
13172951375
13172951392
13172951507
13172951590
13172951737
13172951782
13172951851
13172952069
13172952102
13172952151
13172952160
13172952271
13172952272
13172952275
13172952291
13172952297
13172952307
13172952326
13172952331
13172952351
13172952352
13172952358
13172952371
13172952375
13172952382
13172952387
13172952391
13172952502
13172952503
13172952519
13172952581
13172952587
13172952606
13172952609
13172952620
13172952627
13172952631
13172952635
13172952651
13172952659
13172952697
13172952761
13172952783
13172952785
13172952807
13172952809
13172952810
13172952823
13172952830
13172952851
13172952860
13172952861
13172952863
13172952872
13172952879
13172952885
13172952887
13172952901
13172952902
13172952910
13172952923
13172952932
13172952937
13172952938
13172952950
13172952953
13172952959
13172952960
13172952961
13172952965
13172952973
13172952983
13172952995
13172953017
13172953036
13172953037
13172953051
13172953057
13172953058
13172953061
13172953070
13172953073
13172953081
13172953082
13172953089
13172953090
13172953091
13172953102
13172953106
13172953135
13172953152
13172953157
13172953167
13172953171
13172953175
13172953176
13172953185
13172953186
13172953189
13172953192
13172953196
13172953208
13172953219
13172953237
13172953257
13172953259
13172953260
13172953271
13172953272
13172953278
13172953287
13172953296
13172953297
13172953303
13172953310
13172953316
13172953325
13172953329
13172953352
13172953361
13172953367
13172953376
13172953379
13172953501
13172953507
13172953513
13172953516
13172953519
13172953523
13172953526
13172953556
13172953562
13172953563
13172953578
13172953590
13172953610
13172953619
13172953650
13172953651
13172953656
13172953659
13172953680
13172953682
13172953701
13172953710
13172953721
13172953725
13172953727
13172953730
13172953731
13172953732
13172953736
13172953739
13172953750
13172953767
13172953781
13172953783
13172953785
13172953792
13172953793
13172953796
13172953805
13172953820
13172953825
13172953851
13172953853
13172953857
13172953861
13172953867
13172953870
13172953875
13172953876
13172953879
13172953891
13172953895
13172953897
13172953907
13172953912
13172953915
13172953917
13172953921
13172953930
13172953932
13172953937
13172953951
13172953956
13172953957
13172953967
13172953973
13172953976
13172953981
13172955016
13172955126
13172955197
13172955223
13172955280
13172955323
13172955653
13172955750
13172955783
13172955826
13172955892
13172956016
13172956056
13172956150
13172956160
13172956206
13172956327
13172956673
13172956685
13172956701
13172956709
13172956758
13172956803
13172957071
13172957075
13172957107
13172957112
13172957156
13172957316
13172957319
13172957393
13172957571
13172957605
13172957635
13172957702
13172957710
13172957727
13172957856
13172957902
13172958057
13172958060
13172958127
13172958170
13172958178
13172958179
13172958251
13172958256
13172958259
13172958295
13172958307
13172958309
13172958312
13172958327
13172958337
13172958365
13172958375
13172958376
13172958397
13172958502
13172958503
13172958512
13172958526
13172958530
13172958562
13172958571
13172958572
13172958595
13172958597
13172958617
13172958621
13172958653
13172958658
13172958660
13172958673
13172958675
13172958676
13172958687
13172958692
13172958697
13172958701
13172958709
13172958715
13172958720
13172958735
13172958736
13172958738
13172958739
13172958756
13172958782
13172958790
13172958825
13172958832
13172958857
13172958891
13172958893
13172958912
13172958916
13172958923
13172958927
13172958931
13172958936
13172958952
13172958953
13172958961
13172958963
13172958965
13172958967
13172958983
13172959010
13172959021
13172959027
13172959032
13172959053
13172959060
13172959063
13172959070
13172959073
13172959075
13172959087
13172959107
13172959121
13172959132
13172959137
13172959162
13172959167
13172959175
13172959176
13172959179
13172959182
13172959190
13172959201
13172959213
13172959215
13172959219
13172959262
13172959267
13172959291
13172959301
13172959315
13172959317
13172959326
13172959327
13172959351
13172959352
13172959353
13172959356
13172959360
13172959362
13172959370
13172959372
13172959373
13172959375
13172959382
13172959385
13172959387
13172959391
13172959513
13172959523
13172959536
13172959553
13172959571
13172959582
13172959583
13172959591
13172959607
13172959610
13172959627
13172959652
13172959679
13172959701
13172959705
13172959706
13172959709
13172959721
13172959736
13172959752
13172959769
13172959772
13172959776
13172959783
13172959792
13172959807
13172959850
13172959851
13172959853
13172959861
13172959867
13172959870
13172959879
13172959915
13172959951
13172959957
13172959965
13172960587
13172962604
13172965804
13172970056
13172970057
13172970192
13172970253
13172970256
13172970257
13172970359
13172970376
13172970390
13172970536
13172970553
13172970562
13172970563
13172970565
13172970569
13172970571
13172970576
13172970635
13172970762
13172970837
13172970972
13172971178
13172971183
13172971260
13172971265
13172971273
13172971397
13172971507
13172971587
13172971597
13172971605
13172971631
13172971637
13172971752
13172971767
13172971782
13172971785
13172971787
13172971790
13172971795
13172971815
13172971821
13172971905
13172971910
13172971921
13172971967
13172972025
13172972036
13172972103
13172972109
13172972131
13172972251
13172972316
13172972317
13172972337
13172972367
13172972521
13172972537
13172972601
13172972610
13172972650
13172972672
13172972732
13172972751
13172972753
13172972756
13172972815
13172972835
13172972867
13172972903
13172972923
13172973025
13172973026
13172973072
13172973079
13172973097
13172973107
13172973109
13172973115
13172973136
13172973187
13172973207
13172973217
13172973296
13172973316
13172973376
13172973395
13172973503
13172973531
13172973591
13172973630
13172973671
13172973672
13172973676
13172973682
13172973702
13172973716
13172973723
13172973756
13172973952
13172973956
13172973960
13172973965
13172973971
13172973980
13172975021
13172975065
13172975071
13172975075
13172975082
13172975087
13172975093
13172975097
13172975116
13172975159
13172975162
13172975171
13172975175
13172975186
13172975192
13172975196
13172975221
13172975236
13172975256
13172975267
13172975270
13172975271
13172975273
13172975275
13172975279
13172975289
13172975301
13172975302
13172975315
13172975352
13172975370
13172975371
13172975372
13172975376
13172975382
13172975387
13172975510
13172975521
13172975576
13172975605
13172975610
13172975613
13172975652
13172975715
13172975729
13172975762
13172975763
13172975779
13172975781
13172975782
13172975783
13172975786
13172975792
13172975795
13172975796
13172975807
13172975810
13172975815
13172975817
13172975820
13172975827
13172975852
13172975857
13172975870
13172975907
13172975927
13172975937
13172975957
13172975970
13172975987
13172976071
13172976073
13172976087
13172976097
13172976107
13172976109
13172976170
13172976172
13172976175
13172976176
13172976195
13172976207
13172976215
13172976216
13172976257
13172976259
13172976271
13172976285
13172976292
13172976301
13172976325
13172976331
13172976367
13172976370
13172976371
13172976391
13172976392
13172976512
13172976517
13172976519
13172976526
13172976551
13172976557
13172976570
13172976571
13172976572
13172976576
13172976597
13172976617
13172976635
13172976675
13172976701
13172976706
13172976715
13172976716
13172976739
13172976750
13172976782
13172976791
13172976807
13172976827
13172976837
13172976851
13172976870
13172976917
13172976930
13172976953
13172976973
13172976975
13172976979
13172977020
13172977021
13172977031
13172977032
13172977039
13172977060
13172977061
13172977062
13172977071
13172977089
13172977091
13172977096
13172977103
13172977126
13172977135
13172977139
13172977157
13172977161
13172977182
13172977185
13172977187
13172977197
13172977209
13172977213
13172977230
13172977262
13172977265
13172977267
13172977276
13172977285
13172977301
13172977305
13172977312
13172977316
13172977319
13172977325
13172977352
13172977357
13172977370
13172977375
13172977382
13172977385
13172977391
13172977505
13172977515
13172977531
13172977536
13172977561
13172977572
13172977579
13172977595
13172977607
13172977610
13172977617
13172977627
13172977629
13172977632
13172977635
13172977639
13172977651
13172977662
13172977675
13172977681
13172977686
13172977695
13172977803
13172977812
13172977831
13172977836
13172977851
13172977856
13172977870
13172977872
13172977902
13172977907
13172977912
13172977916
13172977932
13172977935
13172977936
13172977970
13172977971
13172978016
13172978017
13172978027
13172978035
13172978056
13172978091
13172978112
13172978135
13172978150
13172978151
13172978152
13172978157
13172978167
13172978169
13172978172
13172978175
13172978197
13172978207
13172978212
13172978251
13172978252
13172978257
13172978262
13172978267
13172978271
13172978272
13172978276
13172978337
13172978361
13172978367
13172978371
13172978372
13172978390
13172978505
13172978507
13172978515
13172978525
13172978526
13172978537
13172978570
13172978572
13172978573
13172978579
13172978582
13172978587
13172978597
13172978607
13172978651
13172978673
13172978697
13172978716
13172978729
13172978735
13172978739
13172978751
13172978758
13172978759
13172978763
13172978770
13172978772
13172978776
13172978932
13172978937
13172978953
13172978965
13172979101
13172979107
13172979157
13172979170
13172979171
13172979176
13172979207
13172979210
13172979217
13172979261
13172979271
13172979273
13172979278
13172979305
13172979310
13172979320
13172979371
13172979387
13172979536
13172979572
13172979587
13172979607
13172979635
13172979687
13172979715
13172979756
13172979810
13172979827
13172979870
13172979872
13172979892
13172979963
13172981395
13172981952
13172982790
13172982871
13172983351
13172983901
13172985662
13172986297
13172986517
13172986758
13172986837
13172986901
13172987053
13172987563
13172987615
13172988175
13172988625
13172989302
13178401801
13178421546
13178422184
13178422864
13178423024
13178440396
13178441435
13178441571
13178442101
13178442142
13178442457
13178446703
13178446907
13178447176
13178447197
13178447257
13178447316
13178447547
13178447845
13178448405
13178448960
13178449157
13178449356
13178449843
13192850346
13192850485
13192850734
13192850742
13192851453
13192851473
13192851524
13192851764
13192852154
13192852467
13192852474
13192852734
13192852747
13192852814
13192852843
13192853024
13192853264
13192853294
13192853467
13192853491
13192853604
13192853671
13192853764
13192853804
13192853864
13192853954
13192854294
13192854374
13192854397
13192854574
13192854604
13192854643
13192854651
13192854784
13192854904
13192854954
13192854964
13192856084
13192856214
13192856434
13192856924
13192857041
13192857214
13192857237
13192857294
13192857324
13192858074
13192858364
13192858634
13192858724
13192859174
13192859354
13192859624
13192859654
13192859674
13192859754
13192859874
13192862593
13192862641
13192862643
13192862650
13192862679
13192862709
13192862719
13192862792
13192862820
13192862871
13192862967
13192862978
13192863037
13192863057
13192863135
13192863153
13192863216
13192863401
13192863402
13192863403
13192863405
13192863406
13192863407
13192863409
13192863410
13192863419
13192863421
13192863431
13192863432
13192863437
13192863461
13192863462
13192863463
13192863467
13192863469
13192863471
13192863473
13192863476
13192863485
13192863487
13192863490
13192863495
13192863497
13192863517
13192863560
13192863561
13192863640
13192863643
13192863649
13192863683
13192863743
13192863745
13192863746
13192863760
13192863959
13192863985
13192864103
13192864105
13192864146
13192864149
13192864225
13192864241
13192864245
13192864246
13192864295
13192864316
13192864320
13192864325
13192864403
13192864405
13192864412
13192864413
13192864416
13192864420
13192864421
13192864423
13192864426
13192864432
13192864436
13192864437
13192864450
13192864451
13192864453
13192864457
13192864459
13192864462
13192864467
13192864470
13192864472
13192864475
13192864476
13192864485
13192864496
13192864515
13192864565
13192864575
13192864613
13192864701
13192864720
13192864723
13192865090
13192865095
13192865162
13192865190
13192865213
13192865217
13192865285
13192865317
13192865345
13192865349
13192865401
13192865403
13192865405
13192865407
13192865409
13192865413
13192865416
13192865417
13192865421
13192865427
13192865429
13192865431
13192865436
13192865439
13192865452
13192865460
13192865461
13192865471
13192865472
13192865473
13192865475
13192865476
13192865481
13192865486
13192865492
13192865561
13192865612
13192865672
13192865695
13192865732
13192865750
13192865853
13192865915
13192865926
13192865967
13192865972
13192865973
13192866017
13192866037
13192866057
13192866072
13192866087
13192866102
13192866107
13192866127
13192866137
13192866157
13192866172
13192866175
13192866179
13192866270
13192866305
13192866317
13192866357
13192866372
13192866375
13192866397
13192866507
13192866527
13192866537
13192866570
13192866571
13192866712
13192866713
13192866721
13192866725
13192866726
13192866727
13192866731
13192866732
13192866737
13192866739
13192866750
13192866751
13192866752
13192866753
13192866760
13192866762
13192866763
13192866771
13192866773
13192866783
13192866791
13192866796
13192866807
13192866865
13192866875
13192866930
13192866957
13192866971
13192866981
13192867013
13192867015
13192867017
13192867023
13192867035
13192867037
13192867050
13192867056
13192867065
13192867067
13192867073
13192867075
13192867076
13192867081
13192867082
13192867085
13192867086
13192867089
13192867090
13192867093
13192867095
13192867105
13192867107
13192867112
13192867121
13192867127
13192867130
13192867132
13192867135
13192867152
13192867157
13192867160
13192867165
13192867180
13192867181
13192867185
13192867187
13192867189
13192867191
13192867193
13192867195
13192867197
13192867202
13192867206
13192867207
13192867212
13192867215
13192867217
13192867223
13192867225
13192867230
13192867235
13192867236
13192867251
13192867252
13192867260
13192867262
13192867271
13192867280
13192867292
13192867293
13192867295
13192867302
13192867307
13192867317
13192867327
13192867329
13192867331
13192867337
13192867350
13192867351
13192867353
13192867360
13192867362
13192867365
13192867367
13192867370
13192867375
13192867385
13192867502
13192867505
13192867507
13192867509
13192867513
13192867523
13192867525
13192867530
13192867531
13192867536
13192867537
13192867562
13192867565
13192867570
13192867571
13192867572
13192867586
13192867591
13192867595
13192867621
13192867629
13192867630
13192867631
13192867632
13192867637
13192867639
13192867653
13192867675
13192867681
13192867685
13192867693
13192867695
13192867703
13192867716
13192867723
13192867752
13192867762
13192867783
13192867790
13192867802
13192867806
13192867815
13192867820
13192867821
13192867825
13192867827
13192867831
13192867837
13192867839
13192867853
13192867857
13192867870
13192867872
13192867873
13192867876
13192867895
13192867901
13192867902
13192867907
13192867916
13192867917
13192867921
13192867927
13192867930
13192867932
13192867935
13192867937
13192867951
13192867952
13192867957
13192867962
13192867963
13192867965
13192867983
13192867985
13192868017
13192868051
13192868071
13192868075
13192868076
13192868079
13192868107
13192868126
13192868157
13192868167
13192868170
13192868173
13192868217
13192868265
13192868267
13192868276
13192868307
13192868367
13192868387
13192868503
13192868509
13192868570
13192868572
13192868592
13192868617
13192868657
13192868671
13192868713
13192868716
13192868720
13192868723
13192868727
13192868730
13192868735
13192868751
13192868757
13192868760
13192868761
13192868797
13192868937
13192868967
13192868970
13192869013
13192869053
13192869057
13192869065
13192869071
13192869073
13192869075
13192869076
13192869135
13192869207
13192869213
13192869215
13192869251
13192869275
13192869307
13192869357
13192869378
13192869521
13192869572
13192869597
13192869607
13192869651
13192869672
13192869701
13192869703
13192869710
13192869715
13192869719
13192869757
13192869760
13192869761
13192869763
13192869767
13192869773
13192869785
13192869792
13192869810
13192869825
13192869837
13192869857
13192869972
13192870007
13192870017
13192870027
13192870037
13192870062
13192870071
13192870073
13192870075
13192870078
13192870079
13192870092
13192870097
13192870127
13192870128
13192870131
13192870137
13192870138
13192870153
13192870157
13192870160
13192870165
13192870171
13192870173
13192870178
13192870179
13192870187
13192870189
13192870191
13192870192
13192870197
13192870201
13192870207
13192870217
13192870227
13192870232
13192870257
13192870260
13192870261
13192870267
13192870270
13192870271
13192870278
13192870279
13192870283
13192870297
13192870315
13192870325
13192870327
13192870337
13192870357
13192870362
13192870367
13192870369
13192870371
13192870373
13192870379
13192870391
13192870517
13192870557
13192870561
13192870570
13192870571
13192870572
13192870576
13192870579
13192870587
13192870597
13192870607
13192870609
13192870616
13192870617
13192870618
13192870621
13192870623
13192870627
13192870630
13192870637
13192870657
13192870662
13192870667
13192870670
13192870671
13192870675
13192870676
13192870683
13192870687
13192870692
13192870693
13192870695
13192870702
13192870705
13192870706
13192870712
13192870718
13192870721
13192870727
13192870728
13192870729
13192870732
13192870735
13192870736
13192870737
13192870750
13192870751
13192870758
13192870760
13192870761
13192870762
13192870763
13192870765
13192870767
13192870768
13192870769
13192870770
13192870785
13192870792
13192870793
13192870795
13192870796
13192870805
13192870807
13192870817
13192870851
13192870852
13192870853
13192870860
13192870865
13192870867
13192870868
13192870869
13192870870
13192870873
13192870895
13192870896
13192870897
13192870906
13192870927
13192870929
13192870936
13192870937
13192870938
13192870957
13192870959
13192870969
13192870970
13192870971
13192870973
13192870975
13192870976
13192870983
13192870989
13192870991
13192871005
13192871017
13192871035
13192871037
13192871057
13192871067
13192871071
13192871076
13192871078
13192871079
13192871080
13192871090
13192871096
13192871120
13192871137
13192871157
13192871159
13192871167
13192871175
13192871178
13192871179
13192871187
13192871189
13192871195
13192871197
13192871202
13192871209
13192871217
13192871218
13192871227
13192871239
13192871250
13192871251
13192871270
13192871273
13192871278
13192871279
13192871287
13192871291
13192871293
13192871297
13192871307
13192871308
13192871316
13192871317
13192871320
13192871327
13192871328
13192871330
13192871336
13192871356
13192871357
13192871360
13192871370
13192871371
13192871375
13192871376
13192871378
13192871381
13192871382
13192871383
13192871392
13192871397
13192871505
13192871507
13192871517
13192871519
13192871521
13192871527
13192871537
13192871569
13192871572
13192871573
13192871576
13192871579
13192871580
13192871581
13192871587
13192871602
13192871627
13192871629
13192871637
13192871657
13192871672
13192871673
13192871675
13192871679
13192871697
13192871701
13192871707
13192871708
13192871709
13192871710
13192871716
13192871718
13192871719
13192871723
13192871727
13192871729
13192871730
13192871731
13192871735
13192871736
13192871737
13192871738
13192871739
13192871750
13192871752
13192871756
13192871759
13192871760
13192871762
13192871765
13192871767
13192871770
13192871771
13192871776
13192871778
13192871781
13192871782
13192871783
13192871785
13192871787
13192871792
13192871798
13192871806
13192871809
13192871813
13192871816
13192871825
13192871836
13192871838
13192871852
13192871857
13192871872
13192871876
13192871878
13192871882
13192871897
13192871906
13192871908
13192871937
13192871950
13192871953
13192871961
13192871962
13192871963
13192871967
13192871970
13192871971
13192871973
13192871975
13192871976
13192871978
13192871979
13192871989
13192871996
13192872007
13192872025
13192872026
13192872028
13192872036
13192872037
13192872050
13192872051
13192872056
13192872061
13192872067
13192872070
13192872072
13192872073
13192872075
13192872076
13192872078
13192872079
13192872083
13192872085
13192872096
13192872097
13192872107
13192872108
13192872117
13192872128
13192872135
13192872137
13192872139
13192872151
13192872152
13192872167
13192872170
13192872172
13192872173
13192872175
13192872178
13192872179
13192872193
13192872197
13192872208
13192872217
13192872227
13192872237
13192872261
13192872263
13192872267
13192872270
13192872271
13192872275
13192872279
13192872307
13192872310
13192872313
13192872326
13192872329
13192872337
13192872359
13192872365
13192872367
13192872368
13192872369
13192872373
13192872375
13192872379
13192872386
13192872387
13192872393
13192872396
13192872397
13192872502
13192872510
13192872512
13192872515
13192872517
13192872528
13192872553
13192872560
13192872571
13192872573
13192872581
13192872582
13192872587
13192872589
13192872597
13192872603
13192872605
13192872617
13192872635
13192872636
13192872637
13192872656
13192872657
13192872661
13192872663
13192872670
13192872671
13192872672
13192872673
13192872687
13192872690
13192872692
13192872695
13192872696
13192872702
13192872703
13192872709
13192872710
13192872713
13192872715
13192872726
13192872728
13192872736
13192872739
13192872753
13192872756
13192872759
13192872760
13192872762
13192872767
13192872771
13192872775
13192872776
13192872780
13192872782
13192872785
13192872790
13192872793
13192872796
13192872797
13192872801
13192872816
13192872818
13192872827
13192872832
13192872852
13192872857
13192872870
13192872871
13192872875
13192872881
13192872890
13192872892
13192872901
13192872927
13192872937
13192872950
13192872962
13192872972
13192872979
13192872989
13192872998
13192873002
13192873008
13192873013
13192873016
13192873018
13192873019
13192873027
13192873038
13192873039
13192873051
13192873057
13192873065
13192873067
13192873070
13192873071
13192873072
13192873073
13192873076
13192873078
13192873079
13192873082
13192873083
13192873089
13192873096
13192873107
13192873109
13192873113
13192873115
13192873125
13192873126
13192873157
13192873170
13192873173
13192873176
13192873186
13192873187
13192873209
13192873220
13192873231
13192873237
13192873251
13192873260
13192873270
13192873273
13192873275
13192873276
13192873280
13192873287
13192873295
13192873296
13192873297
13192873307
13192873351
13192873357
13192873370
13192873371
13192873373
13192873381
13192873395
13192873398
13192873502
13192873512
13192873517
13192873528
13192873552
13192873553
13192873557
13192873570
13192873572
13192873575
13192873579
13192873580
13192873587
13192873597
13192873601
13192873609
13192873617
13192873621
13192873652
13192873658
13192873661
13192873667
13192873668
13192873670
13192873671
13192873672
13192873673
13192873675
13192873676
13192873687
13192873696
13192873702
13192873705
13192873708
13192873712
13192873713
13192873717
13192873719
13192873721
13192873725
13192873729
13192873731
13192873735
13192873738
13192873752
13192873753
13192873757
13192873760
13192873761
13192873763
13192873765
13192873770
13192873771
13192873772
13192873775
13192873776
13192873779
13192873780
13192873781
13192873786
13192873787
13192873793
13192873796
13192873797
13192873807
13192873812
13192873817
13192873818
13192873827
13192873832
13192873867
13192873868
13192873870
13192873875
13192873897
13192873905
13192873917
13192873938
13192873956
13192873957
13192873960
13192873967
13192873968
13192873970
13192873971
13192873973
13192873976
13192873978
13192873982
13192873987
13192875017
13192875019
13192875027
13192875037
13192875059
13192875067
13192875071
13192875076
13192875079
13192875081
13192875089
13192875091
13192875092
13192875097
13192875107
13192875130
13192875131
13192875132
13192875152
13192875153
13192875156
13192875157
13192875160
13192875165
13192875171
13192875172
13192875173
13192875176
13192875182
13192875186
13192875191
13192875193
13192875197
13192875207
13192875209
13192875210
13192875215
13192875219
13192875220
13192875225
13192875237
13192875260
13192875261
13192875267
13192875270
13192875275
13192875276
13192875278
13192875279
13192875287
13192875290
13192875295
13192875301
13192875315
13192875317
13192875327
13192875328
13192875329
13192875330
13192875337
13192875357
13192875367
13192875371
13192875373
13192875376
13192875378
13192875387
13192875389
13192875392
13192875507
13192875532
13192875552
13192875563
13192875570
13192875572
13192875573
13192875575
13192875597
13192875605
13192875613
13192875623
13192875627
13192875629
13192875637
13192875658
13192875675
13192875682
13192875686
13192875697
13192875701
13192875705
13192875708
13192875712
13192875715
13192875716
13192875718
13192875719
13192875721
13192875723
13192875725
13192875726
13192875728
13192875729
13192875731
13192875735
13192875738
13192875750
13192875751
13192875759
13192875761
13192875762
13192875765
13192875767
13192875768
13192875769
13192875770
13192875771
13192875778
13192875786
13192875787
13192875790
13192875792
13192875793
13192875796
13192875797
13192875807
13192875817
13192875820
13192875837
13192875857
13192875859
13192875860
13192875871
13192875876
13192875879
13192875882
13192875887
13192875895
13192875907
13192875909
13192875917
13192875918
13192875939
13192875957
13192875967
13192875969
13192875970
13192875971
13192875975
13192875979
13192875997
13192876003
13192876005
13192876009
13192876015
13192876017
13192876021
13192876027
13192876028
13192876037
13192876038
13192876050
13192876057
13192876061
13192876063
13192876070
13192876072
13192876078
13192876085
13192876087
13192876091
13192876097
13192876106
13192876130
13192876136
13192876151
13192876162
13192876165
13192876171
13192876172
13192876190
13192876191
13192876197
13192876201
13192876202
13192876207
13192876208
13192876217
13192876227
13192876230
13192876237
13192876239
13192876259
13192876263
13192876269
13192876270
13192876275
13192876276
13192876278
13192876279
13192876282
13192876285
13192876287
13192876297
13192876301
13192876307
13192876308
13192876317
13192876320
13192876327
13192876331
13192876332
13192876337
13192876338
13192876351
13192876352
13192876357
13192876367
13192876372
13192876378
13192876379
13192876381
13192876397
13192876509
13192876513
13192876517
13192876525
13192876552
13192876557
13192876561
13192876572
13192876578
13192876587
13192876607
13192876623
13192876631
13192876637
13192876653
13192876657
13192876671
13192876676
13192876679
13192876687
13192876697
13192876702
13192876703
13192876705
13192876706
13192876707
13192876708
13192876709
13192876712
13192876713
13192876715
13192876716
13192876717
13192876723
13192876725
13192876729
13192876730
13192876731
13192876732
13192876735
13192876737
13192876738
13192876750
13192876751
13192876752
13192876758
13192876759
13192876761
13192876763
13192876765
13192876768
13192876776
13192876780
13192876781
13192876782
13192876783
13192876786
13192876790
13192876796
13192876797
13192876798
13192876803
13192876807
13192876817
13192876826
13192876829
13192876830
13192876831
13192876832
13192876836
13192876837
13192876853
13192876857
13192876871
13192876872
13192876875
13192876876
13192876879
13192876887
13192876906
13192876907
13192876915
13192876916
13192876921
13192876927
13192876930
13192876952
13192876957
13192876961
13192876970
13192876971
13192876972
13192876975
13192876978
13192876987
13192876991
13192877008
13192877023
13192877026
13192877027
13192877029
13192877031
13192877036
13192877038
13192877056
13192877058
13192877059
13192877061
13192877067
13192877068
13192877069
13192877072
13192877075
13192877076
13192877078
13192877079
13192877081
13192877082
13192877086
13192877087
13192877095
13192877098
13192877103
13192877107
13192877108
13192877110
13192877112
13192877115
13192877118
13192877119
13192877127
13192877132
13192877135
13192877139
13192877151
13192877156
13192877157
13192877159
13192877169
13192877173
13192877175
13192877176
13192877180
13192877183
13192877190
13192877192
13192877195
13192877196
13192877197
13192877198
13192877207
13192877208
13192877212
13192877215
13192877216
13192877220
13192877227
13192877229
13192877230
13192877231
13192877232
13192877238
13192877251
13192877256
13192877257
13192877258
13192877259
13192877263
13192877265
13192877267
13192877268
13192877271
13192877273
13192877280
13192877281
13192877282
13192877283
13192877286
13192877287
13192877292
13192877293
13192877297
13192877298
13192877301
13192877306
13192877307
13192877310
13192877312
13192877313
13192877317
13192877319
13192877320
13192877323
13192877325
13192877327
13192877328
13192877338
13192877339
13192877351
13192877357
13192877358
13192877359
13192877360
13192877362
13192877363
13192877365
13192877368
13192877370
13192877371
13192877372
13192877376
13192877380
13192877382
13192877383
13192877385
13192877387
13192877392
13192877397
13192877501
13192877506
13192877508
13192877509
13192877516
13192877519
13192877521
13192877528
13192877529
13192877536
13192877537
13192877551
13192877552
13192877559
13192877562
13192877571
13192877572
13192877576
13192877578
13192877580
13192877583
13192877590
13192877591
13192877596
13192877601
13192877606
13192877607
13192877619
13192877621
13192877625
13192877627
13192877628
13192877629
13192877630
13192877632
13192877635
13192877637
13192877639
13192877650
13192877658
13192877659
13192877660
13192877661
13192877662
13192877667
13192877668
13192877669
13192877670
13192877671
13192877672
13192877679
13192877690
13192877692
13192877702
13192877703
13192877706
13192877707
13192877716
13192877720
13192877725
13192877728
13192877730
13192877751
13192877752
13192877753
13192877760
13192877781
13192877783
13192877790
13192877791
13192877793
13192877795
13192877796
13192877798
13192877802
13192877803
13192877805
13192877807
13192877810
13192877816
13192877817
13192877821
13192877823
13192877825
13192877826
13192877827
13192877831
13192877832
13192877835
13192877836
13192877837
13192877839
13192877850
13192877851
13192877856
13192877857
13192877861
13192877862
13192877865
13192877867
13192877871
13192877875
13192877876
13192877879
13192877881
13192877882
13192877886
13192877887
13192877891
13192877898
13192877902
13192877913
13192877915
13192877926
13192877929
13192877932
13192877936
13192877938
13192877939
13192877951
13192877957
13192877981
13192877985
13192877986
13192878003
13192878007
13192878017
13192878019
13192878063
13192878067
13192878071
13192878083
13192878129
13192878131
13192878135
13192878150
13192878157
13192878159
13192878161
13192878179
13192878191
13192878196
13192878197
13192878198
13192878221
13192878239
13192878251
13192878252
13192878260
13192878263
13192878267
13192878270
13192878272
13192878275
13192878285
13192878297
13192878326
13192878327
13192878356
13192878357
13192878361
13192878391
13192878392
13192878397
13192878517
13192878557
13192878592
13192878602
13192878673
13192878675
13192878725
13192878726
13192878739
13192878760
13192878781
13192878813
13192878827
13192878837
13192878871
13192878879
13192878932
13192878937
13192878950
13192878963
13192878973
13192878978
13192878987
13192879017
13192879032
13192879053
13192879059
13192879078
13192879079
13192879097
13192879115
13192879170
13192879178
13192879253
13192879260
13192879273
13192879279
13192879312
13192879328
13192879337
13192879338
13192879350
13192879352
13192879357
13192879363
13192879370
13192879378
13192879512
13192879557
13192879565
13192879570
13192879575
13192879576
13192879582
13192879585
13192879587
13192879619
13192879627
13192879632
13192879659
13192879703
13192879720
13192879723
13192879728
13192879731
13192879751
13192879752
13192879757
13192879763
13192879768
13192879783
13192879791
13192879825
13192879827
13192879832
13192879839
13192879879
13192879887
13192879917
13192879937
13192879957
13192879982
13192879987
13192880275
13192880560
13192880752
13192883576
13192885967
13192886591
13192887306
13192890564
13192890934
13192890954
13192890964
13192891064
13192891324
13192891684
13192891694
13192891734
13192891754
13192891794
13192892174
13192892594
13192892714
13192892794
13192893054
13192893074
13192893104
13192893154
13192893174
13192893524
13192893584
13192893592
13192893604
13192893764
13192893794
13192893834
13192893894
13192894873
13192894874
13192894894
13192894901
13192894907
13192894917
13192894924
13192894927
13192894930
13192894953
13192894954
13192894956
13192894957
13192894972
13192894984
13192895034
13192895045
13192895046
13192895140
13192895141
13192895142
13192895143
13192895264
13192895324
13192895384
13192895734
13192895774
13192895791
13192895794
13192896291
13192896527
13192896894
13192896984
13192897214
13192897504
13192897734
13192897814
13192898074
13192898167
13192898504
13192898614
13192898624
13192899174
13192899734
13217512194
13217513497
13217516497
13226500973
13226501347
13226501450
13226502249
13226502317
13226504392
13226504773
13226510016
13226510046
13226510049
13226510087
13226510137
13226510146
13226510154
13226510176
13226510179
13226510184
13226510185
13226510194
13226510197
13226510217
13226510240
13226510241
13226510245
13226510246
13226510250
13226510254
13226510263
13226510264
13226510271
13226510287
13226510291
13226510294
13226510295
13226510324
13226510334
13226510337
13226510343
13226510357
13226510359
13226510369
13226510371
13226510374
13226510379
13226510392
13226510394
13226510397
13226510406
13226510430
13226510431
13226510436
13226510451
13226510457
13226510459
13226510461
13226510464
13226510469
13226510471
13226510482
13226510487
13226510494
13226510536
13226510537
13226510546
13226510547
13226510548
13226510552
13226510562
13226510564
13226510574
13226510579
13226510581
13226510585
13226510595
13226510632
13226510635
13226510640
13226510645
13226510647
13226510648
13226510652
13226510653
13226510659
13226510672
13226510697
13226510721
13226510737
13226510745
13226510758
13226510762
13226510764
13226510771
13226510783
13226510794
13226510842
13226510865
13226510872
13226510874
13226510875
13226510891
13226510941
13226510948
13226510949
13226510950
13226510954
13226510956
13226510961
13226510967
13226510973
13226510974
13226510976
13226510986
13226511029
13226511042
13226511043
13226511059
13226511071
13226511085
13226511091
13226511092
13226511094
13226511134
13226511242
13226511247
13226511254
13226511274
13226511275
13226511279
13226511346
13226511348
13226511349
13226511357
13226511358
13226511371
13226511375
13226511379
13226511396
13226511401
13226511412
13226511417
13226511451
13226511454
13226511462
13226511463
13226511474
13226511476
13226511484
13226511494
13226511495
13226511497
13226511503
13226511534
13226511573
13226511580
13226511583
13226511590
13226511609
13226511614
13226511617
13226511621
13226511634
13226511636
13226511651
13226511671
13226511676
13226511692
13226511695
13226511697
13226511704
13226511714
13226511725
13226511740
13226511741
13226511742
13226511753
13226511761
13226511783
13226511792
13226511794
13226511850
13226511857
13226511861
13226511862
13226511892
13226511914
13226511924
13226511940
13226511942
13226511952
13226511954
13226512031
13226512034
13226512045
13226512046
13226512072
13226512076
13226512087
13226512096
13226512104
13226512106
13226512132
13226512134
13226512143
13226512151
13226512154
13226512164
13226512174
13226512179
13226512184
13226512190
13226512204
13226512235
13226512237
13226512251
13226512256
13226512261
13226512279
13226512304
13226512305
13226512307
13226512317
13226512351
13226512376
13226512401
13226512403
13226512415
13226512423
13226512436
13226512460
13226512465
13226512467
13226512479
13226512481
13226512484
13226512504
13226512530
13226512534
13226512547
13226512562
13226512576
13226512580
13226512584
13226512591
13226512601
13226512614
13226512637
13226512647
13226512664
13226512674
13226512682
13226512690
13226512694
13226512697
13226512704
13226512712
13226512714
13226512726
13226512730
13226512734
13226512741
13226512746
13226512747
13226512754
13226512756
13226512776
13226512782
13226512784
13226512795
13226512797
13226512807
13226512817
13226512824
13226512825
13226512830
13226512834
13226512837
13226512840
13226512851
13226512852
13226512856
13226512864
13226512874
13226512875
13226512906
13226512907
13226512915
13226512916
13226512927
13226512934
13226512936
13226512942
13226512945
13226512948
13226512950
13226512951
13226512954
13226512962
13226512965
13226512967
13226512972
13226512973
13226512980
13226512983
13226512985
13226512987
13226513034
13226513046
13226513053
13226513065
13226513067
13226513073
13226513097
13226513132
13226513140
13226513142
13226513146
13226513147
13226513164
13226513170
13226513174
13226513175
13226513194
13226513214
13226513216
13226513227
13226513237
13226513243
13226513247
13226513249
13226513254
13226513264
13226513270
13226513271
13226513275
13226513276
13226513287
13226513296
13226513312
13226513317
13226513346
13226513354
13226513374
13226513384
13226513395
13226513406
13226513407
13226513409
13226513416
13226513419
13226513421
13226513425
13226513426
13226513427
13226513429
13226513450
13226513453
13226513454
13226513457
13226513462
13226513464
13226513483
13226513484
13226513491
13226513492
13226513494
13226513497
13226513498
13226513507
13226513514
13226513515
13226513524
13226513527
13226513541
13226513546
13226513548
13226513551
13226513552
13226513562
13226513580
13226513584
13226513594
13226513610
13226513614
13226513632
13226513637
13226513647
13226513659
13226513673
13226513674
13226513675
13226513676
13226513732
13226513741
13226513748
13226513756
13226513779
13226513782
13226513783
13226513784
13226513792
13226513801
13226513817
13226513849
13226513870
13226513871
13226513873
13226513895
13226513904
13226513920
13226513921
13226513923
13226513925
13226513931
13226513932
13226513949
13226513953
13226513957
13226513974
13226513975
13226513984
13226513997
13226514013
13226514014
13226514017
13226514026
13226514031
13226514041
13226514048
13226514057
13226514061
13226514064
13226514073
13226514094
13226514104
13226514109
13226514124
13226514132
13226514152
13226514157
13226514164
13226514180
13226514192
13226514196
13226514201
13226514202
13226514217
13226514224
13226514225
13226514229
13226514239
13226514243
13226514245
13226514257
13226514264
13226514267
13226514273
13226514287
13226514293
13226514295
13226514304
13226514314
13226514319
13226514327
13226514332
13226514347
13226514351
13226514357
13226514371
13226514374
13226514382
13226514387
13226514394
13226514395
13226514503
13226514507
13226514512
13226514534
13226514547
13226514562
13226514571
13226514581
13226514584
13226514591
13226514602
13226514607
13226514615
13226514624
13226514629
13226514637
13226514642
13226514647
13226514648
13226514652
13226514658
13226514669
13226514679
13226514684
13226514685
13226514694
13226514695
13226514703
13226514706
13226514708
13226514713
13226514723
13226514725
13226514726
13226514727
13226514731
13226514735
13226514736
13226514737
13226514743
13226514751
13226514754
13226514757
13226514781
13226514782
13226514793
13226514804
13226514823
13226514826
13226514830
13226514834
13226514837
13226514841
13226514842
13226514847
13226514854
13226514856
13226514857
13226514865
13226514867
13226514870
13226514873
13226514890
13226514892
13226514894
13226514895
13226514897
13226514902
13226514906
13226514921
13226514924
13226514927
13226514930
13226514931
13226514934
13226514936
13226514937
13226514948
13226514951
13226514954
13226514974
13226514984
13226514990
13226514992
13226514993
13226515032
13226515034
13226515036
13226515042
13226515061
13226515064
13226515067
13226515073
13226515081
13226515082
13226515087
13226515092
13226515142
13226515148
13226515170
13226515173
13226515213
13226515216
13226515239
13226515240
13226515248
13226515254
13226515257
13226515261
13226515262
13226515272
13226515309
13226515312
13226515325
13226515334
13226515342
13226515343
13226515347
13226515354
13226515356
13226515357
13226515362
13226515364
13226515369
13226515370
13226515373
13226515381
13226515403
13226515404
13226515405
13226515407
13226515412
13226515423
13226515427
13226515431
13226515432
13226515436
13226515480
13226515492
13226515493
13226515495
13226515501
13226515541
13226515570
13226515591
13226515621
13226515632
13226515641
13226515646
13226515650
13226515653
13226515664
13226515672
13226515681
13226515691
13226515719
13226515752
13226515754
13226515762
13226515774
13226515787
13226515790
13226515797
13226515814
13226515829
13226515834
13226515837
13226515845
13226515846
13226515854
13226515864
13226515871
13226515876
13226515893
13226515895
13226515897
13226515902
13226515904
13226515912
13226515914
13226515923
13226515927
13226515935
13226515945
13226515946
13226515947
13226515964
13226515973
13226515981
13226515982
13226515984
13226516051
13226516052
13226516053
13226516054
13226516092
13226516094
13226516096
13226516101
13226516121
13226516127
13226516135
13226516143
13226516151
13226516152
13226516154
13226516159
13226516174
13226516184
13226516197
13226516201
13226516204
13226516217
13226516230
13226516231
13226516245
13226516247
13226516253
13226516264
13226516304
13226516310
13226516324
13226516349
13226516350
13226516357
13226516364
13226516365
13226516367
13226516371
13226516391
13226516401
13226516403
13226516424
13226516426
13226516430
13226516431
13226516432
13226516451
13226516457
13226516458
13226516471
13226516472
13226516481
13226516487
13226516492
13226516503
13226516513
13226516526
13226516530
13226516532
13226516535
13226516541
13226516557
13226516562
13226516563
13226516572
13226516590
13226516592
13226516593
13226516594
13226516607
13226516634
13226516642
13226516649
13226516650
13226516703
13226516707
13226516712
13226516717
13226516719
13226516720
13226516721
13226516724
13226516734
13226516735
13226516739
13226516740
13226516742
13226516743
13226516745
13226516761
13226516781
13226516784
13226516792
13226516793
13226516801
13226516802
13226516820
13226516827
13226516843
13226516846
13226516852
13226516879
13226516897
13226516904
13226516912
13226516913
13226516914
13226516924
13226516930
13226516934
13226516937
13226516945
13226516951
13226516953
13226516971
13226516982
13226516992
13226516997
13226517014
13226517015
13226517023
13226517030
13226517032
13226517046
13226517052
13226517059
13226517067
13226517069
13226517071
13226517084
13226517101
13226517109
13226517121
13226517124
13226517125
13226517127
13226517136
13226517145
13226517147
13226517148
13226517151
13226517152
13226517157
13226517169
13226517173
13226517187
13226517214
13226517215
13226517219
13226517245
13226517254
13226517264
13226517286
13226517290
13226517291
13226517294
13226517310
13226517320
13226517324
13226517352
13226517370
13226517372
13226517376
13226517379
13226517380
13226517381
13226517387
13226517394
13226517395
13226517397
13226517401
13226517412
13226517416
13226517420
13226517431
13226517434
13226517435
13226517436
13226517437
13226517453
13226517457
13226517462
13226517473
13226517475
13226517479
13226517486
13226517490
13226517492
13226517493
13226517494
13226517495
13226517497
13226517502
13226517509
13226517512
13226517515
13226517527
13226517529
13226517531
13226517534
13226517537
13226517545
13226517549
13226517557
13226517571
13226517574
13226517582
13226517584
13226517585
13226517594
13226517595
13226517607
13226517612
13226517654
13226517659
13226517662
13226517670
13226517679
13226517684
13226517685
13226517687
13226517691
13226517695
13226517713
13226517720
13226517726
13226517729
13226517734
13226517735
13226517741
13226517748
13226517754
13226517759
13226517783
13226517792
13226517806
13226517807
13226517813
13226517842
13226517846
13226517851
13226517853
13226517859
13226517865
13226517870
13226517873
13226517884
13226517901
13226517903
13226517904
13226517905
13226517914
13226517939
13226517946
13226517950
13226517953
13226517972
13226517981
13226517984
13226517991
13226517994
13226518010
13226518013
13226518014
13226518017
13226518031
13226518037
13226518041
13226518049
13226518052
13226518064
13226518065
13226518071
13226518075
13226518103
13226518134
13226518143
13226518160
13226518170
13226518173
13226518174
13226518194
13226518195
13226518204
13226518209
13226518214
13226518216
13226518219
13226518227
13226518234
13226518235
13226518237
13226518241
13226518242
13226518249
13226518250
13226518280
13226518284
13226518287
13226518301
13226518314
13226518329
13226518337
13226518341
13226518347
13226518351
13226518362
13226518374
13226518380
13226518391
13226518404
13226518414
13226518417
13226518421
13226518423
13226518424
13226518437
13226518439
13226518451
13226518452
13226518457
13226518459
13226518461
13226518464
13226518467
13226518476
13226518485
13226518494
13226518515
13226518524
13226518532
13226518541
13226518546
13226518551
13226518561
13226518562
13226518570
13226518579
13226518584
13226518609
13226518612
13226518614
13226518617
13226518621
13226518624
13226518627
13226518635
13226518643
13226518645
13226518646
13226518647
13226518659
13226518670
13226518672
13226518673
13226518675
13226518681
13226518695
13226518696
13226518703
13226518707
13226518717
13226518727
13226518729
13226518730
13226518734
13226518735
13226518746
13226518756
13226518764
13226518767
13226518779
13226518791
13226518835
13226518837
13226518894
13226518907
13226518914
13226518916
13226518917
13226518971
13226518972
13226518982
13226519013
13226519017
13226519031
13226519032
13226519046
13226519051
13226519061
13226519064
13226519065
13226519074
13226519075
13226519076
13226519096
13226519104
13226519105
13226519147
13226519173
13226519184
13226519196
13226519201
13226519214
13226519235
13226519241
13226519245
13226519249
13226519252
13226519257
13226519261
13226519262
13226519265
13226519267
13226519273
13226519274
13226519312
13226519316
13226519327
13226519335
13226519349
13226519352
13226519364
13226519372
13226519384
13226519403
13226519407
13226519409
13226519423
13226519424
13226519425
13226519427
13226519434
13226519435
13226519437
13226519438
13226519451
13226519457
13226519461
13226519462
13226519472
13226519474
13226519475
13226519484
13226519493
13226519502
13226519504
13226519507
13226519509
13226519514
13226519521
13226519524
13226519532
13226519535
13226519539
13226519541
13226519542
13226519546
13226519548
13226519562
13226519563
13226519572
13226519573
13226519576
13226519587
13226519593
13226519603
13226519605
13226519615
13226519621
13226519625
13226519631
13226519635
13226519647
13226519653
13226519665
13226519694
13226519701
13226519707
13226519709
13226519710
13226519736
13226519737
13226519743
13226519745
13226519754
13226519761
13226519764
13226519769
13226519784
13226519790
13226519807
13226519810
13226519814
13226519837
13226519840
13226519842
13226519857
13226519863
13226519864
13226519865
13226519884
13226519892
13226519907
13226519921
13226519934
13226519949
13226519953
13226519971
13226519972
13226519973
13226520146
13226520410
13226520427
13226520437
13226520541
13226520643
13226520734
13226520749
13226520784
13226521041
13226521142
13226521264
13226521420
13226521472
13226521484
13226521495
13226521504
13226521524
13226521534
13226521542
13226521634
13226521745
13226522645
13226522764
13226523054
13226523414
13226523416
13226523420
13226523432
13226523461
13226523514
13226523740
13226523743
13226524043
13226524059
13226524124
13226524147
13226524210
13226524251
13226524291
13226524307
13226524371
13226524375
13226524384
13226524436
13226524439
13226524621
13226524672
13226524705
13226524707
13226524845
13226524917
13226524953
13226525634
13226525716
13226525734
13226525743
13226525747
13226525754
13226525784
13226525941
13226526075
13226526197
13226526379
13226526431
13226526440
13226526473
13226526474
13226526710
13226526724
13226526914
13226526937
13226526973
13226527671
13226528521
13226528871
13226528967
13226529372
13226529615
13226530371
13226535197
13226538673
13229361872
13229365107
13229375514
13229375534
13229375562
13229375571
13229375572
13229375601
13229375623
13229375634
13229375641
13229375647
13229375657
13229375664
13229375671
13229375673
13229375684
13229375691
13229375709
13229375713
13229375734
13229375746
13229375760
13229375763
13229375776
13229375807
13229375810
13229375816
13229375817
13229375826
13229375834
13229375837
13229375842
13229375846
13229375851
13229375852
13229375874
13229375906
13229375910
13229375912
13229375916
13229375924
13229375926
13229375927
13229375934
13229375935
13229375941
13229375942
13229375946
13229375952
13229375956
13229375960
13229375962
13229375964
13229375983
13229375992
13229376010
13229376017
13229376020
13229376027
13229376037
13229376040
13229376041
13229376043
13229376046
13229376051
13229376052
13229376054
13229376057
13229376067
13229376072
13229376074
13229376087
13229376092
13229376094
13229376114
13229376117
13229376120
13229376135
13229376139
13229376140
13229376141
13229376146
13229376147
13229376150
13229376152
13229376154
13229376157
13229376164
13229376171
13229376172
13229376179
13229376184
13229376189
13229376190
13229376191
13229376194
13229376201
13229376214
13229376219
13229376231
13229376234
13229376237
13229376241
13229376249
13229376250
13229376252
13229376254
13229376264
13229376271
13229376272
13229376276
13229376284
13229376287
13229376294
13229376297
13229376320
13229376325
13229376327
13229376345
13229376346
13229376352
13229376354
13229376373
13229376374
13229376382
13229376384
13229376394
13229376401
13229376402
13229376404
13229376419
13229376431
13229376437
13229376450
13229376452
13229376454
13229376458
13229376461
13229376482
13229376492
13229376495
13229376512
13229376517
13229376521
13229376526
13229376536
13229376537
13229376541
13229376546
13229376548
13229376554
13229376571
13229376581
13229376586
13229376590
13229376592
13229376593
13229376594
13229376595
13229376596
13229376597
13229376601
13229376604
13229376642
13229376692
13229376697
13229376704
13229376724
13229376727
13229376730
13229376735
13229376737
13229376743
13229376759
13229376762
13229376794
13229376805
13229376807
13229376824
13229376830
13229376842
13229376850
13229376854
13229376897
13229376901
13229376910
13229376914
13229376915
13229376916
13229376937
13229376940
13229376941
13229376962
13229376971
13229377014
13229377025
13229377046
13229377049
13229377061
13229377063
13229377064
13229377084
13229377094
13229377095
13229377096
13229377102
13229377125
13229377130
13229377135
13229377148
13229377150
13229377159
13229377162
13229377174
13229377184
13229377185
13229379064
13232050154
13232052451
13232052514
13232053274
13232055391
13232058264
13232080340
13232080437
13232080457
13232080475
13232081247
13232081341
13232081450
13232081542
13232081751
13232081940
13232082046
13232082451
13232082495
13232082541
13232082645
13232082741
13232082943
13232082956
13232083167
13232083243
13232083412
13232083427
13232083467
13232083471
13232083491
13232083684
13232083704
13232083740
13232083754
13232084025
13232084504
13232089745
13242504164
13242505232
13242510547
13242510592
13242510680
13242511489
13242512473
13242512586
13242512681
13242513730
13242514160
13242514405
13242514790
13242515364
13242515421
13242515572
13242515729
13242516465
13242516814
13242516923
13242517491
13242518214
13242519534
13242519715
13242520437
13242522107
13242523496
13242531072
13242532076
13242532302
13242532734
13242532973
13242537039
13242537464
13242537921
13242538397
13242538424
13242538745
13242539104
13242539483
13242539841
13242546241
13242549654
13288120043
13288120057
13288120073
13288120104
13288120141
13288120146
13288120151
13288120165
13288120172
13288120174
13288120185
13288120197
13288120217
13288120243
13288120249
13288120267
13288120287
13288120296
13288120297
13288120307
13288120324
13288120341
13288120347
13288120352
13288120356
13288120376
13288120390
13288120395
13288120410
13288120416
13288120417
13288120459
13288120462
13288120470
13288120471
13288120473
13288120476
13288120481
13288120484
13288120491
13288120495
15622571247
15622571347
15622571427
15622571497
15622572047
15622573127
15622573147
15622573437
15622574017
15622574167
15622574287
15622574607
15622574817
15622574907
15622574947
15622575924
15622576079
15622576259
15622576284
15622576374
15622576432
15622576494
15622576604
15622576641
15622576724
15622576741
15622576794
15622576807
15622576904
15622576921
15622576951
15622577034
15622577036
15622577046
15622577052
15622577092
15622577132
15622577152
15622577192
15622577214
15622577261
15622577301
15622577304
15622577374
15622577432
15622577471
15622577531
15622577672
15622577854
15622577931
15622577964
15622578064
15622578091
15622578290
15622578370
15622578453
15622578486
15622578534
15622578602
15622578643
15622578664
15622578674
15622578690
15622578704
15622578715
15622578741
15622578751
15622578764
15622578802
15622578870
15622578975
15622579024
15622579047
15622579072
15622579143
15622579240
15622579243
15622579301
15622579314
15622579376
15622579394
15622579401
15622579465
15622579524
15622579543
15622579547
15622579570
15622579634
15622579646
15622579654
15622579729
15622579730
15622579742
15622579841
15622579872
15622579875
15622579940
16607519573
16607519647
16607519736
16607519741
16607519814
16675101354
16675101854
16675104532
16675104537
16675104643
16675105631
16675108372
16698120084
16698120134
16698120249
16698120254
16698120275
16698120347
16698120403
16698120409
16698120417
16698120437
16698120495
16698120542
16698120664
16698120973
16698121109
16698121149
16698121195
16698121367
16698121437
16698121527
16698121534
16698121547
16698121645
16698121737
16698122431
16698122464
16698122514
16698122946
16698123240
16698123274
16698123802
16698123805
16698124037
16698124107
16698124152
16698124180
16698124235
16698124291
16698124304
16698124542
16698124631
16698124653
16698124763
16698124985
16698125024
16698125221
16698125227
16698125396
16698125414
16698125415
16698125721
16698126175
16698126184
16698126346
16698126397
16698126451
16698126571
16698126743
16698127148
16698127165
16698127240
16698127243
16698127630
16698127647
16698128344
16698128429
16698128459
16698128749
16698150043
16698150049
16698150094
16698150104
16698150147
16698150164
16698150174
16698150184
16698150194
16698150229
16698150240
16698150246
16698150248
16698150294
16698150340
16698150342
16698150349
16698150354
16698150384
16698150394
16698150414
16698150417
16698150426
16698150428
16698150434
16698150436
16698150437
16698150440
16698150451
16698150453
16698150461
16698150462
16698150465
16698150470
16698150471
16698150472
16698150473
16698150474
16698150475
16698150481
16698150483
16698150484
16698150493
16698150514
16698150534
16698150540
16698150541
16698150594
16698150640
16698150643
16698150654
16698150684
16698150694
16698150734
16698150735
16698150740
16698150741
16698150754
16698150764
16698150834
16698150841
16698150843
16698150934
16698150940
16698150954
16698150976
16698150984
16698151047
16698151064
16698151146
16698151241
16698151247
16698151264
16698151324
16698151340
16698151349
16698151374
16698151404
16698151425
16698151426
16698151427
16698151430
16698151431
16698151434
16698151450
16698151459
16698151461
16698151463
16698151464
16698151467
16698151473
16698151476
16698151491
16698151492
16698151495
16698151540
16698151624
16698151640
16698151647
16698151674
16698151724
16698151734
16698151741
16698151743
16698151745
16698151764
16698151784
16698151794
16698151840
16698151845
16698151864
16698151940
16698151942
16698151944
16698151946
16698151947
16698151954
16698151964
16698152034
16698152042
16698152043
16698152046
16698152047
16698152054
16698152104
16698152147
16698152149
16698152164
16698152174
16698152184
16698152324
16698152364
16698152394
16698152401
16698152403
16698152408
16698152409
16698152415
16698152421
16698152427
16698152429
16698152439
16698152441
16698152449
16698152452
16698152453
16698152457
16698152467
16698152472
16698152473
16698152475
16698152485
16698152491
16698152497
16698152514
16698152534
16698152540
16698152541
16698152544
16698152546
16698152584
16698152640
16698152644
16698152647
16698152674
16698152684
16698152694
16698152704
16698152734
16698152740
16698152742
16698152745
16698152747
16698152749
16698152784
16698152814
16698152844
16698152849
16698152854
16698152864
16698152894
16698152914
16698152934
16698152940
16698152943
16698152964
16698153041
16698153042
16698153043
16698153046
16698153074
16698153124
16698153145
16698153146
16698153164
16698153214
16698153240
16698153245
16698153246
16698153247
16698153274
16698153284
16698153357
16698153404
16698153410
16698153412
16698153413
16698153414
16698153419
16698153421
16698153424
16698153425
16698153426
16698153430
16698153441
16698153442
16698153446
16698153462
16698153463
16698153467
16698153470
16698153473
16698153479
16698153485
16698153487
16698153492
16698153494
16698153514
16698153542
16698153546
16698153547
16698153549
16698153564
16698153594
16698153614
16698153634
16698153641
16698153642
16698153643
16698153654
16698153674
16698153684
16698153704
16698153740
16698153741
16698153746
16698153764
16698153784
16698153794
16698153854
16698153874
16698153894
16698153904
16698153924
16698153941
16698153942
16698153984
16698154001
16698154010
16698154014
16698154016
16698154017
16698154024
16698154025
16698154027
16698154034
16698154041
16698154044
16698154045
16698154046
16698154047
16698154051
16698154056
16698154058
16698154064
16698154065
16698154072
16698154074
16698154075
16698154076
16698154084
16698154085
16698154086
16698154087
16698154089
16698154094
16698154096
16698154101
16698154104
16698154105
16698154107
16698154109
16698154124
16698154125
16698154134
16698154136
16698154137
16698154139
16698154142
16698154149
16698154157
16698154159
16698154165
16698154167
16698154171
16698154174
16698154176
16698154179
16698154181
16698154190
16698154192
16698154197
16698154203
16698154204
16698154205
16698154207
16698154227
16698154237
16698154240
16698154241
16698154244
16698154252
16698154254
16698154256
16698154264
16698154267
16698154273
16698154274
16698154284
16698154289
16698154295
16698154302
16698154304
16698154319
16698154349
16698154356
16698154357
16698154361
16698154364
16698154367
16698154370
16698154372
16698154374
16698154375
16698154390
16698154391
16698154392
16698154415
16698154418
16698154421
16698154431
16698154449
16698154463
16698154465
16698154470
16698154471
16698154482
16698154487
16698154495
16698154504
16698154507
16698154513
16698154517
16698154519
16698154527
16698154534
16698154536
16698154537
16698154561
16698154574
16698154579
16698154584
16698154587
16698154590
16698154601
16698154603
16698154604
16698154615
16698154623
16698154624
16698154630
16698154634
16698154640
16698154642
16698154645
16698154647
16698154670
16698154671
16698154692
16698154702
16698154705
16698154714
16698154716
16698154724
16698154726
16698154731
16698154732
16698154739
16698154741
16698154742
16698154745
16698154749
16698154750
16698154751
16698154752
16698154753
16698154762
16698154770
16698154780
16698154781
16698154784
16698154787
16698154790
16698154792
16698154797
16698154807
16698154813
16698154824
16698154825
16698154837
16698154841
16698154843
16698154847
16698154851
16698154854
16698154860
16698154861
16698154862
16698154870
16698154872
16698154873
16698154874
16698154879
16698154897
16698154901
16698154902
16698154912
16698154915
16698154924
16698154926
16698154931
16698154935
16698154945
16698154946
16698154947
16698154951
16698154961
16698154964
16698154972
16698154973
16698155034
16698155041
16698155043
16698155045
16698155049
16698155064
16698155074
16698155084
16698155142
16698155143
16698155147
16698155182
16698155184
16698155242
16698155247
16698155254
16698155264
16698155295
16698155304
16698155324
16698155341
16698155374
16698155404
16698155410
16698155413
16698155424
16698155425
16698155437
16698155449
16698155474
16698155475
16698155482
16698155484
16698155485
16698155642
16698155645
16698155648
16698155714
16698155741
16698155742
16698155743
16698155747
16698155764
16698155824
16698155841
16698155842
16698155843
16698155854
16698155871
16698155874
16698155914
16698155924
16698156034
16698156041
16698156044
16698156045
16698156047
16698156054
16698156074
16698156094
17607510142
17607510341
17607510374
17607510457
17607510463
17607510473
17607510476
17607510563
17607510854
17607510946
17607511461
17607511491
17607511694
17607511804
17607511843
17607512047
17607512402
17607512470
17607512596
17607512643
17607512691
17607512746
17607512754
17607512874
17607512940
17607512971
17607513246
17607513401
17607513491
17607513507
17607513564
17607513604
17607513647
17607513742
17607513754
17607513845
17607513914
17607513946
17607513947
17607514091
17607514094
17607514097
17607514132
17607514179
17607514192
17607514237
17607514254
17607514372
17607514501
17607514532
17607514573
17607514630
17607514637
17607514639
17607514642
17607514672
17607514767
17607514781
17607514905
17607514957
17607514962
17607514970
17607514974
17607515241
17607515249
17607515294
17607515304
17607515317
17607515473
17607515483
17607515489
17607515621
17607515697
17607515748
17607515834
17607516034
17607516134
17607516224
17607516247
17607516409
17607516473
17607516514
17607516724
17607516843
17607516924
17607516935
17607517024
17607517049
17607517242
17607517324
17607517534
17607517645
17607517864
17607517943
17607518043
17607518231
17607518274
17607518347
17607518349
17607518354
17607518362
17607518436
17607518464
17607518491
17607518492
17607518504
17607518542
17607518643
17607518647
17607518724
17607518739
17607518942
17607518953
17607519357
17607519364
17607519371
17607519413
17607519473
17607519534
17607519734
17607519754
17607519804
18507517097
18675112450
18675112834
18675113154
18675113704
18675114092
18675114670
18675114942
18675117064
18675117343
18675140941
18675140974
18675141071
18675141074
18675141252
18675141602
18675141674
18675142134
18675142372
18675142587
18675142654
18675143194
18675143227
18675143540
18675143614
18675143624
18675143627
18675143644
18675143674
18675143773
18675143792
18675144241
18675144267
18675144391
18675145062
18675145114
18675145297
18675145312
18675145374
18675145690
18675145719
18675145734
18675145874
18675145984
18675146256
18675146282
18675146307
18675146574
18675146974
18675147202
18675148425
18675148447
18675148604
18675149097
18675149324
72353083468