13005381506
13005383062
13005389152
13005389501
13005390221
13005390676
13005391251
13005395327
13005396190
13005396235
13005396930
13005397359
13005397602
13005397730
13025380140
13025380142
13025380349
13025380351
13025380371
13025380412
13025380430
13025380431
13025380432
13025380453
13025380479
13025380482
13025380537
13025380549
13025380745
13025380872
13025380967
13025381042
13025381049
13025381061
13025381149
13025381246
13025381346
13025381403
13025381498
13025381642
13025381749
13025381793
13025381846
13025382053
13025382137
13025382140
13025382142
13025382301
13025382351
13025382473
13025382476
13025382487
13025382546
13025382760
13025382795
13025382865
13025383047
13025383412
13025383437
13025383442
13025383460
13025383472
13025383541
13025383947
13025384010
13025384016
13025384037
13025384069
13025384073
13025384149
13025384167
13025384187
13025384245
13025384275
13025384427
13025384523
13025384583
13025384643
13025384650
13025384692
13025384705
13025384707
13025384741
13025384851
13025385127
13025385150
13025385346
13025385376
13025385410
13025385435
13025385471
13025385492
13025385540
13025385702
13025385746
13025385827
13025386046
13025386057
13025386117
13025386153
13025386237
13025386895
13025387042
13025387207
13025387312
13025387341
13025387413
13025387436
13025387470
13025387517
13025387549
13025387740
13025387742
13025388149
13025388157
13025388439
13025388475
13025388642
13025388645
13025388735
13025388743
13025389179
13025389245
13025389247
13025389605
13025389657
13025389690
13025390276
13025390459
13025390643
13025391246
13025391251
13025391353
13025391430
13025391503
13025391531
13025391562
13025391651
13025391735
13025391749
13025391948
13025391957
13025392320
13025392419
13025392437
13025392457
13025392473
13025392475
13025392497
13025392897
13025392941
13025393045
13025393172
13025393297
13025393417
13025393617
13025394045
13025394096
13025394153
13025394157
13025394262
13025394313
13025394351
13025394427
13025394507
13025394516
13025394570
13025394620
13025394639
13025394645
13025394735
13025394840
13025394897
13025394905
13025394932
13025395071
13025395101
13025395125
13025395290
13025395372
13025395397
13025395437
13025395462
13025395475
13025395817
13025395943
13025396040
13025396049
13025396241
13025396247
13025396257
13025396426
13025396429
13025396487
13025396559
13025396742
13025396747
13025396905
13025396971
13025397120
13025397149
13025397206
13025397251
13025397462
13025397649
13025397961
13025397965
13025398453
13025398759
13025398927
13025398945
13025399045
13025399073
13025399145
13025399148
13025399165
13025399263
13025399431
13025399435
13025399461
13025399467
13025399472
13025399570
13025399643
13025399690
13025399721
13030270460
13030270843
13030271270
13030271351
13030272040
13030272937
13030272942
13030273413
13030274109
13030274160
13030274871
13030274913
13030275449
13049200154
13049200464
13049200574
13049200764
13049200894
13049201254
13049201374
13049201564
13049201594
13049201764
13049201864
13049202504
13049202674
13049202854
13049202954
13049203084
13049203204
13049203404
13049203564
13049203714
13049203734
13049203804
13049203934
13049204084
13049204174
13049204474
13049205694
13049205964
13049206024
13049206124
13049206194
13049206324
13049206354
13049206364
13049206434
13049206564
13049206904
13049206924
13049207064
13049207134
13049207284
13049207454
13049207534
13049207584
13049207694
13049207954
13049208214
13049208524
13049208564
13049208574
13049208724
13049208774
13049208954
13049209034
13049210604
13049210994
13049211164
13049211214
13049211394
13049211434
13049211584
13049211764
13049211914
13049212614
13049212714
13049212794
13049212824
13049212954
13049213484
13049213494
13049213574
13049213684
13049213824
13049213974
13049213994
13049214024
13049214074
13049214324
13049214454
13049214664
13049214734
13049214894
13049215164
13049215194
13049215534
13049215734
13049215864
13049215894
13049215954
13049216084
13049216094
13049216264
13049216394
13049216404
13049216924
13049217104
13049217154
13049217284
13049217394
13049217584
13049217904
13049218014
13049218284
13049218504
13049218604
13049218804
13049219024
13049219294
13049219734
13049219794
13049219814
13049219864
13049220764
13049221653
13049221667
13049221694
13049221754
13049221806
13049221826
13049221845
13049221875
13049222754
13049223064
13049223070
13049223154
13049223191
13049223264
13049223478
13049223497
13049223594
13049224134
13049224174
13049224460
13049224509
13049224528
13049224550
13049224560
13049224597
13049224604
13049224741
13049224854
13049224875
13049224896
13049224915
13049224927
13049224965
13049224967
13049225054
13049225059
13049225076
13049225084
13049225134
13049225174
13049225346
13049225491
13049225783
13049225954
13049226114
13049226294
13049226634
13049227154
13049227374
13049227454
13049227484
13049227554
13049227594
13049227614
13049227634
13049228504
13049228764
13049229504
13049229574
13049229624
13049229734
13049229754
13059300942
13059302757
13059305741
13059307041
13059308009
13059308495
13059309149
13059309172
13059309310
13059309416
13059340124
13059340154
13059340274
13059340294
13077500643
13077501057
13077501427
13077501679
13077502426
13077502459
13077502651
13077502695
13077502837
13077502949
13077502952
13077503047
13077503275
13077503429
13077503641
13077503740
13077504273
13077504536
13077504671
13077504683
13077504697
13077505716
13077506142
13077506245
13077506371
13077506556
13077506725
13077507845
13077508412
13077508427
13077508547
13077509167
13077509375
13077509642
13077509737
13077510242
13077510271
13077510496
13077510540
13077510673
13077510742
13077510749
13077511036
13077511435
13077511632
13077511762
13077512241
13077512671
13077512847
13077512876
13077513706
13077513842
13077513945
13077514057
13077514107
13077514329
13077514350
13077514368
13077514372
13077514385
13077514395
13077514461
13077514697
13077514752
13077514760
13077514790
13077514792
13077514801
13077514815
13077514835
13077514847
13077514875
13077514891
13077514915
13077514925
13077514941
13077514972
13077515045
13077515742
13077515843
13077515942
13077516053
13077516092
13077516341
13077516361
13077516395
13077516420
13077516426
13077516439
13077516451
13077516752
13077516943
13077516975
13077517401
13077517459
13077517463
13077517479
13077517540
13077517549
13077517642
13077517653
13077517847
13077517907
13077517942
13077518135
13077518179
13077518291
13077518415
13077518452
13077518457
13077518491
13077518517
13077518640
13077518643
13077518647
13077518732
13077518746
13077519161
13077519167
13077519248
13077519307
13077519343
13077519347
13077519349
13077519372
13077519454
13077519465
13077519475
13077519546
13077520943
13077521601
13077521674
13077521943
13077522359
13077522940
13077522975
13077523014
13077523091
13077523173
13077523219
13077523241
13077523429
13077523483
13077523541
13077523591
13077523642
13077523647
13077523720
13077523741
13077523742
13077523792
13077523846
13077523947
13077523961
13077524045
13077524053
13077524061
13077524067
13077524079
13077524102
13077524129
13077524163
13077525135
13077525497
13077525641
13077525695
13077525741
13077525764
13077525946
13077525976
13077526241
13077526243
13077526374
13077526524
13077527097
13077527251
13077527641
13077527854
13077528094
13077528114
13077528149
13077528254
13077528324
13077528384
13077528541
13077528542
13077528954
13077529057
13077529146
13077529243
13077529247
13077529324
13077529534
13077529584
13077529604
13077529637
13077529784
13077529834
13077529864
13077530257
13077530437
13077530439
13077530479
13077530493
13077530645
13077530695
13077530856
13077530934
13077531046
13077531184
13077531242
13077531312
13077531329
13077531432
13077531447
13077531549
13077531673
13077531690
13077531691
13077532003
13077532092
13077532107
13077532173
13077532305
13077532319
13077532359
13077532541
13077532637
13077532942
13077533297
13077533401
13077533457
13077533459
13077533479
13077533495
13077533506
13077533645
13077533749
13077533841
13077534025
13077534049
13077534102
13077534105
13077534239
13077535146
13077535216
13077535413
13077535546
13077535845
13077535861
13077535941
13077535943
13077536051
13077536153
13077536197
13077536245
13077536347
13077536406
13077536495
13077536824
13077536849
13077536889
13077536945
13077536947
13077536975
13077537141
13077537284
13077537315
13077537384
13077537393
13077537419
13077537429
13077537441
13077537504
13077537842
13077537845
13077537847
13077537849
13077538145
13077538169
13077538197
13077538341
13077538402
13077538651
13077538745
13077539064
13077539107
13077539343
13077539346
13077539354
13077539497
13077539746
13077539752
13077539783
13077541794
13077541954
13077542154
13077542374
13077542874
13077542914
13077542964
13077543074
13077543184
13077543814
13077543864
13077543914
13077546034
13077546104
13077546174
13077546194
13077546404
13077546914
13077546974
13077547584
13077548254
13077548364
13077548524
13077548974
13077548984
13077549064
13077549564
13077549704
13077549714
13104800476
13104800493
13104800642
13104800659
13104800743
13104800867
13104800940
13104800986
13104801037
13104801169
13104801430
13104801436
13104801437
13104801446
13104801452
13104801501
13104801576
13104801595
13104801602
13104801625
13104801648
13104801763
13104801950
13104802102
13104802140
13104802176
13104802179
13104802241
13104802415
13104802446
13104802452
13104802490
13104802702
13104804105
13104804106
13104804109
13104804127
13104804205
13104804261
13104804270
13104804285
13104804349
13104804356
13104804360
13104804373
13104804394
13104804398
13104804417
13104804450
13104804469
13104804473
13104804475
13104804501
13104804551
13104804584
13104804654
13104804687
13104804702
13104804712
13104804721
13104804834
13104804994
13104805023
13104805116
13104805127
13104805182
13104805215
13104805242
13104805291
13104805367
13104805371
13104805376
13104805393
13104805421
13104805424
13104805440
13104805476
13104805514
13104805529
13104805594
13104805689
13104805695
13104805714
13104805764
13104805836
13104805947
13104806075
13104806152
13104806153
13104806185
13104806235
13104806252
13104806292
13104806397
13104806410
13104806435
13104806439
13104806561
13104806587
13104806654
13104806674
13104806734
13104806745
13104806764
13104806804
13104806943
13104806962
13104806972
13104807042
13104807194
13104807284
13104807544
13104807650
13104807994
13104808174
13104808394
13104808605
13104808607
13104808654
13104808694
13104808954
13104809016
13104809203
13104809353
13104809434
13104809435
13104809465
13104809476
13104809597
13104809614
13104809626
13104809634
13104809664
13104809714
13104809742
13104809756
13104809776
13104810291
13104810329
13104810349
13104810371
13104810372
13104810474
13104810484
13104810531
13104810537
13104810546
13104810554
13104810562
13104810569
13104810574
13104810615
13104810631
13104810643
13104810657
13104810667
13104810714
13104810779
13104810785
13104810795
13104810796
13104810814
13104810876
13104810934
13104810944
13104810951
13104811029
13104811062
13104811072
13104811284
13104811297
13104811342
13104811343
13104811346
13104811359
13104811419
13104811421
13104811425
13104811426
13104811457
13104811480
13104811492
13104811539
13104811546
13104811571
13104811575
13104811595
13104811619
13104811637
13104811701
13104811702
13104811791
13104811832
13104811842
13104811847
13104811867
13104811871
13104811945
13104812034
13104812064
13104812094
13104812171
13104812189
13104812192
13104812241
13104812370
13104812376
13104812384
13104812408
13104812441
13104812460
13104812489
13104812490
13104812501
13104812510
13104812541
13104812630
13104812631
13104812657
13104812692
13104812709
13104812745
13104812752
13104812758
13104812762
13104812786
13104812796
13104812874
13104812894
13104812905
13104812934
13104812994
13104813031
13104813043
13104813045
13104813051
13104813075
13104813094
13104813096
13104813102
13104813150
13104813247
13104813254
13104813274
13104813312
13104813319
13104813404
13104813405
13104813406
13104813417
13104813427
13104813437
13104813451
13104813453
13104813461
13104813470
13104813487
13104813574
13104813674
13104813676
13104813697
13104813703
13104813723
13104813761
13104813765
13104813791
13104813824
13104813846
13104813852
13104813956
13104813960
13104813964
13104813974
13104814021
13104814026
13104814039
13104814051
13104814053
13104814064
13104814065
13104814069
13104814070
13104814079
13104814092
13104814103
13104814126
13104814129
13104814132
13104814136
13104814139
13104814162
13104814165
13104814167
13104814175
13104814187
13104814189
13104814194
13104814240
13104814241
13104814245
13104814291
13104814294
13104814346
13104814347
13104814359
13104814361
13104814373
13104814375
13104814393
13104814420
13104814425
13104814453
13104814471
13104814472
13104814480
13104814485
13104814509
13104814513
13104814530
13104814536
13104814552
13104814576
13104814582
13104814589
13104814594
13104814601
13104814645
13104814652
13104814729
13104814764
13104814775
13104814787
13104814795
13104814819
13104814827
13104814834
13104814870
13104814890
13104814903
13104814932
13104814936
13104814940
13104814946
13104814975
13104814983
13104815017
13104815029
13104815074
13104815240
13104815241
13104815250
13104815273
13104815285
13104815313
13104815325
13104815392
13104815393
13104815403
13104815409
13104815414
13104815438
13104815491
13104815584
13104815624
13104815674
13104815752
13104815783
13104815784
13104815785
13104815940
13104815942
13104815943
13104815961
13104816031
13104816071
13104816141
13104816230
13104816241
13104816269
13104816274
13104816342
13104816354
13104816429
13104816461
13104816476
13104816540
13104816548
13104816570
13104816641
13104816659
13104816732
13104816735
13104816739
13104816747
13104816752
13104816781
13104816824
13104816829
13104816846
13104816864
13104816914
13104816917
13104816942
13104816952
13104816960
13104817064
13104817251
13104817252
13104817271
13104817279
13104817307
13104817310
13104817324
13104817363
13104817435
13104817443
13104817461
13104817463
13104817479
13104817482
13104817490
13104817491
13104817495
13104817501
13104817503
13104817542
13104817543
13104817563
13104817574
13104817594
13104817614
13104817758
13104817817
13104817839
13104817926
13104817930
13104818074
13104818087
13104818204
13104818209
13104818241
13104818279
13104818295
13104818304
13104818347
13104818404
13104818469
13104818475
13104818630
13104818653
13104818692
13104818732
13104818760
13104818932
13104818949
13104818961
13104818971
13104819084
13104819124
13104819227
13104819284
13104819324
13104819435
13104819465
13104819674
13104819689
13104819702
13104819742
13104819757
13104819781
13104819814
13104819846
13104819914
13148640073
13148640173
13148640179
13148640192
13148640347
13148640948
13148641045
13148641070
13148641075
13148641090
13148641131
13148641179
13148641193
13148641262
13148641362
13148642067
13148642097
13148642342
13148642392
13148642395
13148642415
13148642504
13148642517
13148642544
13148642569
13148642596
13148642744
13148642865
13148642871
13148642876
13148642892
13148642941
13148642943
13148643032
13148643048
13148643070
13148643151
13148643179
13148643196
13148643198
13148643237
13148643296
13148643365
13148643376
13148643513
13148643528
13148643549
13148643649
13148643707
13148643727
13148643730
13148643746
13148643751
13148643756
13148643785
13148643819
13148643845
13148643905
13148643972
13148643983
13148644530
13148645496
13148645676
13148645748
13148645749
13148645790
13148645810
13148646027
13148646048
13148646102
13148646125
13148646140
13148646237
13148646247
13148646278
13148646291
13148646329
13148646335
13148646375
13148646441
13148646573
13148646587
13148646640
13148646727
13148646729
13148646909
13148647136
13148647319
13148647398
13148647548
13148647739
13148647748
13148648026
13148648159
13148648524
13148648544
13148648932
13148649142
13148649625
13148649679
13148649701
13148649717
13148649851
13148649860
13148649892
13148649923
13148650147
13148650172
13148650183
13148650242
13148650243
13148650282
13148650343
13148650351
13148650471
13148650491
13148650492
13148650532
13148650541
13148650637
13148650643
13148650683
13148650742
13148650795
13148650797
13148650801
13148650943
13148650957
13148651031
13148651071
13148651082
13148651241
13148651321
13148651327
13148651350
13148651371
13148651372
13148651405
13148651410
13148651450
13148651472
13148651495
13148651523
13148651624
13148651672
13148651765
13148651795
13148651821
13148651841
13148651971
13148652003
13148652135
13148652172
13148652392
13148652442
13148652462
13148652465
13148652472
13148652492
13148652503
13148652587
13148652781
13148652823
13148652863
13148653272
13148653771
13148653780
13148653807
13148653842
13148653843
13148653847
13148653874
13148653935
13148653947
13148654091
13148654152
13148654273
13148654380
13148654572
13148654731
13148654791
13148654792
13148654875
13148654912
13148655362
13148655387
13148656013
13148656027
13148656037
13148656073
13148656182
13148656245
13148656259
13148656391
13148656407
13148656427
13148656710
13148656790
13148656872
13148656942
13148657015
13148657079
13148657126
13148657135
13148657146
13148657295
13148657465
13148657487
13148657892
13148657958
13148657967
13148658031
13148658095
13148658107
13148658202
13148658246
13148658247
13148658265
13148658267
13148658402
13148658463
13148658467
13148658503
13148658629
13148658907
13148658913
13148658943
13148659060
13148659106
13148659246
13148659315
13148659446
13148659546
13148659612
13148659649
13148659671
13148659745
13148659765
13148659793
13148659807
13148659851
13168160147
13168160247
13168160249
13168160264
13168160270
13168160342
13168160354
13168160431
13168160458
13168160464
13168160472
13168160474
13168160495
13168160594
13168160647
13168160654
13168160745
13168160749
13168160753
13168160841
13168160934
13168160940
13168160956
13168160964
13168160967
13168161047
13168161049
13168161249
13168161341
13168161346
13168161347
13168161349
13168161392
13168161402
13168161405
13168161452
13168161479
13168161485
13168161487
13168161497
13168161504
13168161507
13168161534
13168161564
13168161703
13168161725
13168161753
13168161854
13168161941
13168161945
13168161970
13168162047
13168162056
13168162149
13168162174
13168162176
13168162245
13168162347
13168162364
13168162374
13168162407
13168162412
13168162417
13168162452
13168162453
13168162454
13168162457
13168162473
13168162507
13168162624
13168162646
13168162657
13168162814
13168162915
13168162937
13168162975
13168162994
13168163054
13168163094
13168163145
13168163148
13168163224
13168163395
13168163403
13168163405
13168163415
13168163417
13168163429
13168163454
13168163460
13168163470
13168163485
13168163574
13168163640
13168163697
13168163726
13168163734
13168163742
13168163743
13168163792
13168163847
13168164059
13168164067
13168164069
13168164079
13168164092
13168164095
13168164103
13168164104
13168164142
13168164147
13168164159
13168164170
13168164179
13168164205
13168164214
13168164232
13168164246
13168164250
13168164259
13168164260
13168164264
13168164271
13168164273
13168164274
13168164282
13168164317
13168164327
13168164340
13168164356
13168164367
13168164391
13168164395
13168164425
13168164460
13168164470
13168164472
13168164476
13168164485
13168164486
13168164536
13168164537
13168164572
13168164603
13168164632
13168164637
13168164675
13168164680
13168164684
13168164691
13168164704
13168164705
13168164707
13168164713
13168164720
13168164729
13168164730
13168164739
13168164746
13168164754
13168164756
13168164765
13168164784
13168164786
13168164795
13168164801
13168164802
13168164819
13168164840
13168164852
13168164857
13168164859
13168164872
13168164893
13168164897
13168164901
13168164913
13168164932
13168164941
13168164961
13168164974
13168164975
13168164981
13168165041
13168165057
13168165072
13168165140
13168165146
13168165374
13168165404
13168165415
13168165427
13168165434
13168165449
13168165457
13168165484
13168165614
13168165617
13168165631
13168165649
13168165754
13168165791
13168165834
13168165904
13168165924
13168165940
13168165941
13168165953
13168165971
13168166294
13168166304
13168166344
13168166417
13168166429
13168166431
13168166435
13168166436
13168166451
13168166463
13168166470
13168166493
13168166534
13168166749
13168166847
13168167034
13168167042
13168167046
13168167054
13168167074
13168167142
13168167145
13168167170
13168167214
13168167241
13168167242
13168167243
13168167254
13168167357
13168167414
13168167427
13168167429
13168167431
13168167435
13168167436
13168167440
13168167442
13168167443
13168167446
13168167447
13168167450
13168167452
13168167468
13168167471
13168167472
13168167473
13168167475
13168167483
13168167485
13168167489
13168167493
13168167495
13168167496
13168167497
13168167542
13168167570
13168167573
13168167624
13168167640
13168167644
13168167754
13168167804
13168167921
13168167941
13168167947
13168167967
13168168421
13168168469
13168168784
13168168946
13168169043
13168169140
13168169145
13168169251
13168169254
13168169341
13168169367
13168169415
13168169423
13168169430
13168169437
13168169441
13168169445
13168169449
13168169452
13168169453
13168169464
13168169467
13168169485
13168169492
13168169497
13168169514
13168169534
13168169640
13168169643
13168169704
13168169742
13168169743
13168169749
13168169782
13168169840
13168169847
13168169943
13168170146
13168170147
13168170149
13168170153
13168170164
13168170240
13168170254
13168170342
13168170343
13168170349
13168170364
13168170374
13168170401
13168170403
13168170412
13168170419
13168170430
13168170432
13168170435
13168170459
13168170462
13168170465
13168170469
13168170472
13168170475
13168170549
13168170564
13168170591
13168170747
13168170764
13168170841
13168170854
13168170857
13168170941
13168170944
13168171034
13168171058
13168171074
13168171076
13168171093
13168171142
13168171145
13168171154
13168171164
13168171184
13168171240
13168171243
13168171245
13168171247
13168171256
13168171262
13168171264
13168171275
13168171293
13168171304
13168171340
13168171347
13168171352
13168171353
13168171410
13168171423
13168171435
13168171441
13168171450
13168171473
13168171479
13168171481
13168171489
13168171491
13168171492
13168171495
13168171497
13168171504
13168171527
13168171537
13168171543
13168171545
13168171554
13168171584
13168171590
13168171594
13168171601
13168171604
13168171624
13168171634
13168171637
13168171643
13168171651
13168171653
13168171824
13168171834
13168171849
13168171934
13168171935
13168171945
13168171952
13168172041
13168172054
13168172062
13168172074
13168172104
13168172142
13168172179
13168172197
13168172249
13168172346
13168172365
13168172394
13168172406
13168172413
13168172431
13168172449
13168172452
13168172461
13168172469
13168172474
13168172485
13168172490
13168172491
13168172497
13168172503
13168172505
13168172514
13168172519
13168172532
13168172545
13168172549
13168172564
13168172591
13168172593
13168172607
13168172614
13168172642
13168172643
13168172647
13168172684
13168172690
13168172745
13168172774
13168172874
13168172894
13168172904
13168172914
13168172941
13168172954
13168172965
13168172984
13168173034
13168173046
13168173054
13168173064
13168173074
13168173091
13168173104
13168173127
13168173195
13168173241
13168173254
13168173259
13168173265
13168173271
13168173274
13168173294
13168173394
13168173403
13168173421
13168173436
13168173459
13168173474
13168173485
13168173491
13168173504
13168173507
13168173543
13168173549
13168173563
13168173634
13168173652
13168173672
13168173694
13168173745
13168173824
13168173874
13168173894
13168173905
13168173921
13168173926
13168173937
13168173942
13168174015
13168174024
13168174035
13168174061
13168174072
13168174097
13168174112
13168174121
13168174126
13168174129
13168174144
13168174147
13168174149
13168174154
13168174164
13168174203
13168174210
13168174248
13168174264
13168174271
13168174283
13168174294
13168174324
13168174341
13168174364
13168174367
13168174372
13168174376
13168174385
13168174406
13168174409
13168174475
13168174496
13168174506
13168174512
13168174532
13168174557
13168174560
13168174575
13168174624
13168174641
13168174650
13168174659
13168174705
13168174715
13168174739
13168174743
13168174762
13168174781
13168174792
13168174794
13168174802
13168174804
13168174842
13168174846
13168174851
13168174870
13168174893
13168174917
13168174935
13168174956
13168174961
13168174969
13168174984
13168175041
13168175045
13168175067
13168175114
13168175160
13168175164
13168175179
13168175184
13168175241
13168175247
13168175263
13168175274
13168175291
13168175415
13168175425
13168175442
13168175450
13168175452
13168175462
13168175483
13168175489
13168175490
13168175519
13168175534
13168175542
13168175624
13168175641
13168175694
13168175719
13168175724
13168175734
13168175829
13168175834
13168175845
13168175910
13168175924
13168175951
13192607228
13192607232
13192607236
13192607241
13192607245
13192607247
13192607249
13192607257
13192607260
13192607261
13192607263
13192607265
13192607267
13192607270
13192607273
13192607275
13192607279
13192607283
13192607285
13192607287
13192607291
13192607292
13192607298
13192607302
13192607313
13192607317
13192607327
13192607329
13192607337
13192607341
13192607342
13192607345
13192607346
13192607347
13192607349
13192607353
13192607372
13192607375
13192607381
13192607387
13192607389
13192607391
13192607395
13192607397
13192607398
13192607403
13192607410
13192607412
13192607413
13192607416
13192607419
13192607420
13192607421
13192607426
13192607427
13192607428
13192607429
13192607431
13192607441
13192607442
13192607446
13192607448
13192607449
13192607450
13192607457
13192607458
13192607461
13192607463
13192607467
13192607468
13192607469
13192607482
13192607489
13192607495
13192607496
13192607498
13192607501
13192607503
13192607507
13192607512
13192607517
13192607518
13192607525
13192607527
13192607529
13192607532
13192607539
13192607545
13192607549
13192607550
13192607551
13192607552
13192607556
13192607561
13192607562
13192607565
13192607568
13192607572
13192607573
13192607586
13192607590
13192607593
13192607595
13192607597
13192607601
13192607607
13192607609
13192607612
13192607615
13192607617
13192607619
13192607621
13192607623
13192607625
13192607626
13192607627
13192607629
13192607631
13192607636
13192607637
13192607639
13192607640
13192607641
13192607642
13192607643
13192607648
13192607657
13192607658
13192607671
13192607673
13192607681
13192607685
13192607686
13192607743
13192607745
13192607747
13192607748
13192607840
13192607842
13192607843
13192607845
13192607940
13192607941
13192607942
13192607945
13192607948
13192607949
13192608041
13192608042
13192608043
13192608140
13192608141
13192608147
13192608240
13192608243
13192608246
13192608247
13192608341
13192608342
13192608343
13192608346
13192608347
13192608348
13192608349
13192608403
13192608405
13192608406
13192608408
13192608410
13192608412
13192608413
13192608415
13192608416
13192608418
13192608419
13192608420
13192608421
13192608423
13192608426
13192608430
13192608431
13192608432
13192608437
13192608443
13192608445
13192608446
13192608447
13192608449
13192608450
13192608451
13192608452
13192608453
13192608456
13192608457
13192608459
13192608460
13192608462
13192608463
13192608467
13192608468
13192608471
13192608473
13192608476
13192608479
13192608480
13192608485
13192608487
13192608490
13192608491
13192608492
13192608493
13192608495
13192608496
13192608497
13192608498
13192608540
13192608542
13192608545
13192608546
13192608547
13192608640
13192608642
13192608643
13192608648
13192608649
13192608745
13192608746
13192608747
13192608841
13192608843
13192608941
13192608942
13192608943
13192608946
13192608947
13192608949
13192609041
13192609043
13192609045
13192609046
13192609049
13192609140
13192609141
13192609147
13192609149
13192609240
13192609241
13192609242
13192609246
13192609247
13192609249
13192609340
13192609341
13192609342
13192609343
13192609346
13192609347
13192609348
13192609349
13192609401
13192609402
13192609403
13192609405
13192609406
13192609407
13192609408
13192609410
13192609412
13192609413
13192609415
13192609416
13192609418
13192609419
13192609420
13192609421
13192609427
13192609429
13192609430
13192609432
13192609435
13192609436
13192609440
13192609441
13192609442
13192609446
13192609447
13192609449
13192609453
13192609456
13192609459
13192609461
13192609462
13192609463
13192609465
13192609468
13192609469
13192609475
13192609476
13192609478
13192609479
13192609480
13192609481
13192609482
13192609486
13192609487
13192609490
13192609493
13192609495
13192609496
13192609497
13192609498
13192609540
13192609541
13192609542
13192609543
13192609546
13192609547
13192609549
13192609641
13192609642
13192609643
13192609645
13192609646
13192609647
13192609648
13192609649
13192609740
13192609741
13192609747
13192609748
13192609762
13192609767
13192609769
13192609770
13192609771
13192609780
13192609781
13192609782
13192609783
13192609786
13192609787
13192609790
13192609792
13192609798
13192609805
13192609817
13192609831
13192609835
13192609836
13192609840
13192609841
13192609842
13192609845
13192609846
13192609847
13192609850
13192609853
13192609859
13192609861
13192609869
13192609873
13192609875
13192609878
13192609897
13192609913
13192609917
13192609930
13192609931
13192609937
13192609941
13192609942
13192609945
13192609949
13192609951
13192609963
13192609967
13192609969
13192610032
13192610045
13192610052
13192610057
13192610072
13192610073
13192610079
13192610083
13192610093
13192610121
13192610129
13192610136
13192610140
13192610141
13192610142
13192610143
13192610147
13192610150
13192610152
13192610160
13192610173
13192610175
13192610191
13192610205
13192610210
13192610215
13192610216
13192610217
13192610235
13192610240
13192610246
13192610247
13192610248
13192610249
13192610253
13192610257
13192610269
13192610270
13192610278
13192610290
13192610295
13192610296
13192610310
13192610312
13192610317
13192610340
13192610341
13192610343
13192610345
13192610346
13192610347
13192610351
13192610353
13192610360
13192610379
13192610398
13192610402
13192610403
13192610412
13192610417
13192610418
13192610419
13192610420
13192610425
13192610432
13192610435
13192610439
13192610452
13192610458
13192610460
13192610461
13192610463
13192610465
13192610472
13192610475
13192610485
13192610486
13192610487
13192610492
13192610493
13192610495
13192610498
13192610510
13192610530
13192610537
13192610539
13192610543
13192610547
13192610560
13192610580
13192610583
13192610586
13192610587
13192610607
13192610621
13192610623
13192610629
13192610630
13192610640
13192610648
13192610650
13192610659
13192610665
13192610673
13192610701
13192610709
13192610719
13192610725
13192610730
13192610731
13192610739
13192610741
13192610748
13192610763
13192610765
13192610785
13192610790
13192610797
13192610802
13192610803
13192610809
13192610819
13192610830
13192610831
13192610838
13192610840
13192610851
13192610853
13192610867
13192610876
13192610878
13192610896
13192610932
13192610940
13192610945
13192610957
13192610958
13192610961
13192610979
13192610985
13192610987
13192611025
13192611032
13192611035
13192611043
13192611046
13192611047
13192611049
13192611051
13192611061
13192611083
13192611141
13192611146
13192611149
13192611159
13192611172
13192611179
13192611241
13192611242
13192611245
13192611252
13192611263
13192611278
13192611296
13192611297
13192611301
13192611308
13192611312
13192611317
13192611325
13192611331
13192611332
13192611337
13192611340
13192611341
13192611342
13192611345
13192611353
13192611360
13192611361
13192611371
13192611372
13192611375
13192611390
13192611398
13192611403
13192611405
13192611416
13192611423
13192611425
13192611429
13192611431
13192611436
13192611437
13192611442
13192611443
13192611449
13192611453
13192611460
13192611461
13192611463
13192611465
13192611468
13192611472
13192611479
13192611483
13192611485
13192611490
13192611498
13192611503
13192611506
13192611509
13192611513
13192611517
13192611519
13192611535
13192611540
13192611542
13192611543
13192611546
13192611547
13192611548
13192611557
13192611565
13192611573
13192611579
13192611590
13192611591
13192611592
13192611603
13192611605
13192611617
13192611623
13192611630
13192611638
13192611640
13192611641
13192620785
13192620840
13192620841
13192620846
13192620847
13192620952
13192620953
13192620961
13192620975
13192620979
13192621056
13192621069
13192621072
13192621093
13192621095
13192621145
13192621247
13192621248
13192621293
13192621346
13192621371
13192621402
13192621406
13192621408
13192621409
13192621410
13192621415
13192621420
13192621421
13192621423
13192621425
13192621429
13192621430
13192621432
13192621435
13192621437
13192621439
13192621441
13192621445
13192621449
13192621450
13192621452
13192621453
13192621457
13192621461
13192621462
13192621463
13192621467
13192621471
13192621472
13192621476
13192621478
13192621483
13192621485
13192621487
13192621489
13192621497
13192621507
13192621537
13192621540
13192621545
13192621546
13192621549
13192621562
13192621570
13192621576
13192621579
13192621595
13192621597
13192621605
13192621615
13192621630
13192621641
13192621643
13192621645
13192621646
13192621648
13192621650
13192621656
13192621659
13192621672
13192621679
13192621691
13192621692
13192621695
13192621702
13192621709
13192621720
13192621727
13192621758
13192621847
13192621940
13192621967
13192622043
13192622073
13192622116
13192622141
13192622145
13192622179
13192622240
13192622343
13192622360
13192622371
13192622390
13192622403
13192622405
13192622410
13192622413
13192622417
13192622423
13192622425
13192622431
13192622432
13192622435
13192622439
13192622450
13192622451
13192622452
13192622457
13192622473
13192622475
13192622486
13192622541
13192622595
13192622697
13192622732
13192622740
13192622743
13192622748
13192622749
13192622753
13192622808
13192622840
13192623146
13192623379
13192623415
13192623429
13192623436
13192623440
13192623451
13192623460
13192623461
13192623463
13192623469
13192623471
13192623475
13192623476
13192623478
13192623487
13192623491
13192623493
13192623497
13192623543
13192623605
13192623643
13192623647
13192623649
13192623653
13192623673
13192623719
13192623739
13192623740
13192623746
13192623748
13192623761
13192623770
13192623771
13192623792
13192623843
13192623981
13192624015
13192624016
13192624023
13192624025
13192624027
13192624041
13192624063
13192624065
13192624071
13192624073
13192624079
13192624081
13192624082
13192624162
13192624165
13192624195
13192624196
13192624197
13192624256
13192624257
13192624295
13192624335
13192624381
13192624385
13192624397
13192624406
13192624457
13192624459
13192624465
13192624467
13192624472
13192624475
13192624478
13192624483
13192624491
13192624497
13192624501
13192624503
13192624507
13192624530
13192624532
13192624535
13192624537
13192624561
13192624568
13192624586
13192624590
13192624632
13192624640
13192624650
13192624651
13192624652
13192624656
13192624657
13192624670
13192624671
13192624673
13192624675
13192624676
13192624686
13192624692
13192624696
13192624697
13192624698
13192624701
13192624702
13192624703
13192624705
13192624706
13192624707
13192624709
13192624710
13192624712
13192624713
13192624715
13192624716
13192624718
13192624719
13192624720
13192624721
13192624723
13192624725
13192624726
13192624727
13192624728
13192624730
13192624731
13192624732
13192624736
13192624739
13192624741
13192624743
13192624745
13192624748
13192624749
13192624750
13192624753
13192624758
13192624759
13192624761
13192624762
13192624765
13192624771
13192624776
13192624781
13192624782
13192624785
13192624790
13192624795
13192624797
13192624802
13192624806
13192624807
13192624812
13192624817
13192624836
13192624910
13192624925
13192624930
13192624981
13192624985
13192625026
13192625035
13192625037
13192625041
13192625045
13192625067
13192625087
13192625095
13192625140
13192625189
13192625241
13192625340
13192625347
13192625368
13192625401
13192625405
13192625413
13192625416
13192625439
13192625547
13192625560
13192625587
13192627317
13192627343
13192627346
13192627347
13192627349
13192627350
13192627367
13192627425
13192627430
13192627485
13192627489
13192627490
13192627492
13192627498
13192627503
13192627509
13192627516
13192627529
13192627531
13192627540
13192627541
13192627543
13192627579
13192627639
13192627741
13192627763
13192627765
13192627790
13192627843
13192627845
13192627847
13192627973
13192628065
13192628075
13192628157
13192628172
13192628179
13192628362
13192628372
13192628379
13192628397
13192628478
13192628532
13192628542
13192628576
13192628597
13192628647
13192628659
13192630140
13192630146
13192630170
13192630171
13192630192
13192630243
13192630246
13192630247
13192630249
13192630256
13192630343
13192630347
13192630372
13192630395
13192630415
13192630431
13192630435
13192630437
13192630445
13192630446
13192630449
13192630570
13192630845
13192630847
13192630941
13192630942
13192630945
13192630946
13192630947
13192631069
13192631075
13192631076
13192631095
13192631142
13192631143
13192631149
13192631150
13192631240
13192631241
13192631242
13192631243
13192631246
13192631248
13192631249
13192631259
13192631267
13192631360
13192631540
13192631542
13192631543
13192631545
13192631548
13192631549
13192631561
13192631565
13192631642
13192631647
13192631649
13192631657
13192631659
13192631702
13192632245
13192632246
13192632257
13192632340
13192632342
13192632347
13192632351
13192632365
13192632512
13192632515
13192632531
13192632536
13192632540
13192632541
13192632646
13192632647
13192632657
13192632697
13192632719
13192632725
13192632732
13192632741
13192632742
13192632745
13192632748
13192632749
13192632756
13192632757
13192632761
13192632773
13192632817
13192632841
13192632842
13192632845
13192632846
13192632857
13192632859
13192632910
13192632937
13192632940
13192632941
13192632942
13192632945
13192632947
13192632951
13192632952
13192632967
13192633041
13192633042
13192633046
13192633047
13192633049
13192633051
13192633071
13192633072
13192633079
13192633241
13192633245
13192633247
13192633257
13192633276
13192633743
13192633745
13192633746
13192633762
13192633841
13192633849
13192633853
13192633872
13192633905
13192634509
13192634510
13192634512
13192634525
13192634526
13192634527
13192634535
13192634541
13192634543
13192634546
13192634547
13192634549
13192634551
13192634552
13192634559
13192634565
13192634570
13192634571
13192634572
13192634575
13192634579
13192634581
13192634583
13192634587
13192634589
13192634590
13192634591
13192634593
13192634596
13192634601
13192634603
13192634607
13192634610
13192634612
13192634613
13192634617
13192634625
13192634627
13192634630
13192634635
13192634637
13192634639
13192634643
13192634651
13192634652
13192634665
13192634670
13192634672
13192634675
13192634679
13192634685
13192634687
13192634692
13192634693
13192634697
13192634701
13192634702
13192634705
13192634707
13192634710
13192634713
13192634716
13192634717
13192634719
13192634720
13192634721
13192634725
13192634729
13192634731
13192634732
13192634735
13192634739
13192634740
13192634741
13192634742
13192634749
13192634751
13192634753
13192634756
13192634759
13192634760
13192634762
13192634763
13192634765
13192634769
13192634781
13192634783
13192634791
13192634802
13192634819
13192634821
13192634825
13192634835
13192634842
13192634843
13192634846
13192634850
13192634853
13192634857
13192634867
13192634873
13192634875
13192634891
13192634892
13192634897
13192634901
13192634905
13192634906
13192634907
13192635067
13192635080
13192635087
13192635102
13192635107
13192635109
13192635140
13192635141
13192635142
13192635143
13192635145
13192635146
13192635147
13192635148
13192635165
13192635171
13192635187
13192635193
13192635195
13192635217
13192635241
13192635242
13192635243
13192635249
13192635270
13192635271
13192635275
13192635340
13192635341
13192635342
13192635346
13192635349
13192635367
13192635372
13192635379
13192635397
13192635402
13192635405
13192635406
13192635407
13192635410
13192635413
13192635415
13192635419
13192635421
13192635425
13192635427
13192635438
13192635440
13192635442
13192635449
13192635452
13192635457
13192635459
13192635461
13192635467
13192635470
13192635472
13192635473
13192635475
13192635476
13192635479
13192635483
13192635486
13192635489
13192635490
13192635492
13192635493
13192635496
13192635497
13192635541
13192635542
13192635547
13192635549
13192635607
13192635610
13192635639
13192635640
13192635642
13192635643
13192635649
13192635670
13192635672
13192635717
13192635721
13192635725
13192635729
13192635735
13192635736
13192635740
13192635745
13192635746
13192635763
13192635781
13192635793
13192635795
13192635807
13192635821
13192635827
13192635841
13192635842
13192635847
13192635875
13192635927
13192635940
13192635941
13192635943
13192635946
13192635947
13192635950
13192635952
13192635961
13192636017
13192636037
13192636042
13192636043
13192636046
13192636047
13192636048
13192636049
13192636140
13192636141
13192636142
13192636145
13192636146
13192636147
13192636149
13192636187
13192636237
13192636242
13192636247
13192636275
13192636332
13192636347
13192636389
13192636402
13192636403
13192636405
13192636406
13192636407
13192636410
13192636413
13192636415
13192636416
13192636419
13192636420
13192636421
13192636429
13192636430
13192636431
13192636435
13192636437
13192636445
13192636447
13192636450
13192636451
13192636452
13192636453
13192636459
13192636470
13192636471
13192636472
13192636475
13192636481
13192636490
13192636491
13192636492
13192636493
13192636495
13192636497
13192636532
13192636542
13192636570
13192636597
13192636641
13192636671
13192637345
13192639649
13192639867
13250431410
13250431436
13250431495
13250431538
13250431735
13250431753
13250431805
13250431817
13250431835
13250431921
13250431963
13250432039
13250432075
13250432085
13250432157
13250432196
13250432197
13250432547
13250432707
13250432901
13250432923
13250432956
13250432967
13250433087
13250433172
13250433380
13250433402
13250433415
13250433425
13250433430
13250433468
13250433476
13250433479
13250433572
13250433580
13250433592
13250433765
13250435706
13250435765
13250435795
13250436095
13250436136
13250436140
13250436170
13250436178
13250436197
13250436231
13250436246
13250436271
13250436276
13250436315
13250436327
13250436329
13250436342
13250436380
13250436415
13250436421
13250436441
13250436449
13250436453
13250436479
13250436487
13250436496
13250436531
13250436673
13250436675
13250436726
13250436797
13250436805
13250436837
13250436842
13250436845
13250436871
13250436876
13250436892
13250437052
13250437116
13250437135
13250437146
13250437223
13250437250
13250437340
13250437346
13250437349
13250437359
13250437440
13250437442
13250437445
13250437586
13250437587
13250437679
13250437735
13250437926
13250437930
13250438015
13250438506
13250439128
13250439135
13250439141
13250439162
13250439171
13250439449
15602370275
15602370487
15602370640
15602370769
15602370867
15602371162
15602371241
15602371281
15602371345
15602371423
15602371436
15602371456
15602371702
15602373171
15602373345
15602373406
15602373997
15602375197
15602375718
15602376212
15602376287
15602376343
15602376429
15602376430
15602377327
15622669782
15627100334
15627100744
15627100942
15627100947
15627101729
15627101840
15627101843
15627102054
15627102064
15627102067
15627102634
15627103414
15627103454
15627103484
15627103634
15627104067
15627104174
15627104506
15627104631
15627104653
15627104703
15627104705
15627104719
15627104720
15627104754
15627104758
15627104759
15627104762
15627104767
15627104807
15627105121
15627105163
15627105243
15627105404
15627105431
15627105438
15627105459
15627105628
15627105644
15627105648
15627105947
15627105982
15627106044
15627106174
15627106441
15627106537
15627106731
15627106954
15627107075
15627107374
15627107425
15627107432
15627107459
15627107482
15627107486
15627107517
15627107564
15627107675
15627107681
15627108394
15627108405
15627108454
15627108478
15627108507
15627108749
15627109014
15627109446
15627109802
15627109843
15627110030
15627110872
15627110967
15627111378
15627112029
15627112158
15627112495
15627112905
15627113189
15627113582
15627113651
15627114015
15627114059
15627114187
15627114295
15627114360
15627114381
15627115143
15627116437
15627116439
15627116472
15627116503
15627116643
15627116745
15627116748
15627116950
15627116967
15627117146
15627117201
15627117285
15627117351
15627117381
15627117453
15627117519
15627117546
15627117685
15627117840
15627118031
15627118176
15627118407
15627118450
15627118593
15627118747
15627119132
15627119419
15627119526
15627180192
15627180231
15627180240
15627180252
15627180353
15627180392
15627180434
15627180459
15627180475
15627180476
15627180481
15627180544
15627180546
15627180551
15627180581
15627180654
15627180687
15627180749
15627180785
15627180842
15627180944
15627180952
15627180957
15627181046
15627181254
15627181257
15627181267
15627181327
15627181420
15627181425
15627181434
15627181435
15627181457
15627181475
15627181479
15627181484
15627181543
15627181554
15627181596
15627181648
15627181691
15627181709
15627181734
15627181742
15627181748
15627181754
15627181853
15627182062
15627182064
15627182174
15627182197
15627182305
15627182321
15627182384
15627182458
15627182541
15627182542
15627182549
15627182642
15627182645
15627182654
15627182672
15627182746
15627182794
15627182845
15627182846
15627182875
15627182945
15627182949
15627182967
15627183041
15627183084
15627183116
15627183152
15627183169
15627183243
15627183245
15627183420
15627183429
15627183430
15627183449
15627183459
15627183485
15627183546
15627183615
15627183641
15627183691
15627183740
15627183743
15627183903
15627183914
15627183931
15627183946
15627183947
15627183952
15627184023
15627184036
15627184075
15627184159
15627184219
15627184241
15627184261
15627184306
15627184334
15627184351
15627184353
15627184359
15627184461
15627184471
15627184474
15627184497
15627184503
15627184595
15627184653
15627184670
15627184675
15627184696
15627184703
15627184708
15627184734
15627184741
15627184748
15627184781
15627184815
15627184817
15627184823
15627184844
15627184923
15627184927
15627184938
15627184939
15627184961
15627184978
15627185013
15627185043
15627185147
15627185180
15627185243
15627185301
15627185346
15627185347
15627185371
15627185384
15627185403
15627185407
15627185417
15627185435
15627185439
15627185451
15627185463
15627185493
15627185591
15627185672
15627185714
15627185731
15627185742
15627185794
15627185798
15627185840
15627185914
15627185916
15627186048
15627186104
15627186184
15627186245
15627186284
15627186340
15627186346
15627186403
15627186412
15627186418
15627186462
15627186497
15627186580
15627186641
15627186657
15627186749
15627186919
15627186941
15627186984
15627187003
15627187024
15627187045
15627187142
15627187254
15627187294
15627187403
15627187424
15627187450
15627187465
15627187472
15627187475
15627187483
15627187496
15627187546
15627187549
15627187564
15627187571
15627187634
15627187652
15627187674
15627187815
15627187893
15627187905
15627187940
15627187984
15627188149
15627188242
15627188402
15627188461
15627188793
15627189046
15627189051
15627189215
15627189241
15627189401
15627189409
15627189412
15627189430
15627189439
15627189442
15627189462
15627189463
15627189470
15627189473
15627189573
15627189649
15627189671
15627189749
16607650461
16607650462
16607650480
16607650541
16607650946
16607651342
16607651426
16607651436
16607651461
16607651463
16607651465
16607651649
16607651849
16607652145
16607652149
16607652406
16607652413
16607652461
16607652475
16607652549
16607652649
16607652740
16607652749
16607652840
16607653049
16607653245
16607653449
16607653475
16607653483
16607653490
16607653491
16607653548
16607653643
16607653701
16607653742
16607653841
16607653904
16607653947
16607654043
16607654052
16607654072
16607654143
16607654152
16607654153
16607654249
16607654262
16607654270
16607654536
16607654589
16607654630
16607654642
16607654672
16607654706
16607654769
16607654791
16607654832
16607654836
16607654839
16607654923
16607654971
16607655174
16607655437
16607655942
16607655964
16607656029
16607656142
16607656149
16607656240
16607656354
16607656451
16607656457
16607656491
16607656497
16607656904
16607656914
16607656954
16607657034
16607657043
16607657064
16607657146
16607657246
16607657405
16607657463
16607657465
16607657495
16607657542
16607657641
16607657643
16607657941
16607657947
16607658047
16607658142
16607658347
16607658423
16607658476
16607658543
16607658647
16607658743
16607658941
16607659047
16607659243
16607659342
16607659407
16607659451
16607659452
16607659457
16607659460
16607659470
16607659471
16607659490
16607659642
16607659841
16607659843
16607660194
16607664051
16607664792
16676601046
16676602462
16676602712
16676603497
16676603541
16676603741
16676603847
16676604239
16676604261
16676604271
16676604325
16676604370
16676604401
16676604589
16676604801
16676604843
16676604921
16676604951
17507650049
17507650591
17507653356
17507653912
17507655573
17507658365
17507658970
17507660942
17507661209
17507661264
17507661351
17507661426
17507661430
17507661604
17507661693
17507661971
17507662031
17507662425
17507662705
17507663165
17507663245
17507663374
17507663446
17507663478
17507663549
17507663571
17507663574
17507663627
17507663642
17507663712
17507663748
17507664056
17507664193
17507664257
17507664301
17507664381
17507664614
17507664693
17507664703
17507664731
17507664771
17507664814
17507664875
17507664952
17507665044
17507665091
17507665342
17507665453
17507665457
17507665871
17507667745
17507667953
17507668041
17507668046
17507668270
17507668407
17507668423
17507668449
17507668902
17507669045
17507669048
17507669423
17507669452
17507669461
17507669548
17507669841
17607661359
17607661493
17607661724
17607662094
17607663169
17607663440
17607663462
17607663472
17607664372
17607664716
17607664753
17607664856
17607664874
17607664976
17607665139
17607665149
17607665249
17607667165
17607667195
17607667419
17607668407
17607668442
17607668493
17607668734
17607669271
17607669340
17666022469
17666022740
17666023045
17666023175
17666024174
17666024265
17666024393
17666024605
17666024635
17666024782
17666025413
17666025469
17666025965
17666026370
17666026371
17666026545
17666026584
17666027450
17666027836
17666028073
17666029051
17666029240
17666029510
17666029746
17688570091
17688570587
17688570841
17688570941
17688571095
17688571127
17688571306
17688571356
17688571429
17688571431
17688571445
17688571481
17688571489
17688571501
17688571527
17688571532
17688571648
17688571719
17688571790
17688571791
17688571796
17688572034
17688572043
17688572084
17688572249
17688572353
17688572394
17688572451
17688572463
17688572594
17688572649
17688572742
17688572745
17688572902
17688573048
17688573189
17688573192
17688573243
17688573403
17688573463
17688573474
17688573476
17688573490
17688573514
17688573643
17688573795
17688573821
17688573951
17688573967
17688574250
17688574259
17688574267
17688574275
17688574276
17688574405
17688574565
17688574631
17688574636
17688574656
17688574659
17688574754
17688574756
17688574801
17688574970
17688575030
17688575143
17688575364
17688575429
17688575469
17688575476
17688575741
17688575971
17688576019
17688576149
17688576483
17688576584
17688576849
17688577145
17688577312
17688577415
17688577439
17688577825
17688578034
17688578241
17688578275
17688578293
17688578310
17688578405
17688578493
17688578496
17688578504
17688579041
17688579126
17688579146
17688579242
17688579245
17688579354
17688579414
17688579746
18507654249
18507654475
18507654734
18507655843
18507657049
18507657415
18507659481
18507664743
18507671569
18507672079
18507673610
18507673642
18507674435
18507674593
18507674675
18507674856
18507674965
18507675103
18507675142
18507675473
18507677651
18507677805
18507678770
18578090140
18578090463
18578090548
18578090675
18578090694
18578090753
18578090756
18578090819
18578090840
18578090873
18578091281
18578091401
18578091572
18578091643
18578091946
18578091980
18578092971
18578093035
18578093445
18578093830
18578094004
18578094091
18578094143
18578094161
18578094371
18578094429
18578094542
18578094620
18578094625
18578094740
18578094743
18578094871
18578095403
18578095472
18578095623
18578095805
18578096092
18578096349
18578096416
18578096489
18578096596
18578096651
18578096743
18578096844
18578096873
18578096951
18578097112
18578097151
18578097306
18578097460
