13025380872
13025381076
13025383047
13025384016
13025384073
13025384643
13025385547
13025387413
13025389245
13025392941
13025394313
13025394621
13025396720
13025397965
13025398453
13025399570
13030273665
13049200464
13049203084
13049203804
13049204084
13049207064
13049207284
13049207454
13049214664
13049216084
13049216394
13049221754
13049223191
13049224134
13049225491
13049226634
13049227594
13049227614
13059307041
13077514391
13077514891
13077517847
13077517902
13077519347
13077519546
13077520943
13077523642
13077524129
13077525641
13077526374
13077529247
13077533495
13077535640
13077536405
13077546174
13104800120
13104801430
13104801501
13104801625
13104804475
13104804501
13104804702
13104805116
13104805182
13104805714
13104806734
13104806972
13104809597
13104809742
13104810569
13104811457
13104811480
13104812026
13104812758
13104813031
13104813081
13104813405
13104813487
13104813824
13104813852
13104814139
13104814346
13104814373
13104814471
13104814582
13104815250
13104815409
13104815940
13104816071
13104817064
13104817463
13104817491
13104818051
13104818074
13104818295
13104818630
13104818971
13148641362
13148643170
13148645749
13148648524
13148650607
13148651071
13148652492
13148655262
13148656427
13148657487
13148658265
13168160934
13168161047
13168161485
13168162174
13168162347
13168162374
13168162453
13168162646
13168162765
13168163415
13168164367
13168164395
13168164705
13168165041
13168165427
13168165457
13168167493
13168167573
13168168784
13168169251
13168169415
13168169514
13168169643
13168169749
13168171074
13168171247
13168171290
13168171481
13168171491
13168171495
13168171590
13168172406
13168172545
13168173265
13168173436
13168173491
13168174149
13168174370
13168174462
13168174739
13168174835
13168174893
13168174961
13168175045
13168175153
13192607257
13192607359
13192607420
13192607428
13192607532
13192607621
13192607625
13192608405
13192608419
13192608461
13192608495
13192609242
13192609459
13192609486
13192609641
13192609840
13192609945
13192610072
13192610142
13192610216
13192610248
13192610317
13192610346
13192610402
13192610403
13192610475
13192610607
13192610621
13192610662
13192611290
13192611341
13192611479
13192611483
13192611546
13192611592
13192611623
13192611630
13192611638
13192620841
13192621437
13192621439
13192621480
13192621640
13192621672
13192622035
13192622748
13192623451
13192623460
13192623471
13192623475
13192623487
13192623770
13192624041
13192624196
13192624451
13192624652
13192624670
13192624712
13192624730
13192624732
13192624761
13192625019
13192625045
13192627507
13192628478
13192630945
13192630946
13192631095
13192631243
13192631545
13192632512
13192632540
13192632647
13192632742
13192632748
13192632842
13192634551
13192634579
13192634593
13192634613
13192634637
13192634719
13192634735
13192634762
13192634770
13192634897
13192635340
13192635379
13192635479
13192635627
13192635725
13192636347
13192636415
13192636420
13192636452
13192636481
13250431436
13250431735
13250432956
13250436246
13250436342
13250436797
13250437250
13250437349
13250437651
15602371436
15602376430
15627105163
15627112495
15627180785
15627180957
15627181254
15627182458
15627182542
15627183641
15627183952
15627184703
15627184815
15627184939
15627186570
15627188051
15627188231
15627188275
15627188402
15627189401
15627189671
16607652413
16607653947
16607654153
16607654262
16607655942
16607657064
16607659457
17507657013
17507661426
17507664301
17507667953
17507669732
17607664716
17688573243
17688574267
17688579242
18507654475
18507674675