13005660291
13005660349
13005660430
13005660480
13005660493
13005660547
13005660734
13005660793
13005660812
13005660834
13005660964
13005660984
13005661084
13005661197
13005661209
13005661254
13005661343
13005661364
13005661419
13005661423
13005661443
13005661445
13005661447
13005661451
13005661452
13005661453
13005661454
13005661463
13005661464
13005661469
13005661473
13005661480
13005661504
13005661648
13005661674
13005661694
13005661704
13005661734
13005661744
13005661745
13005661749
13005661784
13005661934
13005661954
13005662146
13005662194
13005662214
13005662249
13005662254
13005662274
13005662340
13005662342
13005662407
13005662412
13005662414
13005662421
13005662478
13005662479
13005662490
13005662543
13005662764
13005662840
13005663134
13005663143
13005663145
13005663274
13005663403
13005663404
13005663453
13005663473
13005663584
13005663746
13005663940
13005663942
13005664014
13005664015
13005664017
13005664019
13005664021
13005664023
13005664027
13005664031
13005664032
13005664034
13005664035
13005664036
13005664042
13005664043
13005664045
13005664047
13005664049
13005664051
13005664053
13005664054
13005664056
13005664057
13005664061
13005664062
13005664064
13005664069
13005664071
13005664074
13005664075
13005664076
13005664078
13005664082
13005664083
13005664085
13005664087
13005664089
13005664092
13005664102
13005664105
13005664114
13005664120
13005664127
13005664132
13005664136
13005664137
13005664140
13005664143
13005664146
13005664148
13005664150
13005664153
13005664154
13005664157
13005664159
13005664160
13005664162
13005664164
13005664165
13005664171
13005664173
13005664174
13005664175
13005664179
13005664184
13005664186
13005664191
13005664197
13005664201
13005664204
13005664205
13005664208
13005664210
13005664213
13005664214
13005664219
13005664226
13005664232
13005664235
13005664239
13005664240
13005664241
13005664244
13005664247
13005664251
13005664252
13005664253
13005664257
13005664259
13005664267
13005664271
13005664272
13005664278
13005664281
13005664282
13005664287
13005664294
13005664295
13005664296
13005664302
13005664305
13005664307
13005664312
13005664314
13005664316
13005664320
13005664337
13005664340
13005664346
13005664352
13005664354
13005664358
13005664360
13005664361
13005664362
13005664370
13005664374
13005664379
13005664385
13005664387
13005664391
13005664395
13005664406
13005664410
13005664416
13005664464
13005664484
13005664503
13005664507
13005664515
13005664516
13005664525
13005664526
13005664529
13005664537
13005664541
13005664542
13005664544
13005664547
13005664563
13005664572
13005664587
13005664590
13005664594
13005664610
13005664617
13005664629
13005664632
13005664634
13005664637
13005664642
13005664649
13005664651
13005664653
13005664674
13005664679
13005664682
13005664685
13005664691
13005664697
13005664709
13005664710
13005664714
13005664716
13005664724
13005664727
13005664730
13005664731
13005664736
13005664740
13005664743
13005664762
13005664767
13005664769
13005664780
13005664786
13005664802
13005664807
13005664812
13005664814
13005664817
13005664820
13005664825
13005664827
13005664840
13005664851
13005664852
13005664853
13005664854
13005664864
13005664865
13005664870
13005664890
13005664892
13005664894
13005664896
13005664907
13005664910
13005664914
13005664916
13005664920
13005664935
13005664947
13005664954
13005664956
13005664958
13005664962
13005664965
13005664967
13005664969
13005664971
13005664980
13005664986
13005665014
13005665046
13005665047
13005665049
13005665054
13005665064
13005665104
13005665146
13005665147
13005665149
13005665174
13005665240
13005665249
13005665294
13005665324
13005665342
13005665347
13005665349
13005665402
13005665405
13005665412
13005665413
13005665414
13005665436
13005665437
13005665442
13005665461
13005665462
13005665464
13005665465
13005665469
13005665470
13005665471
13005665472
13005665473
13005665475
13005665478
13005665480
13005665485
13005665491
13005665493
13005665497
13005665545
13005665546
13005665634
13005665644
13005665649
13005665704
13005665724
13005665742
13005665749
13005665804
13005665824
13005665841
13005665842
13005665849
13005665874
13005665894
13005665941
13005665943
13005665944
13005665945
13005665964
13005665974
13005666047
13005666245
13005666549
13005666741
13005666745
13005666904
13005667042
13005667043
13005667049
13005667084
13005667114
13005667134
13005667142
13005667144
13005667145
13005667154
13005667194
13005667204
13005667234
13005667243
13005667246
13005667247
13005667248
13005667284
13005667334
13005667364
13005667402
13005667412
13005667413
13005667415
13005667416
13005667419
13005667426
13005667427
13005667450
13005667452
13005667454
13005667457
13005667458
13005667459
13005667460
13005667465
13005667469
13005667470
13005667476
13005667487
13005667490
13005667491
13005667492
13005667496
13005667497
13005667604
13005667648
13005667684
13005667694
13005667714
13005667784
13005667804
13005667840
13005667847
13005667924
13005667934
13005667943
13005667944
13005667946
13005667964
13005668004
13005668024
13005668040
13005668043
13005668054
13005668094
13005668134
13005668140
13005668141
13005668142
13005668274
13005668324
13005668354
13005668401
13005668402
13005668403
13005668409
13005668413
13005668414
13005668415
13005668425
13005668426
13005668429
13005668430
13005668431
13005668434
13005668435
13005668436
13005668441
13005668451
13005668454
13005668462
13005668463
13005668467
13005668469
13005668470
13005668472
13005668475
13005668479
13005668480
13005668490
13005668491
13005668494
13005669481
13005671063
13005671089
13005671187
13005671219
13005671370
13005671397
13005671562
13005671739
13005671892
13005672835
13005672859
13005673615
13005674381
13005675102
13005675379
13005675615
13005675779
13005676107
13005676732
13005676772
13005676835
13005676917
13005677852
13005679053
13005679072
13005679253
13005679289
13005679356
13005679601
13005679632
13005679635
13005679735
13005679753
13005680596
13005680615
13005680971
13005681061
13005681256
13005681346
13005681523
13005681576
13005681621
13005681727
13005681837
13005682054
13005682079
13005682127
13005682152
13005682179
13005682310
13005682572
13005682593
13005682713
13005682944
13005682965
13005683021
13005683095
13005683192
13005683195
13005683271
13005683601
13005683610
13005683617
13005683632
13005683915
13005683951
13005685197
13005685232
13005685275
13005685293
13005685397
13005685602
13005685721
13005685763
13005685927
13005685932
13005686013
13005686105
13005686371
13005686729
13005686751
13005686795
13005686975
13005687051
13005687065
13005687097
13005687160
13005687252
13005687531
13005689053
13005689152
13005689163
13005689176
13005689295
13005689297
13005689572
13005689761
13005689876
13005689920
13018501730
13018502310
13018503576
13018503764
13018503827
13018504163
13018504526
13018504537
13018505264
13018506107
13018506362
13018506379
13018506503
13018506875
13018507252
13018507703
13018508374
13018508434
13018509673
13018509765
13025668962
13025669157
13025669165
13025669172
13025669231
13025669267
13025669353
13025669573
13025669657
13025669672
13025669730
13025670273
13025670753
13025671030
13025671061
13025671092
13025671270
13025671573
13025672135
13025672170
13025672395
13025672613
13025672901
13025672921
13025672965
13025672971
13025673051
13025673179
13025673261
13025673262
13025673502
13025673517
13025673531
13025673857
13025673901
13025673917
13025673951
13025673952
13025673965
13025675035
13025675163
13025675235
13025675285
13025675315
13025675481
13025675695
13025675907
13025676102
13025676129
13025676259
13025676296
13025676590
13025676932
13025676951
13025677615
13025677957
13025678065
13025678265
13025678391
13025678615
13025678671
13025679031
13025679207
13025679215
13025679257
13025679265
13025679293
13025679327
13025679356
13025679357
13025679481
13025679805
13025680971
13025681061
13025681651
13025681791
13025681897
13025681931
13025681970
13025682351
13025682385
13025682442
13025682571
13025682579
13025682621
13025682651
13025682707
13025682750
13025682910
13025683025
13025683575
13025683587
13025683673
13025683751
13025683917
13025685031
13025685057
13025685160
13025685161
13025685317
13025685673
13025685970
13025686350
13025687103
13025687127
13025687317
13025687627
13025687825
13025687901
13025689325
13025689587
13025689617
13025689620
13025689627
13025689657
13025689671
13025689715
13025689717
13025689730
13035801757
13035802271
13035803712
13035803725
13035803947
13035805387
13035805970
13035806297
13035807032
13035807273
13035807391
13035807517
13035807627
13035807692
13035808679
13035808727
13035809387
13035809565
13035810071
13035810253
13035810269
13035810673
13035811063
13035811065
13035811091
13035811395
13035811509
13035811625
13035811736
13035811762
13035811785
13035812035
13035812057
13035812067
13035812961
13035813197
13035813272
13035815302
13035815793
13035815837
13035816352
13035817015
13035817682
13035817851
13035819563
13035823967
13035825351
13035826135
13035826357
13035827953
13035828926
13035829370
13035829730
13035830152
13035830193
13035830272
13035830372
13035830560
13035830572
13035830579
13035830597
13035830657
13035830759
13035830791
13035830795
13035830957
13035830967
13035831056
13035831057
13035831091
13035831095
13035831107
13035831253
13035831261
13035831265
13035831291
13035831305
13035831327
13035831357
13035831529
13035831532
13035831535
13035831565
13035831592
13035831610
13035831627
13035831657
13035831675
13035831692
13035831697
13035831701
13035831706
13035831727
13035831739
13035831753
13035831757
13035831763
13035831792
13035831807
13035831856
13035831862
13035831901
13035831927
13035831951
13035831970
13035832063
13035832072
13035832073
13035832127
13035832157
13035832163
13035832175
13035832195
13035832205
13035832307
13035832310
13035832351
13035832361
13035832372
13035832517
13035832562
13035832571
13035832591
13035832607
13035832610
13035832613
13035832621
13035832625
13035832637
13035832670
13035832671
13035832672
13035832695
13035832697
13035832702
13035832706
13035832713
13035832730
13035832750
13035832760
13035832761
13035832769
13035832795
13035832916
13035832925
13035832927
13035832960
13035832961
13035832965
13035832970
13035832972
13035833025
13035833097
13035833157
13035833259
13035833507
13035833510
13035833579
13035833729
13035833735
13035833791
13035833952
13035835037
13035835107
13035835135
13035835137
13035835167
13035835171
13035835172
13035835193
13035835261
13035835262
13035835263
13035835279
13035835295
13035835316
13035835562
13035835570
13035835631
13035835697
13035835709
13035835716
13035835731
13035835736
13035835962
13035835973
13035836021
13035836071
13035836095
13035836097
13035836109
13035836127
13035836132
13035836137
13035836151
13035836153
13035836157
13035836165
13035836172
13035836176
13035836179
13035836207
13035836251
13035836357
13035836379
13035836505
13035836507
13035836571
13035836576
13035836707
13035836709
13035836712
13035836713
13035836725
13035836730
13035836731
13035836759
13035836760
13035836791
13035836795
13035836907
13035836923
13035836953
13035836960
13035836975
13035837013
13035837021
13035837029
13035837036
13035837059
13035837061
13035837065
13035837121
13035837153
13035837190
13035837250
13035837251
13035837253
13035837256
13035837271
13035837291
13035837305
13035837307
13035837325
13035837395
13035837502
13035837517
13035837562
13035837602
13035837625
13035837632
13035837691
13035837761
13035837905
13035837906
13035837923
13035837927
13035837960
13035837962
13035839010
13035839027
13035839051
13035839057
13035839067
13035839105
13035839137
13035839157
13035839165
13035839172
13035839203
13035839207
13035839210
13035839215
13035839251
13035839267
13035839279
13035839351
13035839362
13035839372
13035839507
13035839510
13035839557
13035839562
13035839570
13035839571
13035839573
13035839579
13035839605
13035839627
13035839652
13035839715
13035839720
13035839735
13035839752
13035839753
13035839767
13035839772
13035839790
13035839791
13035841431
13035841652
13035841734
13035842051
13035843024
13035843402
13035845096
13035845134
13035845160
13035845272
13035845327
13035845493
13035845507
13035845710
13035845714
13035845923
13035845951
13035846052
13035846137
13035846219
13035846297
13035846346
13035846374
13035846394
13035846407
13035846431
13035846743
13035846834
13035846849
13035846924
13035847034
13035847082
13035847102
13035847106
13035847257
13035847265
13035847275
13035847392
13035847463
13035847684
13035847806
13035847824
13035849542
13035849549
13035849642
13035849672
13035849742
13035849752
13035849892
13035851367
13035851797
13035851932
13035852701
13035852930
13035853620
13035853701
13035855172
13035856105
13035856160
13035856261
13035856285
13035857096
13035857860
13035857892
13035857921
13035857951
13046250984
13046251049
13046251061
13046251565
13046252741
13046253571
13046253594
13046253601
13046254574
13046254743
13046254964
13046255327
13046255497
13046256074
13046256124
13046256274
13046256404
13046256435
13046256457
13046256465
13046256584
13046256634
13046256715
13046256974
13046257064
13046257134
13046257162
13046257194
13046257409
13046257459
13046257495
13046257496
13046257614
13046257634
13046257649
13046257946
13046258024
13046258144
13046258163
13046258215
13046258514
13046258544
13046258546
13046258643
13046258657
13046258675
13046258724
13046258926
13046258927
13046258945
13046258946
13046259026
13046259075
13046259164
13046259247
13046259251
13046259349
13046259354
13046259387
13046259437
13046259457
13046259496
13046259571
13046259649
13046259654
13046259682
13046259705
13046259748
13046259794
13046260294
13046261064
13046261364
13046261473
13046263164
13046263174
13046263495
13046263794
13046263845
13046263916
13046263950
13046263957
13046264034
13046264053
13046264079
13046264092
13046264097
13046264105
13046264164
13046264165
13046264173
13046264174
13046264192
13046264205
13046264230
13046264251
13046264280
13046264301
13046264302
13046264307
13046264310
13046264374
13046264750
13046264862
13046264864
13046264891
13046264902
13046264907
13046264961
13046265142
13046265193
13046265259
13046265304
13046265364
13046265429
13046265470
13046265475
13046265495
13046265584
13046265731
13046265741
13046265749
13046265794
13046265814
13046265823
13046265873
13046265940
13046265941
13046265943
13046265962
13046266145
13046266154
13046266174
13046266347
13046266481
13046266534
13046266572
13046266709
13046266745
13046266967
13046267037
13046267104
13046267194
13046267250
13046267325
13046267380
13046267404
13046267412
13046267435
13046267491
13046267534
13046267634
13046267842
13046267961
13046267974
13046268034
13046268074
13046268121
13046268154
13046268214
13046268247
13046268254
13046268294
13046268407
13046268409
13046268410
13046268415
13046268425
13046268426
13046268478
13046268497
13046268504
13046268543
13046268562
13046268715
13046268732
13046268742
13046268745
13046269420
13046269450
13046269451
13046269645
13046269647
13046269716
13046269749
13046269760
13046269781
13046269864
13046269945
13046270134
13046270136
13046270140
13046270145
13046270147
13046270163
13046270237
13046270253
13046270265
13046270276
13046270342
13046270360
13046270394
13046270413
13046270423
13046270441
13046270442
13046270446
13046270451
13046270469
13046270472
13046270492
13046270556
13046270634
13046270647
13046270653
13046270694
13046270741
13046270764
13046270841
13046270864
13046270875
13046270893
13046270896
13046270942
13046270967
13046271045
13046271049
13046271053
13046271063
13046271064
13046271094
13046271241
13046271250
13046271297
13046271347
13046271392
13046271394
13046271451
13046271454
13046271456
13046271463
13046271465
13046271495
13046271549
13046271562
13046271590
13046271594
13046271637
13046271647
13046271670
13046271742
13046271764
13046271785
13046271840
13046271847
13046271947
13046272024
13046272042
13046272047
13046272149
13046272174
13046272347
13046272374
13046272451
13046272467
13046272474
13046272475
13046272485
13046272534
13046272541
13046272579
13046272592
13046272594
13046272595
13046272657
13046272665
13046272694
13046272815
13046272914
13046272945
13046273045
13046273046
13046273074
13046273093
13046273124
13046273125
13046273164
13046273176
13046273194
13046273247
13046273249
13046273291
13046273341
13046273394
13046273463
13046273469
13046273491
13046273529
13046273543
13046273620
13046273624
13046273629
13046273641
13046273724
13046273740
13046273741
13046273801
13046273816
13046273841
13046273854
13046273872
13046273907
13046274041
13046274045
13046274046
13046274058
13046274067
13046274071
13046274087
13046274094
13046274143
13046274175
13046274210
13046274251
13046274283
13046274301
13046274362
13046274367
13046274372
13046274374
13046274461
13046274462
13046274614
13046274642
13046274712
13046274762
13046274765
13046274772
13046274794
13046274867
13046274875
13046274907
13046274937
13046274943
13046274961
13046274962
13046274963
13046274970
13046274973
13046275014
13046275034
13046275124
13046275214
13046275241
13046275271
13046275273
13046275294
13046275365
13046275371
13046275463
13046275467
13046275469
13046275475
13046275614
13046275621
13046275624
13046275674
13046275732
13046275741
13046275790
13046275895
13046275914
13046275940
13046275941
13046275946
13046275948
13046275964
13046275974
13046276032
13046276053
13046276084
13046276103
13046276246
13046276344
13046276346
13046276394
13046276448
13046276461
13046276497
13046276591
13046276594
13046276824
13046276843
13046276854
13046276894
13046276941
13046276984
13046277104
13046277194
13046277214
13046277246
13046277340
13046277352
13046277394
13046277454
13046277481
13046277484
13046277570
13046277651
13046277814
13046277894
13046277947
13046278047
13046278054
13046278134
13046278146
13046278240
13046278241
13046278245
13046278317
13046278334
13046278450
13046278469
13046278497
13046278531
13046278532
13046278545
13046278546
13046278549
13046278574
13046278627
13046278674
13046278741
13046278749
13046278930
13046278940
13046278964
13046279034
13046279037
13046279054
13046279160
13046279172
13046279174
13046279175
13046279241
13046279251
13046279342
13046279354
13046279421
13046279434
13046279447
13046279452
13046279461
13046279463
13046279465
13046279491
13046279543
13046279624
13046279647
13046279675
13046279734
13046279754
13046279837
13046279844
13046279846
13046279847
13046279864
13046280264
13046280284
13046280334
13046280447
13046280464
13046280549
13046280643
13046280645
13046280946
13046281045
13046281054
13046281274
13046281549
13046281635
13046281741
13046281754
13046281942
13046281954
13046282245
13046282344
13046282374
13046282442
13046282740
13046282749
13046282754
13046282794
13046283045
13046283184
13046283744
13046283746
13046283754
13046283794
13046283947
13046283964
13046283971
13046284534
13046284547
13046284573
13046284584
13046284712
13046284874
13046284894
13046285034
13046285174
13046285243
13046285294
13046285324
13046285344
13046285374
13046285642
13046285674
13046285756
13046285764
13046285794
13046286140
13046286174
13046286264
13046286342
13046286584
13046286724
13046287134
13046287154
13046287164
13046287694
13046287934
13046287954
13046287974
13046288594
13046289214
13046289414
13046289574
13046289974
13046290172
13046290276
13046290497
13046290621
13046290681
13046290794
13046290854
13046291074
13046291084
13046291571
13046291574
13046291583
13046291594
13046291621
13046291624
13046291634
13046291635
13046291657
13046291672
13046291694
13046291741
13046291743
13046291744
13046291747
13046291754
13046291785
13046291803
13046291817
13046291941
13046291943
13046292027
13046292034
13046292041
13046292043
13046292046
13046292076
13046292179
13046292449
13046292634
13046292764
13046293946
13046294067
13046294560
13046294759
13046294760
13046294763
13046294784
13046294791
13046294797
13046294814
13046294834
13046294841
13046294847
13046294921
13046294954
13046294971
13046295094
13046295146
13046295246
13046295264
13046295294
13046295307
13046295370
13046295374
13046295394
13046295401
13046295441
13046295462
13046295467
13046295473
13046295475
13046295481
13046295486
13046295492
13046295493
13046295542
13046295631
13046295731
13046295745
13046295760
13046295840
13046295845
13046295864
13046295943
13046295974
13046296041
13046296047
13046296054
13046296075
13046296247
13046296313
13046296354
13046296474
13046296482
13046296484
13046296734
13046296764
13046296847
13046297047
13046297105
13046297154
13046297167
13046297184
13046297214
13046297241
13046297246
13046297324
13046297421
13046297451
13046297491
13046297495
13046297514
13046297537
13046297541
13046297617
13046297640
13046297641
13046297684
13046297861
13046297941
13046297962
13046298072
13046298194
13046298342
13046298394
13046298424
13046298436
13046298476
13046298510
13046298514
13046298531
13046298604
13046298641
13046298694
13046298705
13068502157
13068502507
13068505462
13068505621
13068511602
13068512674
13068516921
13068517032
13068517152
13068517971
13068518730
13068519026
13068519252
13068519761
13068521481
13068521631
13068524981
13068526917
13068527260
13068528315
13068529172
13068529251
13068529754
13068531035
13068531593
13068535937
13068536217
13068539057
13068539562
13071600134
13071600274
13071600342
13071600343
13071600347
13071600425
13071600431
13071600432
13071600437
13071600450
13071600467
13071600469
13071600475
13071600549
13071600640
13071600645
13071600684
13071600794
13071600844
13071600894
13071601042
13071601044
13071601064
13071601084
13071601146
13071601247
13071601294
13071601304
13071601384
13071601394
13071601403
13071601420
13071601442
13071601445
13071601454
13071601463
13071601479
13071601480
13071601483
13071601487
13071601492
13071601493
13071601534
13071601634
13071601648
13071601684
13071601694
13071601754
13071601846
13071601947
13071602044
13071602045
13071602046
13071602048
13071602094
13071602140
13071602340
13071602349
13071602416
13071602421
13071602426
13071602446
13071602450
13071602461
13071602464
13071602482
13071602504
13071602534
13071602546
13071602547
13071602548
13071602549
13071602564
13071602604
13071602614
13071602624
13071602634
13071602641
13071602649
13071602654
13071602694
13071602704
13071602734
13071602741
13071602746
13071602747
13071602784
13071602794
13071602864
13071602894
13071602941
13071602943
13071602950
13071602994
13071603004
13071603048
13071603134
13071603141
13071603145
13071603146
13071603147
13071603148
13071603224
13071603246
13071603248
13071603294
13071603354
13071603364
13071603464
13071603475
13071603484
13071603494
13071603514
13071603541
13071603584
13071603642
13071603647
13071603705
13071603734
13071603741
13071603746
13071603754
13071603784
13071603845
13071603846
13071603942
13071603943
13071603945
13071603974
13071603984
13071604097
13071604201
13071604256
13071604292
13071604434
13071604537
13071604545
13071604560
13071604570
13071604585
13071604604
13071604612
13071604654
13071604663
13071604670
13071604673
13071604679
13071604680
13071604686
13071604695
13071604696
13071604721
13071604787
13071604812
13071604817
13071604821
13071604831
13071604851
13071604864
13071604875
13071604929
13071604952
13071604959
13071604969
13071604993
13071605004
13071605242
13071605327
13071605404
13071605452
13071605478
13071605914
13071605984
13071606047
13071606145
13071606174
13071606194
13071606204
13071606242
13071606244
13071606304
13071606314
13071606324
13071606341
13071606343
13071606349
13071606394
13071606458
13071606480
13071606486
13071606490
13071606491
13071606493
13071606496
13071606540
13071606543
13071606574
13071606584
13071606641
13071606654
13071606740
13071606774
13071606804
13071606814
13071606843
13071607004
13071607124
13071607145
13071607241
13071607245
13071607247
13071607363
13071607364
13071607401
13071607416
13071607423
13071607431
13071607435
13071607441
13071607446
13071607448
13071607451
13071607453
13071607459
13071607460
13071607469
13071607473
13071607480
13071607502
13071607584
13071607593
13071607641
13071607684
13071607694
13071607724
13071607734
13071607743
13071607804
13071608040
13071608041
13071608240
13071608244
13071608249
13071608324
13071608347
13071608354
13071608413
13071608432
13071608446
13071608458
13071608459
13071608462
13071608465
13071608471
13071608473
13071608480
13071608543
13071608720
13071608724
13071608734
13071608742
13071608745
13071608748
13071608761
13071608774
13071608847
13071608914
13071608994
13071609014
13071609034
13071609048
13071609164
13071609242
13071609248
13071609294
13071609340
13071609341
13071609364
13071609410
13071609412
13071609417
13071609425
13071609428
13071609440
13071609448
13071609454
13071609460
13071609461
13071609474
13071609479
13071609492
13071609542
13071609564
13071609574
13071609594
13071609640
13071609644
13071609646
13071609648
13071609649
13071609674
13071609740
13071609746
13071609754
13071609784
13071609841
13071609844
13071609874
13071609941
13071609942
13071609949
13071609974
13071610196
13071610237
13071610265
13071610267
13071610282
13071610561
13071610591
13071610736
13071610829
13071610865
13071610915
13071611326
13071611351
13071611503
13071611587
13071612081
13071612176
13071612271
13071612556
13071612601
13071612609
13071612615
13071612687
13071612703
13071612790
13071612827
13071612836
13071612862
13071613029
13071613150
13071613176
13071613725
13071613756
13071613951
13071613952
13071614047
13071614064
13071615023
13071615056
13071615102
13071615132
13071615250
13071615257
13071615260
13071615262
13071615297
13071615370
13071615395
13071615712
13071615765
13071615797
13071615837
13071615967
13071616539
13071617059
13071617259
13071617287
13071617290
13071617291
13071617297
13071617309
13071617327
13071617357
13071617537
13071617621
13071617827
13071617905
13071617912
13071617923
13071618026
13071618105
13071618172
13071618205
13071618253
13071618271
13071618307
13071618351
13071618352
13071618372
13071618374
13071618517
13071618535
13071618595
13071618637
13071618652
13071618657
13071618670
13071618706
13071618753
13071618951
13071619025
13071619162
13071619236
13071619287
13071619295
13071619315
13071619325
13071619352
13071619386
13071619503
13071619510
13071619570
13071619602
13071619706
13071619713
13071619730
13071619735
13071619736
13071619776
13071620131
13071620159
13071620185
13071620507
13071620573
13071620795
13071620797
13071620831
13071620923
13071621057
13071621075
13071621081
13071621190
13071621251
13071621263
13071621271
13071621275
13071621297
13071621302
13071621307
13071621375
13071621503
13071621517
13071621527
13071621557
13071621592
13071621595
13071621607
13071621619
13071621703
13071621705
13071621715
13071621791
13071621795
13071621817
13071621835
13071621870
13071621876
13071621890
13071621893
13071621960
13071621971
13071621972
13071622059
13071622151
13071622157
13071622197
13071622305
13071622359
13071622367
13071622395
13071622571
13071622573
13071622590
13071622650
13071622653
13071622657
13071622675
13071622937
13071622962
13071622967
13071623021
13071623025
13071623037
13071623061
13071623065
13071623072
13071623085
13071623106
13071623121
13071623125
13071623159
13071623161
13071623172
13071623173
13071623191
13071623201
13071623265
13071623391
13071623507
13071623509
13071623512
13071623515
13071623519
13071623527
13071623529
13071623530
13071623531
13071623532
13071623536
13071623537
13071623550
13071623562
13071623571
13071623573
13071623575
13071623579
13071623581
13071623585
13071623587
13071623591
13071623595
13071623596
13071623597
13071623609
13071625015
13071625016
13071625021
13071638781
13071640291
13071640507
13071640607
13071640713
13071640796
13071650541
13071657492
13071658657
13071663742
13071665764
13071667594
13071669402
13071670945
13071673201
13071674034
13071675024
13071675154
13071676043
13071677192
13071677253
13071682142
13071684749
13071685490
13071686081
13071688781
13071690124
13071690140
13071690343
13071690394
13071690754
13071692746
13071693460
13071693474
13071693594
13071695524
13071695946
13071696084
13071697481
13071699414
13071699484
13071699542
13071699624
13071699643
13071699674
13071699724
13071699740
13071699744
13071699841
13071699854
13104980285
13104980643
13104981441
13104981449
13104981547
13104982084
13104982274
13104982391
13104982535
13104982674
13104982912
13104982974
13104983147
13104983291
13104983943
13104984240
13104984260
13104984273
13104984325
13104984676
13104984714
13104984825
13104984914
13104984924
13104984961
13104985040
13104985196
13104985342
13104985349
13104985461
13104985465
13104985651
13104987846
13104989084
13104989164
13104989203
13104989235
13104989654
13104989724
13104998704
13126033681
13126037281
13126045375
13126046275
13126046352
13126046549
13126047230
13126047275
13126047295
13126047443
13126047591
13126047841
13126047935
13126047941
13126047943
13126048541
13126049441
13126049542
13126049672
13126049702
13126049746
13126054049
13126054349
13126054761
13126054785
13126056072
13126059735
13126090042
13126090142
13126090240
13126090241
13126090243
13126090342
13126090345
13126090424
13126090440
13126090441
13126090494
13126090541
13126090743
13126090844
13126090846
13126090847
13126091041
13126091434
13126091443
13126091448
13126091464
13126091471
13126091473
13126091474
13126091484
13126091545
13126091546
13126091547
13126091640
13126091740
13126091746
13126091749
13126091842
13126091845
13126091847
13126091946
13126091948
13126092043
13126092242
13126092245
13126092341
13126092346
13126092414
13126092425
13126092434
13126092442
13126092541
13126092644
13126092646
13126092740
13126092746
13126092747
13126092941
13126092944
13126093040
13126093042
13126093341
13126093479
13126093743
13126093947
13126094042
13126094049
13126094071
13126094145
13126094197
13126094234
13126094239
13126094245
13126094247
13126094248
13126094314
13126094340
13126094342
13126094356
13126094394
13126094401
13126094404
13126094405
13126094419
13126094426
13126094447
13126094484
13126094509
13126094534
13126094537
13126094539
13126094548
13126094614
13126094640
13126094646
13126094653
13126094654
13126094664
13126094674
13126094696
13126094705
13126094735
13126094743
13126094791
13126094807
13126094894
13126094914
13126094941
13126094976
13126095042
13126095043
13126095044
13126095046
13126095148
13126095149
13126095242
13126095244
13126095340
13126095345
13126095404
13126095423
13126095424
13126095440
13126095441
13126095446
13126095467
13126095474
13126095485
13126095543
13126095546
13126095549
13126095641
13126095642
13126095644
13126095743
13126095843
13126095844
13126095846
13126095941
13126096042
13126096143
13126096242
13126096245
13126096345
13126096403
13126096429
13126096430
13126096439
13126096452
13126096471
13126096491
13126096542
13126096643
13126096745
13126096747
13126096841
13126097041
13126097043
13126097044
13126097140
13126097146
13126097148
13126097244
13126097245
13126097247
13126097341
13126097344
13126097408
13126097410
13126097419
13126097442
13126097448
13126097450
13126097463
13126097464
13126097467
13126097485
13126097492
13126097497
13126097540
13126097641
13126097642
13126097741
13126097843
13126097945
13126097949
13126098041
13126098042
13126098146
13126098148
13126098246
13126098248
13126098340
13126098346
13126098348
13126098404
13126098430
13126098432
13126098459
13126098497
13126098540
13126098545
13126098643
13126098942
13126099144
13126099147
13126099340
13126099345
13126099406
13126099409
13126099415
13126099417
13126099467
13126099468
13126099476
13126099493
13126099742
13126099847
13138725341
13138725942
13138730381
13138734081
13138740132
13138740161
13138740213
13138740372
13138740756
13138740873
13138741020
13138741265
13138741285
13138741292
13138741495
13138741560
13138741565
13138741631
13138741695
13138742052
13138742157
13138742320
13138742529
13138742579
13138742607
13138742635
13138742662
13138742820
13138742916
13138742973
13138743251
13138743507
13138743579
13138743586
13138743625
13138743670
13138743736
13138743765
13138743786
13138743975
13138745187
13138745197
13138745293
13138745307
13138745605
13138745736
13138746293
13138746513
13138746563
13138746590
13138746731
13138746752
13138747073
13138747092
13138747291
13138747305
13138748025
13138748059
13138748093
13138748171
13138748260
13138748573
13138748963
13138749031
13138749172
13138749252
13138749532
13138749590
13138749609
13138749613
13138749729
13138749796
13138749821
13138749863
13138754740
13138754795
13138754942
13138764270
13138765743
13138790215
13138790258
13138790360
13138790562
13138790612
13138790631
13138790762
13138791005
13138791350
13138791682
13138791690
13138791727
13138791965
13138793181
13138796281
13169160241
13169160481
13169160515
13169160627
13169160871
13169160901
13169160920
13169160937
13169161206
13169161227
13169161253
13169161306
13169161797
13169161851
13169161853
13169162070
13169162237
13169162851
13169163115
13169163159
13169163230
13169163353
13169165143
13169170481
13169174581
13169176743
13169192381
13169194281
13169198742
13169760181
13169760243
13169774281
13169783081
13169784681
13169791546
13169794581
13169796481
13189502475
13189503756
13189504261
13189504475
13189504763
13189505341
13189505472
13189505493
13189505721
13189506343
13189506445
13189506731
13189506942
13189507245
13189507461
13189507496
13189508671
13189509041
13189509043
13189509441
13189509453
13189509643
13189510365
13189512041
13189512462
13189512492
13189512642
13189513249
13189513745
13189514073
13189514075
13189514245
13189514261
13189514270
13189514792
13189515843
13189516241
13189516340
13189516473
13189516475
13189516481
13189516540
13189517143
13189517145
13189517463
13189517472
13189517476
13189517479
13189517541
13189517646
13189517842
13189517845
13189517943
13189518171
13189518240
13189518343
13189518640
13189519145
13189519241
13189519421
13189519451
13189519523
13189521094
13189524753
13189524943
13189530240
13189530241
13189530242
13189530851
13189530903
13189530971
13189531041
13189534045
13189534291
13189534972
13189535469
13189535697
13189535742
13189535875
13189536041
13189536441
13189536787
13189537183
13189537341
13189538025
13189540243
13189540376
13189540471
13189540492
13189540493
13189540641
13189540843
13189540935
13189541452
13189541715
13189541741
13189541942
13189542152
13189542241
13189543481
13189552352
13189557213
13189563481
13189567481
13189570173
13189570793
13189571781
13189572041
13189572083
13189572360
13189572395
13189573062
13189573192
13189573491
13189576153
13189576170
13189576251
13189576352
13189576532
13189576912
13189578105
13189579652
13189581481
13226292381
13232152371
13232162157
13232163072
13232165270
13232165395
13232165807
13232167901
13232168307
13232181581
13232182181
13257670291
13288961251
13288961352
13288961806
13288961937
13288962052
13288962120
13288987481
15602510972
15602514965
15602518571
15622039045
15622053572
15622057470
15622058247
15626701532
15626702897
15626704713
15626705095
15626705729
15626705910
15626706201
15626706912
15626709574
15626709586
15626709750
15626717542
15626718414
15626719174
15626720571
15626721841
15626723534
15626723593
15626724807
15627510014
15627510043
15627510049
15627510074
15627510143
15627510146
15627510148
15627510164
15627510174
15627510184
15627510224
15627510241
15627510243
15627510246
15627510248
15627510249
15627510254
15627510294
15627510324
15627510342
15627510346
15627510354
15627510403
15627510410
15627510412
15627510415
15627510424
15627510426
15627510428
15627510429
15627510431
15627510437
15627510443
15627510445
15627510446
15627510450
15627510453
15627510454
15627510458
15627510461
15627510462
15627510467
15627510471
15627510474
15627510475
15627510482
15627510486
15627510487
15627510492
15627510498
15627510504
15627510524
15627510543
15627510546
15627510564
15627510574
15627510641
15627510643
15627510645
15627510649
15627510684
15627510694
15627510740
15627510741
15627510743
15627510746
15627510764
15627510784
15627510794
15627510843
15627510847
15627510848
15627510849
15627510854
15627510884
15627510894
15627510904
15627510940
15627510942
15627510943
15627510948
15627510974
15627511034
15627511042
15627511043
15627511048
15627511049
15627511064
15627511164
15627511194
15627511242
15627511243
15627511245
15627511246
15627511247
15627511248
15627511254
15627511324
15627511404
15627511405
15627511407
15627511412
15627511425
15627511435
15627511446
15627511454
15627511456
15627511457
15627511462
15627511463
15627511465
15627511467
15627511468
15627511469
15627511470
15627511472
15627511475
15627511478
15627511480
15627511486
15627511487
15627511489
15627511492
15627511493
15627511495
15627511496
15627511514
15627511524
15627511534
15627511540
15627511545
15627511547
15627511574
15627511614
15627511624
15627511641
15627511643
15627511644
15627511645
15627511646
15627511654
15627511674
15627511684
15627511694
15627511704
15627511724
15627511743
15627511744
15627511748
15627511774
15627511784
15627511814
15627511840
15627511845
15627511849
15627511864
15627511914
15627511924
15627512034
15627512045
15627512048
15627512074
15627512084
15627512094
15627512142
15627512149
15627512204
15627512243
15627512254
15627512264
15627512274
15627512294
15627512364
15627512384
15627512406
15627512412
15627512424
15627512427
15627512434
15627512436
15627512437
15627512438
15627512446
15627512447
15627512452
15627512453
15627512459
15627512460
15627512461
15627512462
15627512465
15627512469
15627512471
15627512473
15627512474
15627512475
15627512476
15627512480
15627512486
15627512489
15627512492
15627512493
15627512514
15627512524
15627512534
15627512541
15627512543
15627512546
15627512547
15627512548
15627512564
15627512574
15627512624
15627512642
15627512643
15627512644
15627512647
15627512649
15627512694
15627512740
15627512743
15627512747
15627512764
15627512784
15627512814
15627512834
15627512846
15627512849
15627512864
15627512874
15627512934
15627512941
15627512942
15627512984
15627513024
15627513043
15627513045
15627513046
15627513064
15627513084
15627513094
15627513104
15627513134
15627513174
15627513184
15627513214
15627513240
15627513248
15627513284
15627513342
15627513401
15627513402
15627513404
15627513410
15627513417
15627513418
15627513424
15627513425
15627513428
15627513430
15627513431
15627513434
15627513445
15627513472
15627513485
15627513490
15627513493
15627513549
15627513564
15627513584
15627513634
15627513640
15627513645
15627513648
15627513654
15627513664
15627513674
15627513684
15627513704
15627513743
15627513745
15627513747
15627513764
15627513774
15627513784
15627513794
15627513795
15627513814
15627513842
15627513843
15627513844
15627513854
15627513864
15627513874
15627513879
15627513894
15627513904
15627513940
15627513941
15627513945
15627513947
15627513974
15627513994
15627514001
15627514002
15627514004
15627514006
15627514007
15627514014
15627514021
15627514023
15627514030
15627514037
15627514038
15627514039
15627514042
15627514043
15627514053
15627514056
15627514060
15627514061
15627514063
15627514069
15627514082
15627514087
15627514092
15627514093
15627514094
15627514096
15627514097
15627514101
15627514103
15627514104
15627514115
15627514117
15627514121
15627514126
15627514129
15627514152
15627514153
15627514160
15627514169
15627514175
15627514176
15627514179
15627514180
15627514182
15627514192
15627514193
15627514202
15627514209
15627514210
15627514213
15627514216
15627514220
15627514226
15627514236
15627514248
15627514256
15627514261
15627514262
15627514263
15627514265
15627514268
15627514275
15627514280
15627514283
15627514285
15627514292
15627514297
15627514302
15627514304
15627514316
15627514317
15627514319
15627514326
15627514330
15627514334
15627514340
15627514344
15627514345
15627514347
15627514351
15627514353
15627514358
15627514360
15627514361
15627514369
15627514373
15627514378
15627514386
15627514390
15627514392
15627514395
15627514397
15627514403
15627514404
15627514407
15627514414
15627514415
15627514417
15627514419
15627514435
15627514452
15627514454
15627514459
15627514464
15627514468
15627514469
15627514492
15627514495
15627514497
15627514501
15627514504
15627514506
15627514507
15627514508
15627514512
15627514514
15627514525
15627514526
15627514530
15627514537
15627514542
15627514543
15627514546
15627514547
15627514549
15627514554
15627514563
15627514572
15627514576
15627514578
15627514580
15627514584
15627514591
15627514593
15627514595
15627514596
15627514601
15627514609
15627514612
15627514627
15627514628
15627514641
15627514645
15627514651
15627514656
15627514659
15627514662
15627514673
15627514679
15627514682
15627514684
15627514687
15627514693
15627514694
15627514701
15627514702
15627514705
15627514712
15627514714
15627514717
15627514723
15627514724
15627514727
15627514732
15627514734
15627514736
15627514738
15627514740
15627514744
15627514745
15627514748
15627514749
15627514752
15627514756
15627514771
15627514779
15627514784
15627514786
15627514795
15627514818
15627514820
15627514840
15627514842
15627514849
15627514875
15627514879
15627514887
15627514893
15627514894
15627514909
15627514921
15627514928
15627514935
15627514937
15627514938
15627514940
15627514941
15627514942
15627514944
15627514946
15627514947
15627514950
15627514959
15627514975
15627515214
15627515294
15627515334
15627515342
15627515346
15627515348
15627515349
15627515394
15627515401
15627515402
15627515403
15627515405
15627515409
15627515415
15627515419
15627515421
15627515423
15627515426
15627515428
15627515435
15627515436
15627515439
15627515450
15627515452
15627515453
15627515457
15627515463
15627515465
15627515472
15627515482
15627515483
15627515485
15627515493
15627515497
15627515498
15627515524
15627515534
15627515541
15627515545
15627515641
15627515643
15627515645
15627515664
15627515694
15627515714
15627515743
15627515834
15627515849
15627515904
15627515941
15627515943
15627515946
15627515948
15627515954
15627516014
15627516024
15627516054
15627516104
15627516124
15627516134
15627516143
15627516241
15627516246
15627516248
15627516354
15627516364
15627516374
15627516423
15627516427
15627516429
15627516430
15627516431
15627516458
15627516460
15627516462
15627516483
15627516487
15627516492
15627516495
15627516504
15627516534
15627516540
15627516544
15627516546
15627516584
15627516704
15627516740
15627516742
15627516746
15627516824
15627516834
15627516848
15627516864
15627516904
15627516941
15627516943
15627516946
15627516948
15627516994
15627517043
15627517124
15627517141
15627517147
15627517149
15627517194
15627517224
15627517241
15627517245
15627517249
15627517274
15627517314
15627517324
15627517343
15627517354
15627517409
15627517412
15627517414
15627517431
15627517453
15627517463
15627517468
15627517471
15627517475
15627517478
15627517483
15627517484
15627517485
15627517486
15627517487
15627517489
15627517495
15627517541
15627517554
15627517574
15627517624
15627517646
15627517747
15627517824
15627517842
15627517848
15627517874
15627517884
15627517934
15627517954
15627518004
15627518014
15627518043
15627518094
15627518124
15627518134
15627518141
15627518147
15627518149
15627518194
15627518242
15627518246
15627518324
15627518344
15627518346
15627518364
15627518402
15627518403
15627518409
15627518410
15627518423
15627518437
15627518439
15627518440
15627518441
15627518449
15627518462
15627518467
15627518469
15627518471
15627518482
15627518483
15627518485
15627518491
15627518493
15627518495
15627518504
15627518534
15627518541
15627518543
15627518549
15627518574
15627518614
15627518640
15627518642
15627518647
15627518674
15627518684
15627518734
15627518741
15627518742
15627518743
15627518764
15627518804
15627518834
15627518843
15627518864
15627518946
15627518949
15627518974
15627518994
15627519034
15627519045
15627519124
15627519147
15627519174
15627519241
15627519248
15627519274
15627519324
15627519341
15627519403
15627519413
15627519415
15627519426
15627519427
15627519441
15627519448
15627519449
15627519456
15627519474
15627519479
15627519483
15627519487
15627519491
15627519543
15627519545
15627519548
15627519624
15627519640
15627519644
15627519649
15627519664
15627519674
15627519744
15627519764
15627519841
15627519844
15627519846
15627519864
15627519914
15627519941
15627519943
15627519946
15627519974
15627530432
15627530635
15627562870
15627576289
15627580146
15627581957
15627583572
15627591831
15627593053
15627593871
15627598370
15627598974
15627599365
16698008074
16698070746
16698071049
16698071421
16698071435
16698071475
16698071542
16698071544
16698072141
16698072465
16698072534
16698073164
16698073245
16698073251
16698073464
16698074204
16698074350
16698074473
16698074624
16698074684
16698074703
16698074831
16698076041
16698078351
16698078462
16698078485
16698078524
16698078941
16698078974
16698079024
16698079483
16698079492
16698079684
17506282643
17506282713
17506282749
17506282784
17506282794
17506282845
17506282953
17506283034
17506283054
17506283129
17506283140
17506283149
17506283184
17506283297
17506283405
17506283429
17506283470
17506283547
17506283549
17506283691
17506283735
17506283924
17506284049
17506284203
17506284371
17506284397
17506284507
17506284630
17506284671
17506284679
17506284682
17506284691
17506284806
17506284951
17506284970
17506285247
17506285265
17506285470
17506285724
17506285730
17506285742
17506285943
17506286014
17506286045
17506286142
17506286164
17506286249
17506286304
17506286347
17506286710
17506286741
17506286749
17506287046
17506287191
17506287223
17506287340
17506287384
17506287410
17506287427
17506287487
17506287514
17506287572
17506287647
17506287841
17506287964
17506288251
17506288254
17506288410
17506288424
17506288490
17506288491
17506289014
17506289015
17506289035
17506289087
17506289142
17506289245
17506289263
17506289416
17506289447
17506289497
17506289704
17506289741
17520584104
17520584185
17520584761
17520586147
17520587237
17520587431
17520587854
17520589342
17520593763
17520594897
17520596271
17520596410
17520598451
17520598943
17520599930
17606680264
17606680594
17606685624
17688360140
17688362584
17688368548
18506671694
18575114309
18675680147
18675680164
18675680240
18675680414
18675680441
18675680445
18675680542
18675680545
18675680634
18675681194
18675681244
18675681248
18675681410
18675681450
18675681461
18675681472
18675681486
18675681494
18675681604
18675681748
18675682144
18675682149
18675682384
18675682394
18675682442
18675682456
18675682460
18675682470
18675682504
18675682542
18675682554
18675682624
18675682634
18675682641
18675682643
18675682647
18675682664
18675682744
18675682794
18675683004
18675683046
18675683194
18675683405
18675683415
18675683421
18675683474
18675683664
18675683714
18675683941
18675683942
18675684023
18675684040
18675684063
18675684075
18675684090
53595759897
64645341582
83416230911
98137720857