13018723001
13018723072
13018728723
13018729501
13018731802
13018731952
13018732931
13018735953
13018737016
13018737152
13018740175
13018742357
13018742637
13018742706
13018745063
13018746357
13018746591
13018747351
13018748125
13018748306
13018748396
13018748509
13018748527
13018748536
13018748552
13018748561
13018748597
13018748663
13018748690
13018748817
13018748971
13018749013
13018749083
13018749115
13018749158
13018749160
13018749208
13018749213
13018749217
13018749273
13018749290
13018749302
13018749351
13018749370
13018749380
13018749506
13018749527
13018749529
13018749551
13018749562
13018749603
13018749708
13018749713
13018749767
13018749786
13018749825
13018749826
13018749902
13018749906
13018749962
13018750192
13018750251
13018750261
13018750927
13018751397
13018752032
13018752039
13018752219
13018752267
13018752565
13018753267
13018760193
13018760214
13018761148
13018761214
13018761334
13018761534
13018761573
13018761834
13018762094
13018762447
13018762459
13018762475
13018762504
13018762524
13018762540
13018762564
13018762614
13018762642
13018762654
13018762694
13018762704
13018762714
13018762742
13018762743
13018762747
13018762754
13018762843
13018762914
13018762924
13018762945
13018762947
13018762954
13018762964
13018762994
13018763045
13018763074
13018763084
13018763104
13018763124
13018763140
13018763146
13018763149
13018763174
13018763241
13018763341
13018763406
13018763407
13018763423
13018763442
13018763473
13018763543
13018763574
13018763584
13018763604
13018763640
13018763654
13018763674
13018763714
13018763740
13018763754
13018763794
13018763824
13018763854
13018763864
13018763942
13018763954
13018763974
13018764024
13018764025
13018764031
13018764045
13018764053
13018764057
13018764059
13018764084
13018764087
13018764124
13018764125
13018764129
13018764137
13018764153
13018764154
13018764164
13018764165
13018764170
13018764174
13018764179
13018764184
13018764202
13018764204
13018764229
13018764249
13018764253
13018764257
13018764263
13018764265
13018764267
13018764271
13018764273
13018764274
13018764275
13018764284
13018764291
13018764293
13018764296
13018764304
13018764307
13018764312
13018764324
13018764351
13018764354
13018764359
13018764365
13018764370
13018764374
13018764379
13018764386
13018764402
13018764415
13018764416
13018764426
13018764431
13018764452
13018764459
13018764473
13018764474
13018764504
13018764540
13018764603
13018764614
13018764634
13018764640
13018764652
13018764673
13018764732
13018764735
13018764738
13018764740
13018764756
13018764769
13018764782
13018764785
13018764801
13018764820
13018764825
13018764831
13018764836
13018764837
13018764842
13018764863
13018764867
13018764870
13018764871
13018764872
13018764873
13018764901
13018764912
13018764915
13018764917
13018764925
13018764932
13018764934
13018764936
13018764954
13018764956
13018765042
13018765054
13018765074
13018765084
13018765124
13018765147
13018765174
13018765184
13018765254
13018765274
13018765314
13018765324
13018765364
13018765406
13018765446
13018765460
13018765461
13018765464
13018765474
13018765574
13018765594
13018765642
13018765714
13018765724
13018765740
13018765741
13018765749
13018765846
13018765847
13018765854
13018765894
13018765934
13018765942
13018765964
13018765974
13018766024
13018766094
13018766124
13018766140
13018766214
13018766242
13018766254
13018766264
13018766284
13018766304
13018766324
13018766401
13018766403
13018766425
13018766459
13018766489
13018766493
13018766524
13018766549
13018766714
13018766740
13018766842
13018766942
13018767004
13018767014
13018767024
13018767047
13018767141
13018767142
13018767145
13018767146
13018767149
13018767154
13018767184
13018767214
13018767245
13018767294
13018767304
13018767347
13018767348
13018767349
13018767401
13018767430
13018767449
13018767464
13018767465
13018767480
13018767481
13018767487
13018767534
13018767542
13018767724
13018767945
13018768014
13018768042
13018768074
13018768094
13018768154
13018768204
13018768304
13018768343
13018768349
13018768354
13018768394
13018768402
13018768404
13018768405
13018768407
13018768410
13018768414
13018768420
13018768454
13018768467
13018768487
13018768492
13018768514
13018768524
13018768541
13018768594
13018768604
13018768634
13018768645
13018768741
13018768746
13018768749
13018768774
13018768904
13018768914
13018768946
13018768954
13018768964
13018768974
13018769024
13018769043
13018769047
13018769074
13018769084
13018769104
13018769146
13018769154
13018769184
13018769224
13018769242
13018769324
13018769364
13018769374
13018769384
13018769401
13018769404
13018769405
13018769424
13018769426
13018769435
13018769436
13018769437
13018769441
13018769465
13018769474
13018769481
13018769484
13018769503
13018769534
13018769541
13018769542
13018769547
13018769562
13018769584
13018769594
13018769642
13018769647
13018769654
13018769694
13018769704
13018769734
13018769742
13018769743
13018769749
13018769754
13018769854
13018769864
13018769894
13018769914
13018769942
13025510075
13025510187
13025510235
13025510290
13025510323
13025510362
13025510367
13025510685
13025510772
13025510782
13025510785
13025510923
13025510936
13025510950
13025510960
13025511025
13025511076
13025511256
13025511325
13025511395
13025511612
13025511621
13025511626
13025511703
13025511763
13025511767
13025511793
13025511835
13025511857
13025511859
13025511913
13025512053
13025512195
13025512303
13025512362
13025512505
13025512569
13025512617
13025512732
13025512796
13025512805
13025512835
13025512910
13025512962
13025512967
13025513051
13025513057
13025513062
13025513097
13025513150
13025513196
13025513297
13025513372
13025513620
13025513623
13025513632
13025513653
13025513691
13025513705
13025513721
13025513752
13025513760
13025513761
13025513767
13025513785
13025513851
13025513871
13025513897
13025513915
13025513917
13025513923
13025513962
13025514163
13025514214
13025515307
13025515369
13025515605
13025515609
13025515612
13025515723
13025515756
13025515761
13025515803
13025515826
13025515853
13025515972
13025516017
13025516027
13025516032
13025516063
13025516102
13025516181
13025516187
13025516215
13025516251
13025516252
13025516257
13025516303
13025516315
13025516360
13025516391
13025516512
13025516591
13025516725
13025516805
13025516823
13025516867
13025516870
13025516905
13025516957
13025517103
13025517187
13025517195
13025517216
13025517263
13025517351
13025517387
13025517389
13025517510
13025517782
13025517856
13025517865
13025517871
13025517875
13025517893
13025517916
13025540165
13025540176
13025540192
13025540837
13025540851
13025541026
13025541032
13025541035
13025542593
13025542639
13025542927
13025543510
13025543617
13025543672
13025545631
13025545897
13025546915
13025547230
13025547501
13025547810
13025548213
13025548671
13025549691
13046300273
13046300276
13046300301
13046300372
13046300585
13046300591
13046300679
13046300691
13046300862
13046300923
13046301029
13046301095
13046301131
13046301136
13046301175
13046301192
13046301196
13046301205
13046301271
13046301276
13046301297
13046301357
13046301375
13046301393
13046301516
13046301571
13046301572
13046301665
13046301735
13046301827
13046301837
13046301906
13046301929
13046301967
13046301969
13046302039
13046302061
13046302087
13046302132
13046302175
13046302176
13046302193
13046302196
13046302206
13046302213
13046302215
13046302261
13046302265
13046302282
13046302295
13046302297
13046302309
13046302310
13046302316
13046302320
13046302326
13046302331
13046302351
13046302356
13046302359
13046302370
13046302375
13046302379
13046302380
13046302390
13046302503
13046302505
13046302512
13046302529
13046302553
13046302576
13046302590
13046302601
13046302607
13046302619
13046302625
13046302629
13046302631
13046302632
13046302653
13046302660
13046302663
13046302676
13046302690
13046302692
13046302693
13046302701
13046302702
13046302713
13046302717
13046302719
13046302720
13046302723
13046302731
13046302737
13046302750
13046302757
13046302762
13046302765
13046302775
13046302781
13046302785
13046302791
13046302792
13046302796
13046302797
13046302802
13046302813
13046302819
13046302823
13046302836
13046302851
13046302860
13046302861
13046302865
13046302873
13046302892
13046302915
13046302917
13046302921
13046302931
13046302932
13046310027
13046310057
13046310239
13046310357
13046310576
13046310637
13046310736
13046310787
13046310793
13046310971
13046311051
13046311072
13046311075
13046311076
13046311216
13046311232
13046311257
13046311262
13046311269
13046311272
13046311282
13046311295
13046311296
13046311307
13046311320
13046311361
13046311367
13046311372
13046311509
13046311523
13046311560
13046311570
13046311576
13046311587
13046311602
13046311605
13046311619
13046311627
13046311653
13046311721
13046311723
13046311763
13046311765
13046311782
13046311821
13046311837
13046311857
13046311870
13046311890
13046311892
13046311893
13046311896
13046311906
13046311907
13046311909
13046311920
13046311950
13046311952
13046311957
13046311967
13046312021
13046312023
13046312027
13046312030
13046312035
13046312039
13046312053
13046312062
13046312067
13046312071
13046312073
13046312075
13046312076
13046312082
13046312095
13046312097
13046312103
13046312109
13046312117
13046312125
13046312153
13046312161
13046312163
13046312165
13046312169
13046318117
13046318127
13046318129
13046318136
13046318150
13046318152
13046318157
13046318159
13046318160
13046318163
13046318167
13046318170
13046318173
13046318176
13046318179
13046318192
13046318196
13046318201
13046318203
13046318207
13046318210
13046318213
13046318215
13046318220
13046318225
13046318226
13046318237
13046318252
13046318257
13046318260
13046318262
13046318265
13046318267
13046318270
13046318271
13046318273
13046318276
13046318289
13046318293
13046318296
13046318305
13046318310
13046318313
13046318315
13046318316
13046318325
13046318335
13046318352
13046318356
13046318357
13046318360
13046318362
13046318367
13046318372
13046318380
13046318385
13046318389
13046318391
13046318392
13046318393
13046318395
13046318501
13046318502
13046318503
13046318506
13046318507
13046318521
13046318523
13046318527
13046318531
13046318532
13046318535
13046318536
13046318537
13046318551
13046318552
13046318560
13046318562
13046318565
13046318573
13046318575
13046318576
13046318596
13046318605
13046318613
13046318615
13046318621
13046318623
13046318629
13046318630
13046318651
13046318652
13046318670
13046318675
13046318679
13046318690
13046318692
13046318703
13046318705
13046318710
13046318715
13046318716
13046318717
13046320251
13046320267
13046320357
13046320539
13046320569
13046320580
13046320586
13046320617
13046320665
13046320689
13046320713
13046320715
13046320721
13046320723
13046320735
13046320736
13046320737
13046320739
13046320750
13046320753
13046320756
13046320759
13046320765
13046320771
13046320776
13046320781
13046320782
13046320787
13046320790
13046320792
13046320801
13046320805
13046320810
13046320827
13046320835
13046320856
13046320857
13046320861
13046320869
13046320872
13046320875
13046320876
13046320881
13046320893
13046320895
13046320935
13046320936
13046320950
13046320957
13046320959
13046320962
13046320969
13046320973
13046320975
13046320991
13046320992
13046321025
13046321029
13046321032
13046321039
13046321052
13046321071
13046321073
13046321079
13046321092
13046321093
13046321095
13046321097
13046321121
13046321127
13046321135
13046321139
13046321152
13046321219
13046321229
13046321261
13046321273
13046321296
13046321356
13046321552
13046321590
13046321731
13046321835
13046321867
13046321872
13046321875
13046321892
13046321952
13046321962
13046321971
13046321981
13046322039
13046322053
13046322056
13046322076
13046322079
13046322087
13046322107
13046322156
13046322161
13046322162
13046322173
13046322176
13046322371
13046322376
13046322659
13046322679
13046322705
13046322713
13046328216
13046328217
13046328257
13046328261
13046328267
13046328313
13046328317
13046328319
13046328327
13046328367
13046328375
13046328379
13046328503
13046328505
13046328573
13046328592
13046328601
13046328602
13046328627
13046328635
13046328673
13046328691
13046328692
13046328710
13046328756
13046328796
13046329783
13046329875
13046330172
13046330297
13046330652
13046330697
13046330873
13046330953
13046330976
13046331076
13046331390
13046331697
13046331767
13046331893
13046331957
13046331967
13046331981
13046332010
13046332017
13046332026
13046332027
13046332036
13046332059
13046332060
13046332065
13046332075
13046332081
13046332087
13046332091
13046332093
13046332096
13046332097
13046336712
13046338569
13046338573
13046338575
13046338590
13046338597
13046338607
13046338609
13046338617
13046338619
13046338623
13046338625
13046338637
13046338650
13046338672
13046338673
13046338679
13046338681
13046338683
13046338690
13046338691
13046338707
13046338716
13046338732
13046338751
13046338752
13046338757
13046338761
13046338762
13046338763
13046338769
13046338772
13046338783
13046338785
13046341671
13046341672
13046341682
13046341683
13046341685
13046341691
13046341693
13046341696
13046341712
13046341716
13046341718
13046341719
13046341720
13046341727
13046341730
13046341736
13046341737
13046341739
13046341750
13046341752
13046341753
13046341757
13046341760
13046341762
13046341763
13046341767
13046341770
13046341772
13046341776
13046341779
13046341781
13046341786
13046341792
13046341795
13046341796
13046341801
13046341807
13046341816
13046341826
13046341827
13046341830
13046341831
13046341832
13046341837
13046341839
13046341856
13046341857
13046341859
13046341863
13046341871
13046349259
13046349265
13046349270
13046349271
13046349273
13046349275
13046349282
13046349287
13046349297
13046349302
13046349310
13046349312
13046349313
13046349316
13046349320
13046349325
13046349326
13046349331
13046349356
13046349358
13046349376
13046349379
13046349392
13046349395
13046349503
13046349517
13046349519
13046349521
13046349523
13046349526
13046349529
13046349530
13046349531
13046349550
13046349551
13046349557
13046349563
13046349565
13046349568
13046349570
13046349571
13046349572
13046349576
13046349578
13046349586
13046349597
13046349601
13046349607
13046349609
13046349612
13046349616
13046349620
13046349630
13046349635
13046349636
13046349637
13046349639
13046349653
13046349657
13046349661
13046349667
13046349672
13046349675
13046349679
13046349681
13046349691
13046349692
13046349695
13046349703
13046349712
13046349715
13046349716
13046349717
13068105697
13068123750
13068123751
13068123757
13068123759
13068123767
13068123791
13068123796
13068123802
13068123812
13068123816
13068123827
13068123859
13068123875
13068123879
13068123895
13068123907
13068123909
13068123917
13068123925
13068123932
13068123936
13068123953
13068123961
13068123962
13068123963
13068123965
13068125023
13068125027
13068125062
13068125079
13068125091
13068125092
13068125097
13068125101
13068125107
13068125163
13068125167
13068125172
13068125176
13068125180
13068125293
13068125357
13068125371
13068125375
13068125613
13068125653
13068125680
13068125695
13068125707
13068125717
13068125759
13068125760
13068125785
13068126105
13068126115
13068126271
13068126292
13068126320
13068126325
13068126371
13068126391
13068126539
13068126550
13068126571
13068126692
13068126707
13068126750
13068126857
13068126871
13068126973
13068127019
13068127165
13068127265
13068127395
13068127510
13068127560
13068127570
13068127581
13068127586
13068127602
13068127670
13068127801
13068127829
13068127937
13068128165
13068128305
13068128517
13068128527
13068128530
13068128531
13068128551
13068128560
13068128563
13068128565
13068128570
13068128572
13068128592
13068128593
13068128602
13068128605
13068128607
13068128615
13068128629
13068128630
13068128635
13068128639
13068128670
13068128673
13068128679
13068128701
13068128706
13068128719
13068128720
13068128725
13068128732
13068128776
13068128791
13068128795
13068128917
13068128951
13068128956
13068128962
13068128963
13068128965
13068128967
13068129023
13068129037
13068129053
13068129063
13068129071
13068129230
13068129385
13068129391
13068129650
13068129706
13068129803
13068129972
13068130257
13068130615
13068130767
13068130851
13068130902
13068130906
13068130973
13068131154
13068131242
13068131246
13068131270
13068131272
13068131540
13068131550
13068131589
13068131634
13068131695
13068131709
13068131951
13068131974
13068132036
13068132101
13068132245
13068132354
13068132373
13068132413
13068132440
13068132454
13068132476
13068132481
13068132609
13068132615
13068132679
13068132926
13068132927
13068132981
13068133172
13068133173
13068133203
13068133250
13068133529
13068133607
13068133692
13068133720
13068133805
13068135375
13068136312
13068136325
13068136713
13068136723
13068136769
13068137075
13068137289
13068137372
13068137530
13068137532
13068137631
13068137761
13068137762
13068137913
13068138106
13068138267
13068138629
13068138657
13068138725
13068138912
13068138930
13068138953
13068139056
13068139061
13068139121
13068139172
13068139197
13068139237
13068139252
13068139257
13068139310
13068139327
13068139356
13068139360
13068139363
13068139379
13068139385
13068139536
13068139652
13068139676
13068139692
13068139707
13068139783
13068139815
13068139865
13068140097
13068140137
13068140170
13068140312
13068140759
13068140795
13068140871
13068140972
13068141265
13068141785
13068141961
13068142061
13068142105
13068142256
13068142391
13068142753
13068142780
13068142905
13068142930
13068143029
13068143071
13068143293
13068143551
13068143712
13068143917
13068145095
13068145261
13068145312
13068145760
13068145915
13068145972
13068146097
13068146253
13068146297
13068146309
13068146395
13068146510
13068146653
13068146673
13068146713
13068146817
13068146837
13068146902
13068146920
13068147153
13068147285
13068147291
13068147367
13068147370
13068147390
13068147553
13068147573
13068147583
13068147612
13068147632
13068147637
13068147739
13068147805
13068147859
13068147905
13068147906
13068147907
13068147920
13068147921
13068147952
13068147953
13068147961
13068147967
13068147971
13068147973
13068147995
13068148013
13068148027
13068148052
13068148057
13068148059
13068148073
13068148105
13068148126
13068148137
13068148157
13068148212
13068148215
13068148217
13068148250
13068148256
13068148257
13068148279
13068148287
13068148290
13068148295
13068148317
13068148352
13068148371
13068148376
13068148391
13068148510
13068148526
13068148527
13068148532
13068148537
13068148575
13068148576
13068148601
13068148602
13068148610
13068148631
13068148637
13068148657
13068148706
13068148713
13068148725
13068148732
13068148735
13068148737
13068148752
13068148763
13068148783
13068148785
13068148860
13068148906
13068148912
13068148920
13068148923
13068148932
13068148935
13068148937
13068148952
13068148953
13068148963
13068148971
13068149015
13068149016
13068149031
13068149050
13068149051
13068149063
13068149067
13068149076
13068149079
13068149103
13068149109
13068149120
13068149132
13068149136
13068149152
13068149157
13068149171
13068149172
13068149232
13068149251
13068149253
13068149263
13068149285
13068149302
13068149317
13068149327
13068149359
13068149371
13068149375
13068149510
13068149516
13068149517
13068149526
13068149531
13068149536
13068149537
13068149562
13068149601
13068149603
13068149610
13068149621
13068149623
13068149625
13068149629
13068149631
13068149637
13068149651
13068149692
13068149705
13068149707
13068149715
13068149717
13068149723
13068149727
13068149732
13068149750
13068149751
13068149752
13068149753
13068149757
13068149796
13068149817
13068149821
13068149831
13068149856
13068149857
13068149861
13068149871
13068149917
13068149970
13068149987
13068153971
13068155027
13068158107
13068159210
13068165307
13068166705
13068167679
13068169972
13068170591
13068172101
13068172362
13068173576
13068175397
13068175621
13068176361
13068176692
13068179052
13068196312
13068198507
13078600235
13078600352
13078600673
13078600851
13078601572
13078601652
13078601985
13078602037
13078602532
13078603527
13078603623
13078603739
13078605116
13078605365
13078605370
13078605571
13078605701
13078605829
13078606197
13078606560
13078606971
13078607129
13078607512
13078607531
13078607583
13078607691
13078607706
13078608270
13078608932
13078618636
13078620154
13078620184
13078620249
13078620254
13078620274
13078620334
13078620341
13078620374
13078620431
13078620445
13078620451
13078620454
13078620457
13078620464
13078620470
13078620475
13078620480
13078620482
13078620542
13078620642
13078620643
13078620644
13078620647
13078620674
13078620701
13078620746
13078620754
13078620764
13078620794
13078620840
13078620874
13078620894
13078620946
13078620954
13078621034
13078621041
13078621042
13078621054
13078621064
13078621074
13078621094
13078621141
13078621244
13078621245
13078621274
13078621304
13078621347
13078621394
13078621404
13078621431
13078621434
13078621436
13078621437
13078621446
13078621462
13078621474
13078621476
13078621490
13078621493
13078621495
13078621496
13078621542
13078621549
13078621584
13078621594
13078621645
13078621646
13078621674
13078621694
13078621741
13078621754
13078621774
13078621834
13078621864
13078621874
13078621934
13078622014
13078622046
13078622084
13078622142
13078622145
13078622342
13078622347
13078622364
13078622409
13078622412
13078623571
13078625297
13078629107
13078629113
13078632194
13078632420
13078632753
13078632804
13078633642
13078634502
13078634534
13078635217
13078635424
13078635764
13078636925
13078636974
13078637354
13078637894
13078639164
13078639749
13078640175
13078640176
13078640181
13078640192
13078640253
13078640259
13078640267
13078640271
13078640275
13078640279
13078640287
13078640297
13078640323
13078640351
13078640371
13078640536
13078640551
13078640579
13078640591
13078640635
13078640650
13078640657
13078645873
13078645981
13078646027
13078646037
13078646073
13078646103
13078646137
13078646183
13078646351
13078646572
13078646593
13078646730
13078646753
13078650134
13078650432
13078650471
13078650489
13078650646
13078650734
13078650954
13078651974
13078652104
13078656971
13078659662
13078661594
13078663163
13078665282
13078667144
13078668276
13078669701
13078670053
13078670206
13078670210
13078670446
13078671764
13078671874
13078672084
13078672145
13078672165
13078673994
13078674071
13078674147
13078674369
13078674553
13078674613
13078674640
13078676367
13078676370
13078676505
13078676635
13078676817
13078676931
13078676950
13078677016
13078677095
13078677239
13078677827
13078678017
13078678057
13078678065
13078678136
13078678597
13078678632
13078678723
13078679063
13078679120
13078679129
13078679167
13078679610
13078679659
13078679725
13078682052
13078686496
13078686503
13078686541
13078686732
13078686845
13078687257
13078687450
13078687987
13078688515
13078688603
13078689037
13078689625
13078689836
13078689931
13078689957
13078690267
13078690317
13078691573
13078692120
13078692172
13078693375
13078693735
13078693873
13078695013
13078695301
13078695690
13078695873
13078696385
13078696397
13078696503
13078696517
13078696521
13078696530
13078696535
13078696537
13078696570
13078696587
13078696589
13078696625
13078696631
13078696672
13078696673
13078696793
13078696801
13078696810
13078696815
13078696835
13078696850
13078696852
13078696873
13078696875
13078696891
13078696980
13078697013
13078697082
13078697087
13078697105
13078697180
13078697187
13078697285
13078697290
13078697583
13078698091
13078698093
13078698117
13078698131
13078698135
13078698137
13078698151
13078698152
13078698157
13078698171
13078698213
13078698217
13078698602
13078698995
13078699017
13078699085
13078699172
13078699175
13078699185
13078699195
13078699205
13078699206
13078699210
13078699215
13078699257
13078699260
13078699261
13078699271
13078699276
13078699305
13078699312
13078699326
13078699327
13078699352
13078699361
13078699372
13078699387
13078699506
13078699512
13078699529
13078699553
13078699563
13078699565
13078699571
13078699572
13078699573
13078699575
13078699603
13078699631
13078699656
13078699671
13078699675
13078699692
13078699701
13078699705
13078699737
13078699739
13078699762
13078699791
13078699827
13078699851
13078699852
13078699857
13085860674
13085861934
13085862634
13085862774
13085864031
13085864197
13085864271
13085864582
13085864934
13085865193
13085865289
13085866261
13085869674
13085872353
13085872861
13085875027
13085877013
13085877015
13085877061
13085877276
13085878014
13085878394
13085879351
13085890147
13085891407
13085891463
13085892154
13085892364
13085892414
13085892754
13085892764
13085896961
13085898776
13112980964
13112981254
13129210127
13129210152
13129210245
13129210272
13129210284
13129210363
13129210447
13129210452
13129210471
13129210517
13129210544
13129210556
13129210562
13129210643
13129210657
13129210673
13129210754
13129210763
13129210765
13129210865
13129211073
13129211079
13129211080
13129211091
13129211493
13129212295
13129212310
13129212457
13129212501
13129212517
13129212691
13129212740
13129212794
13129212804
13129213142
13129213174
13129213440
13129213674
13129213724
13129213804
13129213947
13129213954
13129214047
13129214074
13129214127
13129214153
13129214162
13129214174
13129214182
13129214195
13129214207
13129214231
13129214274
13129214307
13129214350
13129214351
13129214371
13129214394
13129214397
13129214451
13129214454
13129214462
13129214470
13129214514
13129214517
13129214524
13129214531
13129214562
13129214571
13129214594
13129214624
13129214634
13129214635
13129214657
13129214674
13129214685
13129214687
13129214705
13129214714
13129214724
13129214742
13129214761
13129214764
13129214781
13129214807
13129214824
13129214854
13129214934
13129214941
13129215094
13129215142
13129215245
13129215249
13129215254
13129215384
13129215420
13129215643
13129220172
13129220175
13129220527
13129220582
13129220693
13129221069
13129221253
13129221361
13129221382
13129221653
13129221795
13129222761
13129223017
13129223075
13129223167
13129223527
13129223785
13129223850
13129223852
13129223950
13129223971
13129240390
13129240697
13129240793
13129241737
13129242693
13129243573
13129245309
13129245327
13129246021
13129246703
13129247025
13129247051
13129247157
13129247635
13129247901
13129248172
13129248375
13129248632
13129248673
13129248932
13129249190
13129249261
13129252476
13129255560
13129258071
13129260275
13129260372
13129260536
13129260652
13129260752
13129260790
13129260951
13129260952
13129261079
13129261175
13129270745
13129271451
13129273647
13129273847
13129274067
13129274115
13129274193
13129274472
13129274725
13129275412
13129275441
13129275471
13129276450
13129276471
13129276491
13129277410
13129277462
13129277802
13129277827
13129277913
13129277923
13129277965
13129278017
13129278032
13129278170
13129278171
13129278195
13129278271
13129278347
13129278350
13129278351
13129278451
13129278509
13129278512
13129278519
13129278552
13129278571
13129278613
13129278619
13129278620
13129278625
13129278637
13129278659
13129278673
13129278691
13129278712
13129278775
13129279072
13129279201
13129279235
13129279347
13129279362
13129279613
13129279631
13129279851
13129285974
13144030783
13144030825
13144031629
13144032173
13144032385
13144032721
13144032969
13144033252
13144035091
13144035329
13144035732
13144035925
13144036053
13144036103
13144036372
13144036582
13144036631
13144036706
13144036783
13144037015
13144037026
13144037121
13144037135
13144037252
13144037302
13144037503
13144037607
13144037609
13144037639
13144037653
13144037693
13144037805
13144037829
13144037901
13144037903
13144038029
13144038056
13144038193
13144038227
13144038293
13144038367
13144038513
13144038523
13144038590
13144038632
13144038697
13144038779
13144038781
13144038792
13144038795
13144038798
13144038827
13144038879
13144038903
13144038983
13144039050
13144039060
13144039076
13144039086
13144039087
13144039103
13144039151
13144039152
13144039171
13144039197
13144039256
13144039281
13144039296
13144039307
13144039329
13144039379
13144039512
13144039552
13144039565
13144039573
13144039582
13144039625
13144039631
13144039632
13144039651
13144039713
13144039726
13144039730
13144039750
13144039752
13144039753
13144039760
13144039776
13144039851
13144039862
13144039891
13144039953
13144039970
13144039975
13144039982
13144040927
13144041039
13144041372
13144041529
13144041652
13144041659
13144041692
13144041725
13144041752
13144041765
13144041825
13144041870
13144042157
13144042176
13144042315
13144042317
13144042393
13144042598
13144042625
13144042663
13144042670
13144042680
13144042687
13144042736
13144042790
13144042815
13144042856
13144042863
13144042865
13144042903
13144042953
13144043026
13144043027
13148500391
13148500536
13148500639
13148501030
13148501362
13148501732
13148501796
13148501806
13148501931
13148502039
13148502235
13148502301
13148502306
13148502337
13148502391
13148502531
13148502917
13148503189
13148503517
13148503669
13148503706
13148503859
13148503863
13148503867
13148503930
13148505187
13148505632
13148505712
13148505819
13148506170
13148506197
13148506213
13148506389
13148506626
13148506861
13148507205
13148507332
13148507726
13148507856
13148507903
13148507993
13148508201
13148508251
13148508315
13148510593
13148510692
13148510879
13148510881
13148511069
13148511072
13148511079
13148511267
13148511293
13148511356
13148511359
13148511371
13148511389
13148511523
13148511525
13148511527
13148511529
13148511570
13148511595
13148511619
13148511625
13148511637
13148511672
13148518031
13148518059
13148518065
13148518078
13148518083
13148518096
13148518106
13148518108
13148518129
13148518179
13148518216
13148518252
13148518273
13148518279
13148518296
13148518297
13148518301
13148518310
13148518329
13148518379
13148518386
13148518502
13148518512
13148518519
13148518563
13148518575
13148518583
13148518589
13148518603
13148518639
13148518665
13148518705
13148518721
13148518739
13148518753
13148518769
13148518871
13148518901
13148518912
13148518913
13148518915
13148518951
13148518971
13148519025
13148519026
13148519036
13148519039
13148519056
13148519079
13148519086
13148519107
13148519126
13148519132
13148519156
13148519160
13148519165
13148519181
13148519183
13148519209
13148519212
13148519219
13148519239
13148519267
13148519278
13148519291
13148519296
13148519303
13148519320
13148519329
13148519335
13148519381
13148519526
13148519529
13148519535
13148519538
13148519553
13148519563
13148519572
13148519573
13148519576
13148519603
13148519609
13148519616
13148519626
13148519629
13148519639
13148519658
13148519659
13148519679
13148519689
13148519703
13148519708
13148519710
13148519725
13148519726
13148519732
13148519752
13148519756
13148519763
13148519767
13148519773
13148519786
13148519860
13148519875
13148519895
13148519905
13148520792
13148521247
13148521539
13148521572
13148521605
13148521685
13148522017
13148522157
13148522382
13148522573
13148522609
13148522623
13148522708
13148522739
13148522773
13148522806
13148522976
13148523035
13148526287
13148526301
13148526317
13148526352
13148526359
13148526365
13148526536
13148526573
13148526582
13148526737
13148526825
13148526832
13148526850
13148526931
13148526935
13148526960
13148527018
13148527061
13148527067
13148527069
13148527102
13148527109
13148527125
13148527128
13148527150
13148527176
13148530629
13148530758
13148530852
13148530905
13148530927
13148531031
13148531032
13148531037
13148531079
13148531091
13148531161
13148531176
13148531179
13148531232
13148531265
13148531269
13148531272
13148531297
13148531350
13148531367
13148531370
13148537013
13148537021
13148537031
13148537079
13148537185
13148537196
13148537231
13148537250
13148537270
13148537305
13148537312
13148537350
13148537509
13169301043
13169301241
13169301247
13169301407
13169301409
13169301420
13169301452
13169301457
13169301461
13169301476
13169301479
13169301481
13169301542
13169301642
13169301647
13169301649
13169301842
13169301941
13169302143
13169302147
13169302401
13169302403
13169302407
13169303142
13169303402
13169303471
13169303647
13169303649
13169303847
13169304019
13169304042
13169304059
13169304062
13169304073
13169304087
13169304091
13169304153
13169304160
13169304182
13169304205
13169304243
13169304262
13169304272
13169304291
13169304305
13169304331
13169304352
13169304387
13169304453
13169304467
13169304470
13169304472
13169304479
13169304487
13169304495
13169304509
13169318131
13169319832
13169320117
13169320170
13169320265
13169320517
13169320773
13169320793
13169320872
13169320973
13169321303
13169321530
13169321621
13169321696
13169321705
13169321906
13169322106
13169871560
13169882447
13169884205
13169884875
13169887459
13169887941
13169891353
13169891602
13169891876
13178600601
13178600643
13178601516
13178602934
13178607605
13178608051
13178609243
13178609847
13178610193
13178610376
13178610513
13178610572
13178610671
13178610725
13178621582
13178624073
13178626302
13178630047
13178630145
13178630194
13178630274
13178630347
13178630427
13178630453
13178630454
13178630574
13178630741
13178630764
13178630794
13178630814
13178630949
13178631349
13178631427
13178631435
13178631452
13178631493
13178631604
13178631804
13178631845
13178631847
13178631854
13178631947
13178632014
13178632040
13178632044
13178632104
13178632143
13178632344
13178632403
13178632431
13178632480
13178632482
13178632485
13178632492
13178632494
13178632514
13178632524
13178632542
13178632546
13178632594
13178632642
13178632694
13178632847
13178632974
13178640532
13178640935
13178641297
13178641532
13178641601
13178641876
13178641927
13178642103
13178642109
13178642970
13178646702
13178647691
13178648712
13178648751
13178649753
13178650279
13178650385
13178650557
13178650637
13178650680
13178650687
13178650723
13178650771
13178650827
13178650873
13178650892
13178650962
13178651057
13178651079
13178651092
13178651180
13178651260
13178651290
13178651326
13178651359
13178651586
13178651673
13178651729
13178651863
13178651901
13178651910
13178651925
13178652063
13178652165
13178652173
13178652331
13178652359
13178652391
13178652512
13178652562
13178652602
13178652631
13178652663
13178652681
13178653085
13178653276
13178653305
13178653320
13178653516
13178653591
13178653593
13178653679
13178653770
13178653782
13178653796
13178655121
13178655190
13178655271
13178655292
13178655627
13178655731
13178655825
13178655971
13178656026
13178656160
13178656230
13178656275
13178656295
13178656671
13178656732
13178656981
13178656993
13178657029
13178657109
13178657173
13178657201
13178657235
13178657293
13178657326
13178657381
13178657590
13178657601
13178657723
13178657726
13178657751
13178657753
13178657953
13178658027
13178658101
13178658175
13178658287
13178658312
13178658553
13178658612
13178658752
13178658937
13178658963
13178659013
13178659021
13178659061
13178659129
13178659310
13178659512
13178659537
13178659653
13178659692
13178659720
13178659727
13178659790
13178659796
13178659817
13178659902
13178660146
13178660149
13178662071
13178662231
13178663316
13178666080
13178666930
13178670570
13178671025
13178676980
13178679539
13178680112
13178680117
13178680195
13178680262
13178680271
13178680501
13178680671
13178680681
13178680685
13178680697
13178680782
13178680783
13178680832
13178680931
13178680956
13178680970
13178680975
13178681035
13178681056
13178681157
13178681197
13178681272
13178681375
13178681521
13178681553
13178681562
13178681609
13178681716
13178681796
13178681965
13178682097
13178682107
13178682385
13178682613
13178682710
13178682731
13178682976
13178683181
13178683205
13178683291
13178683362
13178683501
13178683521
13178683530
13178683597
13178683607
13178683671
13178683786
13178683857
13178683950
13178683957
13178685160
13178685237
13178685256
13178685637
13178685730
13178686925
13178687013
13178687032
13178687053
13178687307
13178687501
13178687971
13178688259
13178688317
13178688503
13178688519
13178688596
13178688613
13178688731
13178689013
13178689070
13178689117
13178689130
13178689160
13178689185
13178689213
13178689252
13178689373
13178689503
13178689563
13178689713
13178689715
13178689752
13178689772
13178689823
13178689852
13178690117
13178690259
13178690307
13178690370
13178690501
13178690532
13178690691
13178690782
13178690962
13178691251
13178691269
13178691290
13178691621
13178691763
13178691951
13178692030
13178692053
13178692110
13178692115
13178692180
13178692192
13178692210
13178692301
13178692387
13178692671
13178692732
13178692761
13178692851
13178692865
13178693021
13178693219
13178693272
13178693273
13178693371
13178693609
13178693772
13178693906
13178693953
13178695031
13178695087
13178695093
13178695172
13178695215
13178695262
13178695372
13178695562
13178695670
13178695685
13178695903
13178695912
13178695976
13178696309
13178696587
13178696620
13178696775
13178697027
13178697212
13178697263
13178697283
13178697370
13178697561
13178697597
13178697653
13178697692
13178697731
13178697767
13178697790
13178697814
13178697910
13178697962
13178698337
13178698539
13178698650
13178698673
13178698737
13178699057
13178699160
13178699216
13178699513
13178699570
13178699592
13178699631
13189201057
13189203440
13189212404
13189213532
13189213740
13189214094
13189214364
13189214617
13189214874
13189215405
13189215817
13189216437
13189217094
13189217154
13189217480
13189218264
13189218317
13189219437
13189219474
13189226921
13189226970
13189227089
13189227201
13189227236
13189227309
13189227321
13189227380
13189227501
13189227570
13189227623
13189227639
13189227683
13189227837
13189230127
13189230159
13189230181
13189230187
13189230193
13189230251
13189230275
13189230697
13189230783
13189230790
13189230795
13189230879
13189231051
13189231173
13189231271
13189231510
13189231569
13189231603
13189231612
13189231691
13189231832
13189231871
13189232027
13189232152
13189232505
13189232576
13189232697
13189232805
13189232952
13189232957
13189232961
13189232963
13189232987
13189233017
13189233105
13189233190
13189233237
13189233653
13189235052
13189235057
13189235069
13189235105
13189235112
13189235171
13189235227
13189236820
13189239824
13189240053
13189240069
13189240119
13189240187
13189240193
13189240257
13189240272
13189240285
13189240540
13189240553
13189240572
13189240583
13189240637
13189240650
13189240857
13189240971
13189241032
13189241060
13189241069
13189241275
13189241339
13189241340
13189241473
13189241521
13189241561
13189241595
13189241605
13189241636
13189241657
13189241697
13189241703
13189241716
13189241737
13189241740
13189241783
13189241792
13189241793
13189241825
13189241851
13189241916
13189242081
13189242181
13189242263
13189242281
13189242290
13189242459
13189242483
13189242617
13189242697
13189242730
13189242746
13189242847
13189242969
13189243005
13189243082
13189243102
13189243183
13189243203
13189243395
13189243421
13189243441
13189243472
13189243493
13189243625
13189243631
13189243645
13189243781
13189243807
13189243845
13189243849
13189243875
13189243910
13189244232
13189244246
13189244257
13189244325
13189244340
13189244347
13189244579
13189244581
13189245106
13189245132
13189245160
13189245295
13189245296
13189245385
13189245620
13189245629
13189245690
13189245713
13189245726
13189245786
13189245875
13189245881
13189245887
13189245997
13189246003
13189246019
13189246170
13189246191
13189246337
13189246516
13189246607
13189246791
13189246820
13189246923
13189246997
13189247105
13189247397
13189248035
13189248106
13189248617
13189249273
13189249297
13189249307
13189249323
13189249361
13189249507
13189249516
13189249537
13189249565
13189249725
13189249783
13189256136
13189262904
13189267346
13189267435
13189267824
13189269547
13189269574
13189269674
13189269724
13189271773
13189275985
13189282414
13189282974
13189283046
13189283047
13189283246
13189283254
13189283409
13189283474
13189283574
13189283947
13189284037
13189284103
13189284162
13189284173
13189284179
13189284367
13189284603
13189284652
13189284673
13189284694
13189284702
13189284724
13189284734
13189284745
13189284749
13189284770
13189284825
13189284901
13189284902
13189285084
13189285174
13189285254
13189285473
13189285614
13189285743
13189285794
13189285941
13189285942
13189285974
13189286054
13189286074
13189286174
13189286240
13189286429
13189286432
13189286484
13189286549
13189287024
13189287043
13189287044
13189287049
13189287344
13189287407
14654400895
15502056241
15502062431
15502062487
15502064260
15502064453
15502064773
15502065435
15502068042
15502070664
15502071462
15502074539
15502080675
15502081065
15502081397
15502082073
15502082579
15502082639
15502082751
15502082973
15502083071
15502083152
15502083192
15502083631
15502083715
15502083871
15502085337
15502085723
15502086526
15502086597
15502086713
15502086797
15502086813
15502086921
15502087063
15502087357
15502087362
15502087593
15502087809
15502088051
15502088265
15502088370
15502088503
15502088617
15502088739
15502089013
15502089072
15502089136
15502089156
15502089273
15502089303
15502090257
15502090395
15502096497
15502097465
15502098432
15507600195
15507600956
15507601035
15507601093
15507601267
15507601293
15507601335
15507601375
15507601531
15507601563
15507604795
15507610165
15507610193
15507610285
15507610293
15507610312
15507610326
15507610327
15507610351
15507610367
15507610372
15507610373
15507610560
15507610597
15507613751
15507615159
15507615408
15507615748
15507615865
15507618059
15507630082
15507630102
15507630103
15507630107
15507630169
15507630175
15507630176
15507630193
15507630195
15507630197
15507630232
15507630237
15507630250
15507630251
15507630257
15507630259
15507630267
15507630272
15507630281
15507630295
15507630297
15507630326
15507630351
15507630571
15507630576
15507630579
15507630581
15507630587
15507630592
15507630621
15507630635
15507630671
15507630681
15507630696
15507630716
15507630761
15507630835
15507630856
15507630902
15507630956
15507630961
15507630967
15507630969
15507630971
15507630972
15507630981
15507631052
15507631083
15507631170
15507631236
15507631279
15507631297
15507631309
15507631326
15507631337
15507631352
15507631365
15507631381
15507631382
15507631385
15507631531
15507631536
15507631582
15507631602
15507631625
15507631626
15507631627
15507631629
15507631659
15507631670
15507631671
15507631679
15507631683
15507631702
15507631715
15507631723
15507631732
15507631735
15507631791
15507631792
15507631807
15507631835
15507631857
15507631871
15507631895
15507631967
15507632015
15507632052
15507632056
15507632057
15507632073
15507632087
15507632130
15507632136
15507632152
15507632157
15507632171
15507632182
15507632210
15507632213
15507632237
15507632251
15507632257
15507632259
15507632282
15507632302
15507632316
15507632385
15507632501
15507632521
15507632550
15507632551
15507632579
15507632583
15507632585
15507632596
15507632631
15507632667
15507632675
15507632701
15507632709
15507632725
15507632731
15507632736
15507632737
15507632750
15507632769
15507632782
15507632851
15507632865
15507632871
15507632875
15507632982
15507632987
15507633015
15507633027
15507633063
15507633087
15507633107
15507633162
15507633185
15507633207
15507633209
15507633217
15507633259
15507633269
15507633275
15507633296
15507633501
15507633509
15507633510
15507633530
15507633552
15507633575
15507633610
15507633612
15507633635
15507633639
15507633657
15507633661
15507633701
15507633721
15507633725
15507633729
15507633731
15507633779
15507633786
15507633791
15507633809
15507633815
15507633839
15507633921
15507633925
15507633953
15507633957
15507633975
15507635010
15507635039
15507635062
15507635069
15507635107
15507635132
15507635136
15507635153
15507635160
15507635179
15507635196
15507635213
15507635217
15507635230
15507635265
15507635271
15507635291
15507635307
15507635316
15507635331
15507635351
15507635359
15507635361
15507635362
15507635379
15507635380
15507635391
15507635393
15507635396
15507635501
15507635579
15507635582
15507635602
15507635603
15507635607
15507635613
15507635617
15507635620
15507635623
15507635625
15507635632
15507635683
15507635710
15507635716
15507635751
15507635756
15507635772
15507635785
15507635790
15507635817
15507635836
15507635859
15507635861
15507635910
15507635921
15507635931
15507635951
15507635960
15507635961
15507635973
15507635976
15507635980
15507636013
15507636015
15507636037
15507636075
15507636081
15507636102
15507636103
15507636105
15507636109
15507636115
15507636129
15507636130
15507636135
15507636137
15507636167
15507636171
15507636173
15507636187
15507636191
15507636205
15507636231
15507636232
15507636251
15507636261
15507636283
15507636286
15507636290
15507636295
15507636312
15507636319
15507636329
15507636372
15507636381
15507636383
15507636502
15507636517
15507636519
15507636526
15507636589
15507636596
15507636716
15507636727
15507636731
15507636735
15507636783
15507636803
15507636901
15507636906
15507636923
15507636926
15507636935
15507636952
15507636959
15507636971
15507637025
15507637057
15507637102
15507637129
15507637131
15507637160
15507637170
15507637172
15507637173
15507637206
15507637250
15507637262
15507637290
15507637295
15507637323
15507637376
15507637385
15507637507
15507637515
15507637530
15507637581
15507637596
15507637597
15507637621
15507637675
15507637702
15507637736
15507637756
15507637851
15507637863
15507637901
15507637912
15507637919
15507637926
15507638013
15507638026
15507638031
15507638060
15507638090
15507638152
15507638156
15507638157
15507638195
15507638203
15507638215
15507638263
15507638270
15507638273
15507638287
15507638296
15507638317
15507638325
15507638327
15507638329
15507638330
15507638359
15507638537
15507638579
15507638613
15507638637
15507638671
15507638697
15507638719
15507638751
15507638792
15507638917
15507638925
15507638930
15507638931
15507639029
15507639051
15507639052
15507639053
15507639075
15507639135
15507639162
15507639163
15507639170
15507639171
15507639207
15507639209
15507639213
15507639260
15507639262
15507639267
15507639281
15507639312
15507639381
15507639525
15507639561
15507639570
15507639607
15507639615
15507639625
15507639627
15507639671
15507639673
15507639790
15507639801
15507639805
15507639830
15507639861
15507640027
15507640171
15507640256
15507640295
15507640340
15507640351
15507640371
15507640537
15507640591
15507640675
15507640751
15507640963
15507641095
15507641178
15507641204
15507641256
15507641272
15507641301
15507641305
15507641352
15507641635
15507641735
15507641769
15507641872
15507641895
15507641897
15507642062
15507642063
15507642315
15507642326
15507642510
15507642531
15507642561
15507642583
15507642603
15507642707
15507642756
15507642776
15507642805
15507642865
15507642905
15507642921
15507642972
15507643019
15507643027
15507643065
15507643092
15507643098
15507643153
15507643159
15507643203
15507643205
15507643212
15507643237
15507643259
15507643260
15507643271
15507643275
15507643290
15507643301
15507643307
15507643597
15507643727
15507643830
15507645032
15507645057
15507645073
15507647249
15507647434
15507647657
15507647672
15507647673
15507647683
15507647685
15507647697
15507647713
15507647721
15507647725
15507647730
15507647736
15507647737
15507647756
15507647765
15507647783
15507647796
15507647801
15507647803
15507647807
15507647812
15507647815
15507647816
15507647819
15507647820
15507647827
15507647829
15507647830
15507647835
15507647837
15507647851
15507647861
15507647862
15507647907
15507647919
15507647923
15507647926
15507647931
15507647939
15507647953
15507647961
15507647964
15507647971
15507647972
15507647981
15507647982
15507647983
15507647992
15507647996
15507648031
15507648036
15507648037
15507648039
15507648057
15507648059
15507648071
15507648072
15507648073
15507648075
15507648081
15507648103
15507648105
15507648108
15507648112
15507648115
15507648125
15507648127
15507648136
15507648150
15507648152
15507648163
15507648167
15507648171
15507648173
15507648186
15507648190
15507648193
15507648195
15507648201
15507648207
15507648209
15507648216
15507648231
15507648235
15507648253
15507648256
15507648270
15507648276
15507648278
15507648285
15507648290
15507648301
15507648303
15507648305
15507648307
15507648309
15507648310
15507648331
15507648356
15507648372
15507648378
15507648381
15507648461
15507648507
15507648517
15507648521
15507648531
15507648544
15507648572
15507648575
15507648580
15507648595
15507648601
15507648612
15507648613
15507648623
15507648630
15507648635
15507648637
15507648657
15507648659
15507648663
15507648679
15507648682
15507648697
15507648702
15507648703
15507648712
15507648713
15507648736
15507648738
15507648739
15507648752
15507648760
15507648763
15507648771
15507648775
15507648776
15507648781
15507648790
15507648798
15507648913
15507648915
15507648921
15507648923
15507648927
15507648936
15507648950
15507648951
15507648959
15507648963
15507648965
15507648976
15507648979
15507649007
15507649013
15507649017
15507649019
15507649021
15507649027
15507649036
15507649050
15507649051
15507649052
15507649058
15507649063
15507649065
15507649071
15507649075
15507649082
15507649089
15507649092
15507649101
15507649102
15507649103
15507649106
15507649112
15507649139
15507649157
15507649159
15507649161
15507649163
15507649182
15507649201
15507649206
15507649207
15507649213
15507649216
15507649217
15507649219
15507649226
15507649256
15507649260
15507649279
15507649281
15507649286
15507649301
15507649306
15507649313
15507649315
15507649316
15507649327
15507649332
15507649336
15507649337
15507649353
15507649360
15507649363
15507649370
15507649378
15507649381
15507649382
15507649387
15507649502
15507649503
15507649506
15507649508
15507649509
15507649512
15507649516
15507649517
15507649521
15507649525
15507649526
15507649530
15507649536
15507649561
15507649563
15507649571
15507649572
15507649573
15507649576
15507649578
15507649581
15507649583
15507649585
15507649586
15507649587
15507649591
15507649607
15507649609
15507649619
15507649625
15507649626
15507649652
15507649656
15507649657
15507649661
15507649671
15507649672
15507649685
15507649692
15507649701
15507649703
15507649705
15507649706
15507649719
15507649727
15507649731
15507649732
15507649737
15507649739
15507649751
15507649752
15507649753
15507649760
15507649771
15507649773
15507649782
15507649783
15507649785
15507649791
15507649795
15507650347
15507650943
15507651420
15507651429
15507652640
15507653224
15507653647
15507654129
15507654503
15507657134
15507661025
15507663619
15507663910
15507665110
15507665813
15507665904
15507666559
15507666572
15507666826
15507666836
15507666862
15507667130
15507667517
15507667974
15507668153
15507668403
15507669106
15507669512
15507669583
15507669585
15507669586
15507669632
15507669710
15507669712
15507669713
15507669752
15507669805
15507669851
15507669860
15507669861
15507669871
15507670553
15507670663
15507671547
15507672274
15507673283
15507674425
15507676637
15507676682
15507676769
15507677871
15507678171
15507679660
15507686553
15507696679
15521511219
15521511373
15521512173
15521515749
15521515947
15521516341
15521517061
15521518464
15521518503
15521518964
15521519157
15521520149
15521520445
15521521046
15521521420
15521522046
15521524067
15521524394
15521525047
15521525413
15521525614
15521525664
15521527241
15521527409
15521528240
15521528430
15521528644
15521529415
15521529794
15521530316
15521534072
15521535059
15521535073
15521535086
15521535093
15521535135
15521535139
15521535157
15521535167
15521535179
15521535187
15521535195
15521535259
15521535275
15521535287
15521535501
15521535571
15521535572
15521535609
15521535617
15521535670
15521535673
15521535691
15521535730
15521535732
15521535759
15521535782
15521535805
15521535871
15521535892
15521535906
15521535953
15521536021
15521536039
15521536089
15521536117
15521536126
15521536131
15521536150
15521536176
15521536259
15521536267
15521536272
15521536317
15521536352
15521536537
15521536562
15521536572
15521536592
15521536717
15521536721
15521536781
15521536792
15521536795
15521536862
15521536865
15521536905
15521536912
15521536913
15521536925
15521536951
15521536962
15521536983
15521537025
15521537027
15521537035
15521537060
15521537086
15521537103
15521537119
15521537185
15521537189
15521537195
15521537197
15521537205
15521537210
15521537237
15521537252
15521537257
15521537267
15521537269
15521537295
15521537309
15521537310
15521537317
15521537332
15521537369
15521537505
15521537531
15521537580
15521537597
15521537603
15521537609
15521537625
15521537626
15521537630
15521537651
15521537681
15521537683
15521537685
15521537690
15521537693
15521537801
15521537836
15521537861
15521537872
15521537876
15521537927
15521537937
15521537950
15521537973
15521537976
15521537995
15521538026
15521538076
15521538095
15521538136
15521538150
15521538253
15521538273
15521538307
15521538357
15521538365
15521538376
15521538527
15521538537
15521538603
15521538632
15521538673
15521538716
15521538769
15521538785
15521538902
15521538912
15521538913
15521538923
15521539026
15521539062
15521539093
15521539125
15521539150
15521539152
15521539176
15521539181
15521539217
15521539227
15521539235
15521539246
15521539249
15521539261
15521539272
15521539295
15521539327
15521539362
15521539463
15521539505
15521539509
15521539510
15521539513
15521539527
15521539535
15521539582
15521539602
15521539650
15521539670
15521539701
15521539716
15521539735
15521539752
15521539753
15521539759
15521539820
15521539825
15521539826
15521539827
15521539865
15521539873
15521539927
15521540037
15521540045
15521540059
15521540095
15521540117
15521540125
15521540159
15521540162
15521540196
15521540257
15521540293
15521540317
15521540395
15521540538
15521540635
15521540675
15521540693
15521540716
15521540725
15521540735
15521540763
15521540830
15521540861
15521540879
15521540951
15521540975
15521541061
15521541063
15521541081
15521541093
15521541137
15521541256
15521541292
15521541295
15521541336
15521541503
15521541536
15521541571
15521541591
15521541595
15521541603
15521541637
15521541670
15521541693
15521541695
15521541702
15521541705
15521541720
15521541752
15521541797
15521541802
15521541823
15521541826
15521541836
15521541859
15521541870
15521541879
15521541917
15521541921
15521541935
15521541936
15521541953
15521541973
15521542017
15521542065
15521542067
15521542091
15521542106
15521542170
15521542175
15521542259
15521542287
15521542359
15521542376
15521542512
15521542531
15521542721
15521542739
15521542756
15521542853
15521542873
15521542875
15521542905
15521542917
15521542923
15521542926
15521542936
15521542976
15521543091
15521543102
15521543106
15521543170
15521543261
15521543287
15521543307
15521543371
15521543372
15521543503
15521543506
15521543550
15521543587
15521543603
15521543629
15521543653
15521543692
15521543750
15521543780
15521543786
15521543820
15521543827
15521543871
15521543872
15521543873
15521543875
15521543879
15521543893
15521543931
15521543957
15521545019
15521545173
15521545193
15521545272
15521545284
15521545292
15521545306
15521545317
15521545350
15521545357
15521545361
15521545362
15521545365
15521545371
15521545379
15521545391
15521545539
15521545703
15521545732
15521545830
15521545839
15521545863
15521545873
15521545902
15521545967
15521545975
15521546021
15521546030
15521546075
15521546205
15521546207
15521546250
15521546256
15521546302
15521546315
15521546316
15521546351
15521546397
15521546513
15521546517
15521546521
15521546530
15521546537
15521546595
15521546707
15521546727
15521546730
15521546806
15521546873
15521546891
15521546970
15521546973
15521547010
15521547029
15521547032
15521547057
15521547096
15521547101
15521547113
15521547156
15521547182
15521547195
15521547231
15521547306
15521547308
15521547331
15521547382
15521547391
15521547563
15521547582
15521547583
15521547597
15521547621
15521547650
15521547829
15521547881
15521547901
15521547927
15521547937
15521547960
15521547972
15521548061
15521548105
15521548139
15521548153
15521548170
15521548193
15521548217
15521548357
15521548387
15521548509
15521548612
15521548652
15521548671
15521548692
15521548750
15521548797
15521548923
15521548931
15521548951
15521549017
15521549057
15521549065
15521549072
15521549082
15521549132
15521549135
15521549151
15521549153
15521549156
15521549205
15521549213
15521549231
15521549239
15521549256
15521549260
15521549265
15521549271
15521549272
15521549291
15521549301
15521549302
15521549305
15521549309
15521549319
15521549320
15521549350
15521549357
15521549359
15521549375
15521549379
15521549391
15521549395
15521549396
15521549512
15521549531
15521549563
15521549570
15521549572
15521549573
15521549583
15521549587
15521549602
15521549651
15521549682
15521549692
15521549715
15521549720
15521549725
15521549732
15521549751
15521549756
15521549781
15521549791
15521549796
15521549807
15521549836
15521549857
15521549870
15521549872
15521549875
15521549890
15521549895
15521549931
15521550171
15521550231
15521550296
15521550376
15521550671
15521550753
15521550863
15521550927
15521551329
15521551870
15521551873
15521552657
15521552759
15521560731
15521570072
15521570187
15521570192
15521570193
15521570261
15521570326
15521570373
15521570510
15521570531
15521570591
15521570597
15521570609
15521570617
15521570636
15521570659
15521570713
15521570735
15521570830
15521570892
15521570912
15521570931
15521570952
15521570967
15521570979
15521570981
15521571061
15521571070
15521571086
15521571103
15521571120
15521571161
15521571191
15521571202
15521571232
15521571259
15521571260
15521571295
15521571371
15521571536
15521571561
15521571562
15521571563
15521571569
15521571580
15521571606
15521571623
15521571637
15521571685
15521571696
15521571702
15521571727
15521571786
15521571806
15521571807
15521571851
15521571893
15521571903
15521571950
15521571951
15521571956
15521571962
15521571970
15521571976
15521572025
15521572050
15521572080
15521572082
15521572085
15521572091
15521572106
15521572167
15521572180
15521572196
15521572207
15521572231
15521572263
15521572265
15521572303
15521572306
15521572307
15521572370
15521572371
15521572375
15521572519
15521572563
15521572565
15521572569
15521572601
15521572607
15521572621
15521572637
15521578240
15521580061
15521580380
15521580573
15521580835
15521580856
15521581053
15521581093
15521581183
15521581283
15521581310
15521581352
15521581503
15521581625
15521581792
15521581796
15521581916
15521581967
15521582297
15521582373
15521582536
15521582683
15521582731
15521582756
15521582826
15521582867
15521582980
15521583082
15521583090
15521583136
15521583327
15521583354
15521583375
15521583810
15521583871
15521583935
15521585093
15521585326
15521585375
15521585605
15521585636
15521585703
15521586039
15521586109
15521586259
15521586261
15521586272
15521586319
15521586320
15521586337
15521586360
15521586391
15521586510
15521586675
15521586721
15521586793
15521587075
15521587216
15521587217
15521587251
15521587263
15521587302
15521587309
15521587341
15521587601
15521587615
15521587637
15521587702
15521587861
15521587932
15521587951
15521588561
15521588597
15521588727
15521588771
15521589051
15521589107
15521589206
15521589675
15521589717
15521589756
15521589827
15521589861
15521594773
15521597647
15521710267
15521710273
15521710285
15521712106
15521715657
15521715812
15521715923
15521716530
15521730689
15521731107
15521731342
15521731482
15521731625
15521732315
15521732517
15521732812
15521735672
15521735973
15521736156
15521736935
15521738665
15521738795
15521738915
15521739607
15521739765
15521739857
15521740127
15521740179
15521740231
15521740265
15521740312
15521740352
15521740372
15521740593
15521740673
15521740679
15521740787
15521740819
15521740830
15521740835
15521740857
15521740897
15521740905
15521740923
15521740950
15521740952
15521740991
15521741035
15521741038
15521741062
15521741063
15521741081
15521741083
15521741087
15521741091
15521741096
15521741130
15521741132
15521741137
15521741159
15521741169
15521741172
15521741175
15521741191
15521741197
15521741205
15521741207
15521741215
15521741229
15521741237
15521741253
15521741256
15521741259
15521741267
15521741278
15521741281
15521741291
15521741293
15521741301
15521741302
15521741317
15521741332
15521741338
15521741360
15521741361
15521741362
15521741375
15521741376
15521741382
15521741502
15521741509
15521741510
15521741526
15521741529
15521741531
15521741569
15521741573
15521741575
15521741593
15521741596
15521741606
15521741607
15521741613
15521741620
15521741623
15521741626
15521741627
15521741656
15521741657
15521741673
15521741676
15521741679
15521741689
15521741695
15521741719
15521741727
15521741732
15521741737
15521741738
15521741750
15521741753
15521741757
15521741760
15521741971
15521741980
15521741983
15521742027
15521742039
15521742050
15521742053
15521742060
15521742065
15521742069
15521742072
15521742073
15521742082
15521742089
15521742097
15521742098
15521742105
15521742110
15521742117
15521742135
15521742157
15521742163
15521742172
15521742189
15521742206
15521742207
15521742212
15521742219
15521742238
15521742253
15521742262
15521742267
15521742269
15521742273
15521742297
15521742306
15521742307
15521742315
15521742327
15521742356
15521742360
15521742362
15521742367
15521742371
15521742375
15521742381
15521742392
15521742501
15521742507
15521742517
15521742530
15521742532
15521742537
15521742563
15521742572
15521742606
15521742615
15521742629
15521742636
15521742637
15521742652
15521742661
15521742680
15521742685
15521742697
15521742703
15521742710
15521742712
15521742718
15521742725
15521742729
15521742738
15521742779
15521742782
15521742796
15521742801
15521742802
15521742806
15521742813
15521742835
15521742852
15521742857
15521742871
15521742872
15521742875
15521742878
15521742893
15521742895
15521742910
15521742917
15521742920
15521742950
15521742957
15521742963
15521742969
15521742986
15521743006
15521743013
15521743017
15521743026
15521743035
15521743057
15521743062
15521743069
15521743089
15521743091
15521743121
15521743125
15521743135
15521743137
15521743139
15521743150
15521743165
15521743180
15521743206
15521743209
15521743215
15521743220
15521743262
15521743263
15521743270
15521743272
15521743273
15521743293
15521743301
15521743319
15521743350
15521743353
15521743357
15521743359
15521743361
15521743363
15521743380
15521743381
15521743506
15521743518
15521743523
15521743527
15521743532
15521743551
15521743561
15521743572
15521743595
15521743602
15521743610
15521743650
15521743656
15521743659
15521743669
15521743671
15521743672
15521743681
15521743682
15521743710
15521743718
15521743723
15521743729
15521743731
15521743752
15521743753
15521743763
15521743781
15521743785
15521743787
15521743803
15521743810
15521743816
15521743817
15521743819
15521743820
15521743827
15521743830
15521743861
15521743871
15521743873
15521743892
15521743896
15521743903
15521743905
15521743912
15521743913
15521743930
15521743971
15521743976
15521744602
15521744853
15521744859
15521744862
15521745017
15521745020
15521745026
15521745027
15521745035
15521745039
15521745060
15521745067
15521745092
15521745103
15521745107
15521745121
15521745128
15521745131
15521745132
15521745136
15521745152
15521745153
15521745176
15521745178
15521745180
15521745189
15521745197
15521745218
15521745227
15521745238
15521745269
15521745271
15521745272
15521745275
15521745276
15521745278
15521745287
15521745301
15521745302
15521745309
15521745315
15521745331
15521745352
15521745367
15521745369
15521745373
15521745392
15521745393
15521745395
15521745396
15521745516
15521745519
15521745537
15521745562
15521745571
15521745583
15521745592
15521745595
15521745607
15521745613
15521745615
15521745623
15521745625
15521745626
15521745652
15521745661
15521745663
15521745693
15521745696
15521745697
15521745719
15521745727
15521745728
15521745731
15521745761
15521745770
15521745772
15521745773
15521745781
15521745797
15521745802
15521745819
15521745836
15521745862
15521745867
15521745875
15521745892
15521745893
15521745907
15521745953
15521745956
15521745960
15521745971
15521745983
15521745991
15521746020
15521746052
15521746056
15521746057
15521746061
15521746064
15521746065
15521746071
15521746082
15521746087
15521746091
15521746092
15521746096
15521746115
15521746117
15521746125
15521746128
15521746129
15521746130
15521746132
15521746162
15521746163
15521746165
15521746170
15521746173
15521746176
15521746179
15521746180
15521746187
15521746192
15521746197
15521746198
15521746202
15521746212
15521746215
15521746223
15521746231
15521746232
15521746237
15521746250
15521746251
15521746253
15521746256
15521746260
15521746267
15521746268
15521746269
15521746271
15521746272
15521746275
15521746279
15521746280
15521746281
15521746289
15521746290
15521746291
15521746298
15521746305
15521746307
15521746309
15521746310
15521746313
15521746317
15521746323
15521746326
15521746327
15521746328
15521746329
15521746332
15521746351
15521746356
15521746357
15521746362
15521746367
15521746376
15521746380
15521746381
15521746382
15521746506
15521746513
15521746515
15521746517
15521746519
15521746525
15521746526
15521746527
15521746561
15521746563
15521746572
15521746575
15521746579
15521746580
15521746590
15521746592
15521746593
15521746595
15521746596
15521746613
15521746620
15521746621
15521746629
15521746630
15521746631
15521746635
15521746651
15521746657
15521746671
15521746682
15521746685
15521746695
15521746725
15521746729
15521746730
15521746731
15521746736
15521746737
15521746751
15521746752
15521746753
15521746758
15521746761
15521746762
15521746770
15521746772
15521746785
15521746790
15521746793
15521746795
15521746807
15521746809
15521746813
15521746817
15521746820
15521746821
15521746836
15521746837
15521746850
15521746856
15521746871
15521746873
15521746891
15521746901
15521746910
15521746915
15521746916
15521746920
15521746921
15521746923
15521746925
15521746927
15521746928
15521746930
15521746935
15521746936
15521746937
15521746972
15521746973
15521746975
15521746976
15521746983
15521746986
15521746993
15521747010
15521747015
15521747017
15521747019
15521747021
15521747023
15521747025
15521747026
15521747027
15521747029
15521747031
15521747039
15521747051
15521747053
15521747059
15521747060
15521747065
15521747072
15521747075
15521747078
15521747079
15521747081
15521747082
15521747086
15521747089
15521747090
15521747093
15521747097
15521747098
15521747103
15521747125
15521747128
15521747132
15521747135
15521747136
15521747137
15521747153
15521747163
15521747169
15521747175
15521747183
15521747191
15521747193
15521747195
15521747197
15521747198
15521747203
15521747210
15521747212
15521747213
15521747216
15521747219
15521747220
15521747230
15521747236
15521747239
15521747250
15521747252
15521747256
15521747265
15521747269
15521747270
15521747281
15521747285
15521747289
15521747291
15521747298
15521747305
15521747320
15521747321
15521747325
15521747326
15521747332
15521747335
15521747339
15521747352
15521747356
15521747358
15521747359
15521747378
15521747379
15521747380
15521747391
15521747392
15521747506
15521747509
15521747516
15521747530
15521747535
15521747537
15521747552
15521747556
15521747563
15521747569
15521747571
15521747572
15521747582
15521747583
15521747590
15521747591
15521747601
15521747602
15521747609
15521747612
15521747615
15521747623
15521747632
15521747637
15521747638
15521747650
15521747652
15521747657
15521747662
15521747671
15521747673
15521747683
15521747690
15521747706
15521747712
15521747713
15521747716
15521747720
15521747721
15521747723
15521747728
15521747729
15521747753
15521747761
15521747765
15521747769
15521747782
15521747783
15521747790
15521747791
15521747801
15521747803
15521747809
15521747810
15521747812
15521747819
15521747820
15521747823
15521747827
15521747830
15521747857
15521747867
15521747869
15521747870
15521747871
15521747872
15521747876
15521747885
15521747896
15521747901
15521747907
15521747908
15521747915
15521747917
15521747926
15521747936
15521747937
15521747951
15521747959
15521747960
15521747978
15521747982
15521747987
15521747991
15521747996
15521748009
15521748010
15521748013
15521748015
15521748029
15521748032
15521748035
15521748039
15521748050
15521748053
15521748058
15521748060
15521748061
15521748067
15521748071
15521748072
15521748073
15521748079
15521748081
15521748086
15521748087
15521748090
15521748092
15521748093
15521748095
15521748103
15521748106
15521748107
15521748110
15521748116
15521748119
15521748120
15521748121
15521748125
15521748126
15521748127
15521748131
15521748135
15521748137
15521748151
15521748157
15521748160
15521748161
15521748165
15521748171
15521748175
15521748176
15521748180
15521748185
15521748187
15521748191
15521748196
15521748197
15521748203
15521748206
15521748212
15521748219
15521748230
15521748232
15521748256
15521748257
15521748263
15521748265
15521748269
15521748270
15521748276
15521748278
15521748291
15521748293
15521748297
15521748305
15521748306
15521748310
15521748315
15521748317
15521748327
15521748351
15521748356
15521748359
15521748363
15521748365
15521748367
15521748368
15521748370
15521748373
15521748375
15521748379
15521748381
15521748395
15521748397
15521748502
15521748503
15521748505
15521748506
15521748509
15521748512
15521748515
15521748517
15521748518
15521748525
15521748537
15521748551
15521748562
15521748563
15521748569
15521748572
15521748573
15521748576
15521748578
15521748579
15521748586
15521748595
15521748601
15521748603
15521748610
15521748613
15521748615
15521748621
15521748639
15521748653
15521748663
15521748665
15521748669
15521748671
15521748672
15521748675
15521750764
15521751035
15521752473
15521752486
15521752951
15521753145
15521753374
15521753491
15521754004
15521754165
15521760325
15521760327
15521760367
15521760373
15521760507
15521760536
15521760562
15521760563
15521760572
15521760575
15521760576
15521760580
15521760590
15521760593
15521760612
15521760710
15521760779
15521760783
15521760785
15521760787
15521760790
15521760795
15521760892
15521760962
15521761037
15521761051
15521761065
15521761067
15521761072
15521761087
15521761089
15521761092
15521761105
15521761159
15521761195
15521761207
15521761253
15521761280
15521761321
15521761352
15521761361
15521761362
15521761517
15521761637
15521761651
15521761675
15521761715
15521761751
15521761757
15521761791
15521761796
15521761805
15521761806
15521761871
15521761891
15521761907
15521762015
15521762017
15521762130
15521762193
15521762203
15521762235
15521762251
15521762390
15521762509
15521762532
15521762670
15521762679
15521762815
15521762873
15521762913
15521762972
15521763057
15521763086
15521763187
15521763607
15521763617
15521763723
15521763837
15521763871
15521763931
15521763932
15521765029
15521765109
15521765131
15521765271
15521765276
15521765295
15521765327
15521765361
15521765527
15521765579
15521765603
15521765637
15521765701
15521765763
15521765796
15521765852
15521765857
15521765861
15521765867
15521765875
15521765905
15521765971
15521766026
15521766031
15521766371
15521766515
15521766591
15521766593
15521766709
15521766867
15521766896
15521766912
15521766950
15521767113
15521767250
15521767261
15521767303
15521767313
15521767361
15521767382
15521767565
15521767726
15521767752
15521767761
15521767792
15521767961
15521768005
15521768010
15521768013
15521768021
15521768063
15521768129
15521768151
15521768191
15521768209
15521768319
15521768379
15521768581
15521768597
15521768602
15521768675
15521768681
15521768802
15521769020
15521769037
15521769201
15521769227
15521769237
15521769281
15521769291
15521769341
15521769352
15521769663
15521769736
15521769812
15521769821
15521769825
15521769837
15521769913
15521774602
15521776774
15521777034
15521777141
15521777143
15521780056
15521780072
15521780183
15521780263
15521780290
15521780309
15521780392
15521780585
15521780671
15521780753
15521780759
15521780839
15521780992
15521781073
15521781173
15521781276
15521781387
15521781635
15521781707
15521781715
15521781739
15521781876
15521781912
15521781913
15521781957
15521781967
15521782037
15521782046
15521782063
15521782092
15521782195
15521782303
15521782310
15521782367
15521782379
15521782501
15521782690
15521782980
15521782985
15521783059
15521783070
15521783152
15521783227
15521783272
15521783275
15521783356
15521783557
15521783602
15521783657
15521783706
15521783723
15521783731
15521783817
15521783856
15521783871
15521783961
15521785019
15521785030
15521785082
15521785089
15521785171
15521785230
15521785365
15521785367
15521785381
15521785395
15521785627
15521785680
15521785719
15521785750
15521785779
15521785780
15521786051
15521786052
15521786062
15521786101
15521786203
15521786529
15521786562
15521786590
15521786715
15521786753
15521786819
15521786853
15521786862
15521786902
15521786912
15521787061
15521787082
15521787139
15521787190
15521787196
15521787207
15521787260
15521787275
15521787303
15521787503
15521787506
15521787553
15521787597
15521787675
15521787691
15521787736
15521787805
15521787915
15521787935
15521787963
15521788092
15521788207
15521788310
15521788517
15521788579
15521788651
15521788693
15521788701
15521789083
15521789256
15521789356
15521789592
15521789613
15521789697
15521789720
15521789767
15521789851
15521790323
15521791886
15521796203
15521796330
15521796367
15521796371
15521796503
15521796531
15521796562
15521796569
15521796583
15521796587
15521796590
15521796595
15521796615
15521796637
15521796671
15521796672
15521796687
15521796695
15521796705
15521796720
15521796730
15521796735
15521796739
15521796751
15521796761
15521796775
15521796792
15521796796
15521796830
15521796850
15521796871
15521796873
15521796893
15521796910
15521796915
15521796920
15521796927
15521796950
15521796975
15521796986
15521797021
15521797029
15521797036
15521797065
15521797067
15521797072
15521797780
15521797996
15521798963
15521799986
15521810167
15521810253
15521810513
15521812935
15521813575
15521815102
15521815367
15521815763
15521817030
15521820061
15521820150
15521820275
15521820359
15521820375
15521820467
15521820583
15521820679
15521820683
15521820767
15521820975
15521820983
15521821097
15521821196
15521821329
15521821375
15521821395
15521821513
15521821690
15521821725
15521821749
15521821752
15521821762
15521821767
15521822351
15521822765
15521822915
15521823072
15521823117
15521823187
15521823217
15521823506
15521823712
15521823747
15521823790
15521824067
15521824460
15521824505
15521824647
15521824740
15521824792
15521825051
15521825070
15521825072
15521825250
15521825275
15521825276
15521825303
15521825376
15521825507
15521825561
15521825721
15521825769
15521825827
15521825862
15521826072
15521826115
15521826154
15521826176
15521826191
15521826285
15521826302
15521826445
15521826515
15521826617
15521826635
15521826730
15521826787
15521827261
15521827290
15521827351
15521827359
15521827469
15521827571
15521827593
15521827805
15521827903
15521827905
15521827921
15521827924
15521827956
15521827957
15521828573
15521828695
15521828697
15521828701
15521828760
15521829263
15521829351
15521829413
15521829501
15521829581
15521829650
15521829653
15521829685
15521829782
15521829792
15521831354
15521831945
15521832470
15521833174
15521833439
15521833654
15521834013
15521834065
15521834091
15521838150
15521839287
15521839716
15521840032
15521840107
15521840167
15521840265
15521840270
15521840329
15521840697
15521840703
15521840732
15521840785
15521840896
15521840931
15521840965
15521840972
15521841007
15521841261
15521841262
15521841291
15521841529
15521841572
15521841637
15521841653
15521841707
15521841729
15521841731
15521841836
15521841912
15521842095
15521842231
15521842259
15521842370
15521842381
15521842557
15521842591
15521842709
15521842762
15521842791
15521842827
15521842853
15521843015
15521843065
15521843069
15521843072
15521843079
15521843085
15521843089
15521843197
15521843276
15521843295
15521843307
15521843315
15521843371
15521843575
15521843592
15521843596
15521843715
15521843717
15521843750
15521843787
15521843792
15521843807
15521843825
15521843867
15521843873
15521843891
15521843901
15521843907
15521843912
15521843925
15521843952
15521843953
15521843972
15521845020
15521845061
15521845075
15521845101
15521845102
15521845126
15521845169
15521845221
15521845227
15521845235
15521845270
15521845280
15521845293
15521845351
15521845372
15521845390
15521845512
15521845601
15521845612
15521845617
15521845621
15521845627
15521845657
15521845682
15521845687
15521845693
15521845725
15521845736
15521845815
15521845825
15521845827
15521845863
15521845909
15521845923
15521845931
15521845963
15521845973
15521846005
15521846015
15521846025
15521846027
15521846057
15521846097
15521846101
15521846102
15521846136
15521846172
15521846195
15521846235
15521846251
15521846257
15521846272
15521846291
15521846303
15521846312
15521846337
15521846372
15521846386
15521846517
15521846525
15521846536
15521846557
15521846561
15521846572
15521846591
15521846592
15521846612
15521846637
15521846701
15521846709
15521846719
15521846739
15521846750
15521846751
15521846831
15521846862
15521846921
15521846953
15521846956
15521847017
15521847061
15521847109
15521847116
15521847120
15521847137
15521847186
15521847192
15521847252
15521847256
15521847257
15521847261
15521847285
15521847301
15521847310
15521847312
15521847319
15521847372
15521847601
15521847612
15521847629
15521847653
15521847671
15521847673
15521847686
15521847709
15521847710
15521847802
15521847829
15521847832
15521847837
15521847875
15521847903
15521847931
15521847957
15521847993
15521848021
15521848103
15521848125
15521848165
15521848179
15521848217
15521848230
15521848269
15521848276
15521848365
15521848393
15521848556
15521848569
15521848573
15521848590
15521848659
15521848839
15521848906
15521848907
15521848910
15521848952
15521848962
15521849015
15521849035
15521849052
15521849057
15521849062
15521849106
15521849107
15521849135
15521849172
15521849197
15521849209
15521849276
15521849325
15521849375
15521849390
15521849503
15521849507
15521849565
15521849570
15521849572
15521849573
15521849576
15521849612
15521849652
15521849670
15521849672
15521849713
15521849763
15521849781
15521849806
15521849836
15521849957
15521849983
15521850631
15521851052
15521851273
15521851326
15521851672
15521851837
15521852072
15521852561
15521853879
15521855827
15521856081
15521859134
15521860112
15521860135
15521860157
15521860161
15521860170
15521860187
15521860189
15521860216
15521860250
15521860253
15521860287
15521860337
15521860357
15521860359
15521860385
15521860517
15521860579
15521860592
15521860635
15521860637
15521860653
15521860657
15521860671
15521860680
15521860691
15521860697
15521860723
15521860730
15521860761
15521860781
15521860782
15521860797
15521860810
15521860873
15521860905
15521860923
15521860927
15521860957
15521860961
15521861053
15521861071
15521861105
15521861135
15521861170
15521861172
15521861173
15521861175
15521861253
15521861257
15521861273
15521861305
15521861307
15521861317
15521861350
15521861351
15521861352
15521861353
15521861361
15521861380
15521861501
15521861502
15521861509
15521861561
15521861562
15521861570
15521861580
15521861595
15521861652
15521861671
15521861673
15521861727
15521861732
15521861772
15521861792
15521861795
15521861796
15521861802
15521861807
15521861831
15521861867
15521861905
15521861917
15521861937
15521861950
15521861952
15521861967
15521861971
15521862052
15521862053
15521862057
15521862072
15521862073
15521862130
15521862139
15521862161
15521862170
15521862173
15521862195
15521862257
15521862279
15521862313
15521862362
15521862515
15521862521
15521862530
15521862539
15521862560
15521862563
15521862603
15521862639
15521862653
15521862671
15521862679
15521862680
15521862690
15521862707
15521862730
15521862735
15521862736
15521862750
15521862752
15521862760
15521862761
15521862785
15521862791
15521862793
15521862827
15521863032
15521863062
15521863071
15521863103
15521863139
15521863150
15521863152
15521863160
15521863190
15521863202
15521863239
15521863267
15521863281
15521863293
15521863296
15521863302
15521863309
15521863370
15521863503
15521863505
15521863512
15521863523
15521863527
15521863539
15521863551
15521863557
15521863572
15521863591
15521863596
15521863625
15521863627
15521863652
15521863653
15521863671
15521863675
15521863680
15521863687
15521863692
15521863707
15521863710
15521863732
15521863735
15521863736
15521863751
15521863753
15521863772
15521863780
15521863791
15521863803
15521863809
15521863812
15521863837
15521863852
15521863856
15521863862
15521863870
15521863871
15521863879
15521863891
15521863892
15521863903
15521863906
15521863907
15521863916
15521863919
15521863931
15521863950
15521863951
15521863952
15521863957
15521863967
15521863971
15521863980
15521865019
15521865057
15521865070
15521865072
15521865076
15521865083
15521865105
15521865107
15521865127
15521865132
15521865135
15521865139
15521865162
15521865175
15521865182
15521865183
15521865219
15521865227
15521865235
15521865261
15521865265
15521865273
15521865287
15521865289
15521865292
15521865297
15521865301
15521865307
15521865315
15521865317
15521865323
15521865337
15521865357
15521865362
15521865367
15521865370
15521865381
15521865395
15521865512
15521865530
15521865532
15521865593
15521865603
15521865610
15521865636
15521865637
15521865673
15602597107
15625321061
16675851464
16675852374
16675852441
16675852494
16675852614
16675852740
16675852743
16675852940
16675853942
16675854274
16675854704
16675862824
16675864171
16675864267
16675864314
16675864324
16675864354
16675864534
16675864573
16675864597
16675864650
16675864714
16675864724
16675864731
16675864741
16675864752
16675864754
16675864764
16675864784
16675864834
16675864847
16675864851
16675864894
16675864945
16675864951
16675865041
16675865247
16675865437
16675866054
16675867194
16675867294
16675867417
16675867541
16675867914
16675868074
16675868274
16675868304
16675868541
16675869014
16675869034
16675869214
16675869417
16675869423
16675869424
16675869544
16675869634
16675869641
16675870894
16675870974
16675871472
16675873594
16675874253
16675874254
16675874632
16675874781
16675874784
16675874814
16675875084
16675875164
16675875249
16675875304
16675875394
16675876284
16675876440
16675876493
16675877452
16675878340
16675878364
16675878941
16675879074
16675879243
16675879304
16675879447
16675879461
16675879741
16675880335
16675880565
16675880961
16675881173
16675881975
16675882351
16675882735
16675882757
16675883106
16675883217
16675883593
16675883721
16675885015
16675885130
16675885371
16675885691
16675885931
16675887057
16675887095
16675887195
16675887362
16675892437
16675892463
16675892485
16675892541
16675892554
16675892564
16675892584
16675892641
16675892643
16675892647
16675892674
16675892743
16675892764
16675892874
16675892914
16675892974
16675893034
16675893054
16675893064
16675893074
16675893104
16675893234
16675893240
16675893254
16675893417
16675893419
16675893425
16675893461
16675893464
16675893474
16675893480
16675893491
16675893492
16675893495
16675893542
16675893594
16675893634
16675893641
16675893724
16675893784
16675893824
16675893840
16675893874
16675893904
16675893947
16675893974
16675894017
16675894027
16675894045
16675894051
16675894053
16675894061
16675894067
16675894071
16675894074
16675894084
16675894124
16675894147
16675894151
16675894164
16675894181
16675894194
16675894195
16675894234
16675894245
16675894246
16675894247
16675894265
16675894274
16675894290
16675894293
16675894294
16675894351
16675894352
16675894354
16675894371
16675894391
16675894415
16675894437
16675894453
16675894473
16675894503
16675894514
16675894517
16675894534
16675894571
16675894573
16675894614
16675894631
16675894634
16675894651
16675894671
16675894674
16675894712
16675894714
16675894746
16675894750
16675894753
16675894785
16675894841
16675894846
16675894874
16675894901
16675894902
16675894930
16675894954
16675894964
16675895047
16675895147
16675895149
16675895194
16675895294
16675895314
16675895384
16675895435
16675895450
16675895462
16675895473
16675895474
16675895574
16675895634
16675895714
16675895724
16675895734
16675895742
16675895824
16675895974
16675896104
16675896140
16675896143
16675896204
16675896264
16675896340
16675896407
16675896417
16675896431
16675896435
16675896445
16675896450
16675896461
16675896470
16675896504
16675896704
16675896741
16675896784
16675896940
16675896943
16675896974
16675897014
16675897034
16675897045
16675897047
16675897104
16675897142
16675897247
16675897249
16675897341
16675897407
16675897415
16675897434
16675897436
16675897452
16675897462
16675897472
16675897546
16675897614
16675897641
16675897644
16675897804
16675897834
16675897840
16675897841
16675897854
16675898341
16675898344
16675898401
16675898437
16675898461
16676001783
16676007216
16676007265
16676007302
16676007352
16676007592
16676011424
16676011976
16676012191
16676012279
16676012287
16676012295
16676012752
16676012773
16676012856
16676012857
16676012902
16676013027
16676013117
16676013582
16676015035
16676015059
16676015070
16676015106
16676015187
16676015195
16676015232
16676015385
16676015790
16676015821
16676015903
16676016175
16676016217
16676016239
16676016351
16676016536
16676017187
16676017193
16676017265
16676017675
16676017976
16676019306
16676019307
16676019561
16676019613
16676020394
16676020447
16676020463
16676020473
16676020479
16676020541
16676020594
16676020643
16676020746
16676020754
16676020894
16676020949
16676020974
16676021045
16676021049
16676021094
16676021254
16676021274
16676021340
16676021374
16676021434
16676021437
16676021453
16676021465
16676021472
16676021473
16676021492
16676021493
16676021495
16676021497
16676021547
16676021574
16676021614
16676021634
16676021641
16676021647
16676021654
16676021724
16676021743
16676021745
16676021754
16676021793
16676021840
16676021842
16676021874
16676021947
16676022054
16676022154
16676022342
16676022401
16676022404
16676022459
16676022463
16676022464
16676022482
16676022563
16676022564
16676022574
16676022650
16676022704
16676022954
16676023014
16676023048
16676023064
16676023140
16676023145
16676023174
16676023214
16676023241
16676023245
16676023274
16676023341
16676023464
16676023484
16676023504
16676023564
16676023574
16676023641
16676023647
16676023672
16676023746
16676023774
16676023843
16676023845
16676023847
16676023924
16676023954
16676023975
16676024034
16676024039
16676024047
16676024057
16676024074
16676024104
16676024105
16676024137
16676024146
16676024152
16676024156
16676024163
16676024173
16676024174
16676024184
16676024197
16676024207
16676024215
16676024254
16676024275
16676024279
16676024281
16676024329
16676024347
16676024351
16676024353
16676024361
16676024367
16676024384
16676024391
16676024421
16676024431
16676024437
16676024461
16676024463
16676024482
16676024514
16676024517
16676024540
16676024541
16676024542
16676024552
16676024573
16676024574
16676024614
16676024623
16676024637
16676024642
16676024691
16676024702
16676024707
16676024713
16676024714
16676024732
16676024735
16676024744
16676024745
16676024746
16676024764
16676024780
16676024784
16676024792
16676024793
16676024810
16676024826
16676024834
16676024841
16676024851
16676024864
16676024865
16676024871
16676024875
16676024890
16676024907
16676024927
16676024937
16676024945
16676024946
16676024951
16676024964
16676024974
16676025604
16676025624
16676025634
16676025640
16676025643
16676025746
16676025764
16676025774
16676025804
16676025814
16676025846
16676025847
16676025854
16676025934
16676025941
16676025942
16676025948
16676027154
16676027184
16676027247
16676027294
16676027304
16676027340
16676027394
16676027425
16676027454
16676027491
16676027534
16676027541
16676027574
16676027649
16676040254
16676040745
16676041045
16676041084
16676041147
16676041247
16676041263
16676041294
16676041347
16676041402
16676041408
16676041435
16676041450
16676041452
16676041470
16676041472
16676041478
16676041496
16676041497
16676041549
16676041574
16676041584
16676041604
16676041654
16676041754
16676041794
16676041845
16676041846
16676041934
16676041942
16676042014
16676042074
16676042140
16676042145
16676042154
16676042164
16676042249
16676042314
16676042317
16676042341
16676042374
16676042384
16676042410
16676042451
16676042453
16676042465
16676042470
16676042471
16676042481
16676042487
16676042564
16676042614
16676042621
16676042634
16676042647
16676042654
16676042714
16676042740
16676042746
16676042804
16676042814
16676042904
16676042934
16676042943
16676042954
16676043067
16676043124
16676043140
16676043147
16676043172
16676043243
16676043246
16676043247
16676043271
16676043274
16676043284
16676043452
16676043460
16676043461
16676043474
16676043476
16676043490
16676043493
16676043514
16676043541
16676043547
16676043549
16676043564
16676043574
16676043634
16676043640
16676043651
16676043652
16676043654
16676043684
16676043697
16676043725
16676043745
16676043754
16676043774
16676043784
16676043840
16676043847
16676043849
16676043851
16676043854
16676043871
16676043874
16676043914
16676043924
16676043932
16676043942
16676043943
16676043947
16676043951
16676044063
16676044084
16676044085
16676044129
16676044151
16676044154
16676044157
16676044187
16676044237
16676044245
16676044247
16676044254
16676044267
16676044271
16676044314
16676044325
16676044346
16676044371
16676044382
16676044387
16676044395
16676044517
16676044549
16676044574
16676044583
16676044591
16676044595
16676044597
16676044671
16676044685
16676044695
16676044709
16676044714
16676044734
16676044790
16676044807
16676044854
16676044864
16676044916
16676044923
16676044932
16676044953
16676044954
16676044957
16676044974
16676044975
16676045047
16676045082
16676045104
16676045142
16676045143
16676045170
16676045192
16676045194
16676045243
16676045247
16676045301
16676045314
16676045341
16676045343
16676045401
16676045412
16676045413
16676045421
16676045471
16676045472
16676045479
16676045514
16676045574
16676045621
16676045634
16676045641
16676045749
16676045792
16676045801
16676045841
16676045854
16676045894
16676045904
16676045931
16676045941
16676045942
16676045943
16676045948
16676045954
16676045962
16676045974
16676045983
16676046073
16676046094
16676046143
16676046145
16676046147
16676046149
16676046153
16676046284
16676046304
16676046341
16676046342
16676046344
16676046374
16676046394
16676046407
16676046425
16676046434
16676046483
16676046492
16676046514
16676046517
16676046580
16676046584
16676046824
16676046834
16676046843
16676046847
16676046851
16676046874
16676046936
16676046947
16676047014
16676047052
16676047054
16676047094
16676047143
16676047145
16676047149
16676047162
16676047295
16676047341
16676047402
16676047403
16676047406
16676047421
16676047423
16676047424
16676047427
16676047439
16676047449
16676047453
16676047459
16676047514
16676047540
16676047546
16676047547
16676047564
16676047565
16676047694
16676047754
16676047841
16676047842
16676047864
16676047914
16676047934
16676047942
16676047951
16676047964
16676047975
16676048014
16676048034
16676048041
16676048124
16676048141
16676048145
16676048146
16676048164
16676048194
16676048249
16676048251
16676048334
16676048402
16676048415
16676048425
16676048427
16676048471
16676048479
16676048497
16676048514
16676048534
16676048542
16676048574
16676048645
16676048654
16676048704
16676048721
16676048741
16676048747
16676048749
16676048784
16676048914
16676048947
16676048954
16676048974
16676049021
16676049042
16676049043
16676049103
16676049137
16676049140
16676049147
16676049154
16676049174
16676049243
16676049246
16676049251
16676049274
16676049284
16676049340
16676049341
16676049342
16676049346
16676049354
16676049401
16676049405
16676049415
16676049423
16676049437
16676049458
16676049462
16676049463
16676049467
16676049475
16676049483
16676049493
16676049503
16676049514
16676049534
16676049542
16676049544
16676049571
16676049667
16676049724
16676049742
16676049745
16676049754
16676049847
16676051273
16676054091
16676054104
16676054120
16676054139
16676054157
16676054159
16676054171
16676054173
16676054207
16676054214
16676054219
16676054237
16676054284
16676054291
16676054304
16676054357
16676054374
16676054394
16676054407
16676054425
16676054457
16676054484
16676054514
16676054519
16676054572
16676054573
16676054584
16676054592
16676054612
16676054614
16676054619
16676054651
16676054675
16676054702
16676054703
16676054713
16676054714
16676054732
16676054734
16676054735
16676054742
16676054743
16676054790
16676054794
16676054803
16676054807
16676054870
16676054874
16676054912
16676054924
16676054941
16676054957
16676054964
16676054971
16676055241
16676055344
16676055409
16676055484
16676055493
16676055843
16676055846
16676055847
16676055914
16676055942
16676055943
16676056149
16676056241
16676056244
16676056294
16676056314
16676056324
16676056394
16676056417
16676056470
16676056474
16676056479
16676056480
16676056514
16676056547
16676056814
16676056914
16676056947
16676057024
16676057034
16676057041
16676057042
16676057154
16676057164
16676057174
16676057214
16676057241
16676057249
16676057254
16676057264
16676057354
16676057401
16676057410
16676057423
16676057424
16676057439
16676057441
16676057453
16676057454
16676057461
16676057471
16676057492
16676057497
16676057541
16676057542
16676057554
16676057594
16676057694
16676057824
16676057864
16676057914
16676057941
16676057945
16676057946
16676058034
16676058054
16676058124
16676058143
16676058147
16676058149
16676058154
16676058174
16676058204
16676058247
16676058341
16676058354
16676058401
16676058407
16676058414
16676058417
16676058424
16676058435
16676058452
16676058461
16676058467
16676058470
16676058471
16676058472
16676058494
16676058541
16676058564
16676058674
16676058714
16676058741
16676058749
16676058754
16676058794
16676058941
16676058944
16676059014
16676059254
16676059354
16676059384
16676059427
16676059434
16676059453
16676059471
16676059474
16676059484
16676059544
16676059574
16676059614
16676059641
16676059674
16676059764
17666364894
17666366543
17666374572
17666381473
17666382490
17666384915
17666384967
17666386174
17666387434
17666482042
17666482143
17666482534
17666483514
17666486104
17666487094
17688108024
17688130439
17688131942
17688132084
17688132645
17688133649
17688134013
17688134071
17688134192
17688134371
17688134474
17688134744
17688134974
17688135394
17688135824
17688136401
17688136641
17688136794
17688137174
17688137242
17688137324
17688137412
17688137439
17688137464
17688137496
17688147049
18576019114
18576040844
18576043474
18576043540
18576044915
18576045174
18576045844
18576047210
18576047597
18576079150
18576094301
18576094476
18576094561
18576269426
18576269474
18664417639
18664417812
18664417915
18664417937
18664423750
18664423752
18664423791
18664423798
18664423802
18664423810
18664423952
18664423970
18664435361
18664435390
18664435506
18664435515
18664435527
18664435597
18664435659
18664435895
18664471853
18664471869
18664471870
18664471872
18664471873
18664471879
18664471891
18664471892
18664471893
18664471901
18664471902
18664471903
18664471906
18664471913
18664471921
18664471923
18664471931
18664471932
18664471935
18664471936
18664471937
18664471953
18664471960
18664471970
18664471973
18664471985
18664472061
18664472063
18664472065
18664472069
18664472070
18664472071
18664472072
18664472089
18664472095
18664472096
18664472097
18664472102
18664472113
18675340972
18675341352
18675393575
18675393610
18675393623
18675393650
18675393701
18676019332
18676019597
18676019667
18676019873
18676020162
18676020183
18676020350
18676020367
18676020725
18676020783
18676020937
18676020973
18676021193
18676021373
18676021572
18676021671
18676021910
18676021915
18676022565
18676023260
18676023375
18676023613
18676023736
18676023785
18676023912
18676023971
18676025059
18676031527
18676031637
18676031709
18676031719
18676031729
18676031732
18676031735
18676032075
18676032127
18676032351
18676032359
18676032373
18676032390
18676032510
18676032519
18676032580
18676032590
18676032597
18676032637
18676032680
18676032683
18676032705
18676032709
18676032710
18676032763
18676032825
18676032870
18676032910
18676032917
18676032952
18676032965
18676032991
18676033052
18676033057
18676033207
18676033672
18676033691
18676033872
18676033902
18676033915
18676033917
18676033937
18676033951
18676033962
18676103596
18676103601
18676103610
18676103650
18676103651
18676103671
18676103675
18676103709
18676103712
18676103716
18676103717
18676103921
18676103952
18676103956
18676105129
18676140731
18676150967
18676151053
18676151069
18676151206
18676151387
18676151683
18676151773
18676151915
18676152037
18676152103
18676152230
18676152291
18676152306
18676152321
18676152362
18676152363
18676152572
18676152603
18676152693
18676152710
18676152721
18676152796
18676152907
18676152931
18676153025
18676153192
18676153203
18676153226
18676153235
18676153253
18676153291
18676153617
18676153631
18676153675
18676153681
18676153706
18676153723
18676153752
18676153761
18676153797
18676153902
18676153931
18676155190
18676155276
18676402553
18676402559
18676402560
18676402565
18676402576
18676402579
18676402581
18676402582
18676402587
18676402591
18676402592
18676402607
18676402610
18676402621
18676402623
18676402635
18676402638
18676402653
18676402661
18676402671
18676402682
18676402685
18676402687
18676402707
18676402708
18676402712
18676402715
18676402716
18676402725
18676402732
18676402736
18676402751
18676402763
18676402765
18676402770
18676402773
18676402775
18676402780
18676402785
18676402790
18676402791
18676402795
18676402807
18676402810
18676402821
18676402835
18676402836
18676402839
18676402850
18676402852
18676402859
18676402879
18676402890
18676402891
18676402892
18676402905
18676402907
18676402910
18676402913
18676402919
18676402936
18676402938
18676402953
18676402958
18676402970
18676402971
18676402975
18676402997
18676403013
18676403015
18676403023
18676403029
18676403036
18676403083
18676407750
18676407751
18676407753
18676407761
18676407762
18676407791
18676407792
18676407795
18676407796
18676407810
18676407813
18676407819
18676407836
18676407851
18676407853
18676407863
18676407865
18676407867
18676407870
18676407875
18676407891
18676407901
18676407915
18676407921
18676407923
18676407929
18676407936
18676407937
18676407938
18676407952
18676407953
18676407962
18676407965
18676407975
18676407983
18676407985
18676408021
18676408026
18676408029
18676408031
18676408036
18676408037
18676408038
18676408039
18676408051
18676408052
18676408059
18676408061
18676408069
18676408079
18676408092
18676408102
18676408127
18676408129
18676408135
18676408136
18676408150
18676408153
18676408157
18676408162
18676408165
18676408167
18676408173
18676408175
18676408179
18676408192
18676408206
18676408213
18676408215
18676408221
18676408231
18676408251
18676408253
18676408256
18676408259
18676408260
18676408265
18676408269
18676408275
18676408289
18676408293
18676408301
18676408306
18676408313
18676408321
18676408336
18676408356
18676408378
18676408382
18676408390
18680151932
18680151935
18680151967
18680152071
18680152132
18680152172
18680152320
18680152327
18680152501
18680152563
18680152593
18680152690
18680152797
18680152809
18680152813
18680152821
18680152903
18680152931
18680152960
18680152980
18680152981
18680153052
18680153061
18680153072
18680153083
18680153170
18680153172
18680153182
18680153187
18680153212
18680153217
18680153221
18680153251
18680153279
18680153376
18680153510
18680153513
18680153519
18680153602
18680153675
18680153703
18680153710
18680153763
18680153775
18680153806
18680153831
18680153837
18680153852
18680153857
18680153863
18680153865
18680153892
18680153913
18680153929
18680153956
18680153957
18680153973
18680153975
18680157019
18680157052
18680157101
18680157132
18680157161
18680157173
18680157176
18680157179
18680157196
18680157197
18680157235
18680157237
18680157253
18680157256
18680157261
18680157292
18680157295
18680157302
18680157310
18680157390
18680157553
18680157563
18680157592
18680157597
18680157625
18680157679
18680157727
18680157801
18680157826
18680157873
18680157939
18680157952
18680157953
18680157956
18680157967
18689352307
18689352607
18689353612
18689353727
18689353795
18689353861
18689353897
18689355016
18689355017
18689355261
18689355290
18689355291
18689372961
18689372962
18689373061
18689373181
18689373276
18689373569
18689373813
18689373892
18689373905
18689373952
18689375051
18689375130
18689375175
18689375367
18689375372
18689375591
18689375695
18689375760
18689375791
18689375913
18689377391
18689377512
18689401521
18689402167
51783592847