13005810635
13005817581
13005821410
13005824371
13005824643
13005833275
13005833670
13005834176
13005834916
13005835471
13005842065
13005842694
13005861971
13005863857
13005867352
13005867583
13005867902
13005868751
13005869173
13005887035
13005896975
13025800147
13025800167
13025800174
13025800194
13025800241
13025800294
13025800297
13025800341
13025800347
13025800401
13025800419
13025800421
13025800431
13025800453
13025800457
13025800459
13025800462
13025800485
13025800542
13025800564
13025800684
13025800734
13025800784
13025800841
13025800914
13025800934
13025800943
13025800946
13025800954
13025800984
13025801043
13025801046
13025801047
13025801049
13025801094
13025801147
13025801174
13025801194
13025801241
13025801244
13025801249
13025801274
13025801324
13025801349
13025801362
13025801394
13025801403
13025801416
13025801420
13025801429
13025801431
13025801432
13025801435
13025801437
13025801451
13025801452
13025801472
13025801475
13025801476
13025801481
13025801487
13025801490
13025801491
13025801496
13025801537
13025801540
13025801541
13025801548
13025801554
13025801564
13025801641
13025801642
13025801674
13025801694
13025801719
13025801745
13025801749
13025801784
13025801794
13025801824
13025801842
13025801894
13025801895
13025801904
13025801934
13025801943
13025801947
13025801954
13025801974
13025802034
13025802042
13025802054
13025802064
13025802076
13025802134
13025802137
13025802142
13025802143
13025802149
13025802154
13025802174
13025802184
13025802197
13025802249
13025802264
13025802294
13025802342
13025802346
13025802351
13025802364
13025802394
13025802407
13025802413
13025802416
13025802421
13025802451
13025802452
13025802453
13025802460
13025802473
13025802482
13025802485
13025802492
13025802493
13025802497
13025802549
13025802564
13025802594
13025802615
13025802634
13025802641
13025802649
13025802684
13025802703
13025802704
13025802714
13025802742
13025803165
13025803167
13025803175
13025803176
13025803201
13025805279
13025805362
13025805712
13025805892
13025806075
13025806107
13025806195
13025806532
13025807062
13025807193
13025807201
13025807217
13025807921
13025807952
13025808071
13025808165
13025808207
13025808217
13025808263
13025808290
13025808293
13025808307
13025808315
13025808537
13025808573
13025808671
13025808673
13025808675
13025808751
13025808760
13025808917
13025808935
13025808952
13025808971
13025809115
13025809125
13025809137
13025809165
13025809179
13025809197
13025809210
13025809251
13025809252
13025809257
13025809275
13025809285
13025809317
13025809326
13025809352
13025809395
13025809512
13025809532
13025809572
13025809576
13025809581
13025809591
13025809592
13025809601
13025809612
13025809617
13025809651
13025809652
13025809715
13025809716
13025809731
13025809737
13025809753
13025809761
13025809767
13025809791
13025809795
13025810053
13025810256
13025810381
13025810386
13025810559
13025810630
13025810675
13025810679
13025810689
13025810716
13025810783
13025810821
13025810895
13025810935
13025811037
13025811079
13025811238
13025811272
13025811279
13025811386
13025811390
13025811510
13025811605
13025811751
13025811853
13025811891
13025811912
13025811939
13025811971
13025812036
13025812037
13025812056
13025812057
13025812085
13025812161
13025812258
13025812356
13025812357
13025812536
13025812573
13025812592
13025812682
13025812718
13025812852
13025812867
13025812975
13025813032
13025813063
13025813117
13025813137
13025813195
13025813216
13025813275
13025813281
13025813325
13025813370
13025813593
13025813676
13025813730
13025813756
13025813801
13025813807
13025813863
13025813913
13025813925
13025813957
13025815035
13025815036
13025815127
13025815189
13025815270
13025815281
13025815560
13025815603
13025815627
13025815637
13025815715
13025815769
13025815778
13025815806
13025815869
13025815896
13025815909
13025815960
13025816020
13025816093
13025816213
13025816263
13025816351
13025816513
13025816525
13025816591
13025816803
13025816873
13025816923
13025816939
13025816952
13025816963
13025816983
13025817030
13025817071
13025817097
13025817098
13025817115
13025817131
13025817182
13025817210
13025817215
13025817221
13025817239
13025817271
13025817326
13025817337
13025817391
13025817515
13025817516
13025817557
13025817585
13025817616
13025817623
13025817627
13025817638
13025817650
13025817660
13025817695
13025817696
13025817838
13025817932
13025817963
13025818035
13025818109
13025818137
13025818201
13025818250
13025818291
13025818295
13025818310
13025818390
13025818507
13025818662
13025818670
13025818773
13025818936
13025819031
13025819315
13025819357
13025819390
13025819523
13025819530
13025819539
13025819579
13025819652
13025819760
13025819775
13025820356
13025820619
13025820814
13025821259
13025821352
13025821572
13025821576
13025821593
13025821737
13025821751
13025821767
13025821793
13025821795
13025822042
13025822071
13025822091
13025822124
13025822142
13025822149
13025822364
13025822375
13025822394
13025822407
13025822413
13025822416
13025822417
13025822452
13025822457
13025822461
13025822465
13025822471
13025822493
13025822497
13025822513
13025822524
13025822541
13025822543
13025822546
13025822547
13025822573
13025822579
13025822590
13025822607
13025822679
13025822731
13025822742
13025822754
13025822759
13025822843
13025822943
13025822964
13025823034
13025823049
13025823076
13025823104
13025823127
13025823142
13025823145
13025823149
13025823174
13025823175
13025823190
13025823204
13025823207
13025823254
13025823271
13025823274
13025823284
13025823294
13025823304
13025823324
13025823327
13025823347
13025823401
13025823403
13025823407
13025823408
13025823412
13025823415
13025823417
13025823419
13025823457
13025823472
13025823473
13025823480
13025823481
13025823487
13025823497
13025823514
13025823534
13025823542
13025823545
13025823554
13025823564
13025823594
13025823604
13025823607
13025823614
13025823634
13025823642
13025823644
13025823647
13025823648
13025823674
13025823684
13025823704
13025823740
13025823742
13025823745
13025823754
13025823764
13025823794
13025823841
13025823846
13025823862
13025823914
13025823924
13025823941
13025823942
13025823943
13025823964
13025823984
13025824013
13025824017
13025824025
13025824027
13025824051
13025824057
13025824059
13025824071
13025824072
13025824073
13025824075
13025824076
13025824106
13025824107
13025824109
13025824136
13025824156
13025824167
13025824175
13025824176
13025824180
13025824183
13025824187
13025824195
13025824196
13025824206
13025824207
13025824218
13025824229
13025824256
13025824276
13025824285
13025824295
13025824302
13025824317
13025824350
13025824360
13025824376
13025824380
13025824416
13025824419
13025824421
13025824429
13025824436
13025824485
13025824487
13025824496
13025824504
13025824516
13025824517
13025824529
13025824532
13025824539
13025824563
13025824573
13025824578
13025824591
13025824597
13025824601
13025824607
13025824610
13025824615
13025824621
13025824631
13025824651
13025824671
13025824673
13025824692
13025824706
13025824715
13025824716
13025824719
13025824720
13025824736
13025824737
13025824752
13025824760
13025824769
13025824780
13025824823
13025824839
13025824857
13025824870
13025824890
13025824915
13025824917
13025824932
13025824957
13025824961
13025825034
13025825041
13025825046
13025825071
13025825074
13025825120
13025825134
13025825141
13025825146
13025825149
13025825164
13025825264
13025825274
13025825324
13025825346
13025825347
13025825394
13025825401
13025825412
13025825421
13025825437
13025825451
13025825469
13025825472
13025825473
13025825491
13025825497
13025825540
13025825543
13025825614
13025825617
13025825634
13025825642
13025825646
13025825647
13025830013
13025830017
13025830020
13025830027
13025830031
13025830035
13025830036
13025830051
13025830058
13025830065
13025830067
13025830076
13025830078
13025830079
13025830093
13025830102
13025830107
13025830119
13025830125
13025830127
13025830131
13025830132
13025830135
13025830137
13025830160
13025830165
13025830167
13025830169
13025830170
13025830173
13025830175
13025830176
13025830195
13025830196
13025830197
13025830205
13025830216
13025830217
13025830219
13025830221
13025830229
13025830230
13025830231
13025830235
13025830236
13025830252
13025830262
13025830270
13025830278
13025830289
13025830290
13025830291
13025830292
13025830295
13025830297
13025830301
13025830317
13025830352
13025830353
13025830356
13025830357
13025830360
13025830362
13025830363
13025830365
13025830370
13025830371
13025830375
13025830378
13025830379
13025830396
13025830503
13025830506
13025830507
13025830515
13025830517
13025830523
13025830529
13025830530
13025830532
13025830535
13025830552
13025830560
13025830562
13025830563
13025830570
13025830575
13025830582
13025830586
13025830589
13025830592
13025830595
13025830596
13025830598
13025830601
13025830602
13025830617
13025830619
13025830625
13025830627
13025830629
13025830635
13025830639
13025830652
13025830653
13025830659
13025830661
13025830663
13025830673
13025830675
13025830681
13025830689
13025830691
13025830692
13025830693
13025830697
13025830705
13025830716
13025830735
13025830752
13025830758
13025830759
13025830771
13025830776
13025830780
13025830781
13025830787
13025830790
13025830792
13025830793
13025830795
13025830801
13025830802
13025830805
13025830812
13025830816
13025830827
13025830837
13025830851
13025830852
13025830853
13025830862
13025830865
13025830873
13025830875
13025830876
13025830878
13025830890
13025830891
13025830892
13025830896
13025830897
13025830902
13025830916
13025830921
13025830925
13025830927
13025830931
13025830937
13025830951
13025830956
13025830961
13025830963
13025830971
13025830973
13025830976
13025830979
13025830980
13025830985
13025830991
13025831015
13025831016
13025831021
13025831025
13025831026
13025831032
13025831035
13025831036
13025831037
13025831051
13025831057
13025831058
13025831061
13025831062
13025831063
13025831065
13025831067
13025831069
13025831072
13025831076
13025831082
13025831095
13025831096
13025831101
13025831105
13025831107
13025831127
13025831135
13025831139
13025831153
13025831157
13025831159
13025831161
13025831165
13025831171
13025831176
13025831183
13025831185
13025831191
13025831195
13025831197
13025831201
13025831202
13025831209
13025831215
13025831219
13025831223
13025831235
13025831250
13025831252
13025831253
13025831257
13025831259
13025831267
13025831269
13025831271
13025831272
13025831275
13025831278
13025831280
13025831282
13025831283
13025831285
13025831287
13025831295
13025831297
13025831306
13025831307
13025831309
13025831315
13025831317
13025831323
13025831325
13025831326
13025831327
13025831351
13025831352
13025831353
13025831356
13025831357
13025831358
13025831359
13025831362
13025831363
13025831365
13025831370
13025831372
13025831373
13025831375
13025831385
13025831387
13025831390
13025831397
13025831503
13025831507
13025831509
13025831512
13025831513
13025831519
13025831523
13025831528
13025831532
13025831538
13025831539
13025831550
13025831551
13025831557
13025831573
13025831576
13025831578
13025831580
13025831582
13025831590
13025831592
13025831597
13025831602
13025831603
13025831610
13025831617
13025831619
13025831623
13025831629
13025831630
13025831635
13025831637
13025831652
13025831653
13025831657
13025831659
13025831667
13025831670
13025831671
13025831675
13025831676
13025831685
13025831691
13025831692
13025831693
13025831697
13025831702
13025831705
13025831709
13025831712
13025831713
13025831715
13025831719
13025831720
13025831725
13025831726
13025831730
13025831731
13025831732
13025831736
13025831750
13025831751
13025831756
13025831757
13025831760
13025831762
13025831765
13025831770
13025831772
13025831773
13025831776
13025831792
13025831796
13025831797
13025831801
13025831803
13025831805
13025831807
13025831809
13025831815
13025831820
13025831825
13025831827
13025831829
13025831830
13025831836
13025831837
13025831839
13025831857
13025831859
13025831862
13025831867
13025831869
13025831872
13025831890
13025831891
13025831892
13025831893
13025831896
13025831897
13025831901
13025831907
13025831915
13025831917
13025831921
13025831926
13025831930
13025831931
13025831932
13025831935
13025831936
13025831952
13025831953
13025831956
13025831957
13025831960
13025831962
13025840013
13025840016
13025840019
13025840021
13025840027
13025840029
13025840031
13025840035
13025840036
13025840057
13025840062
13025840065
13025840067
13025840068
13025840072
13025840076
13025840083
13025840087
13025840091
13025840092
13025840095
13025840096
13025840097
13025840103
13025840105
13025840106
13025840108
13025840119
13025840120
13025840121
13025840126
13025840127
13025840129
13025840132
13025840135
13025840137
13025840150
13025840151
13025840152
13025840153
13025840156
13025840157
13025840159
13025840161
13025840162
13025840165
13025840167
13025840169
13025840173
13025840175
13025840179
13025840180
13025840183
13025840187
13025840190
13025840191
13025840193
13025840195
13025840201
13025840205
13025840208
13025840213
13025840216
13025840217
13025840219
13025840223
13025840229
13025840231
13025840236
13025840237
13025840239
13025840250
13025840251
13025840253
13025840256
13025840257
13025840261
13025840262
13025840263
13025840267
13025840269
13025840271
13025840272
13025840273
13025840275
13025840276
13025840279
13025840283
13025840291
13025840297
13025840298
13025840301
13025840306
13025840307
13025840308
13025840309
13025840320
13025840323
13025840325
13025840327
13025840329
13025840332
13025840335
13025840337
13025840350
13025840351
13025840352
13025840357
13025840358
13025840370
13025840375
13025840378
13025840379
13025840382
13025840385
13025840386
13025840393
13025840395
13025840396
13025840501
13025840502
13025840503
13025840506
13025840509
13025840512
13025840515
13025840517
13025840523
13025840526
13025840527
13025840530
13025840531
13025840532
13025840536
13025840537
13025840538
13025840539
13025840552
13025840553
13025840565
13025840568
13025840572
13025840573
13025840575
13025840585
13025840589
13025840590
13025840591
13025840592
13025840593
13025840596
13025840598
13025840601
13025840607
13025840609
13025840612
13025840617
13025840625
13025840629
13025840630
13025840631
13025840637
13025840638
13025840639
13025840650
13025840652
13025840653
13025840658
13025840659
13025840665
13025840667
13025840671
13025840672
13025840673
13025840675
13025840676
13025840679
13025840680
13025840682
13025840687
13025840691
13025840692
13025840698
13025840702
13025840703
13025840710
13025840718
13025840720
13025840723
13025840725
13025840726
13025840731
13025840735
13025840737
13025840739
13025840752
13025840753
13025840756
13025840758
13025840761
13025840763
13025840771
13025840776
13025840781
13025840782
13025840783
13025840785
13025840791
13025840792
13025840793
13025840795
13025840797
13025840817
13025840820
13025840831
13025840852
13025840859
13025840862
13025840865
13025840867
13025840870
13025840871
13025840873
13025840875
13025840876
13025840879
13025840882
13025840891
13025840893
13025840895
13025840896
13025840901
13025840902
13025840905
13025840913
13025840915
13025840917
13025840921
13025840925
13025840927
13025840928
13025840930
13025840931
13025840936
13025840937
13025840939
13025840951
13025840953
13025840956
13025840957
13025840958
13025840960
13025840961
13025840962
13025840963
13025840965
13025840967
13025840970
13025840971
13025840972
13025840973
13025840975
13025840976
13025840978
13025840979
13025840983
13025840985
13025840986
13025840987
13025840991
13025840993
13025840995
13025840997
13025841001
13025841003
13025841006
13025841015
13025841016
13025841017
13025841021
13025841026
13025841029
13025841031
13025841035
13025841036
13025841037
13025841039
13025841050
13025841051
13025841053
13025841056
13025841058
13025841059
13025841060
13025841061
13025841063
13025841067
13025841069
13025841071
13025841072
13025841073
13025841075
13025841076
13025841079
13025841083
13025841085
13025841087
13025841090
13025841097
13025841107
13025841109
13025841120
13025841127
13025841130
13025841131
13025841132
13025841138
13025841151
13025841152
13025841153
13025841157
13025841159
13025841160
13025841161
13025841162
13025841163
13025841165
13025841167
13025841169
13025841170
13025841171
13025841172
13025841176
13025841179
13025841185
13025841186
13025841189
13025841190
13025841197
13025841198
13025841201
13025841202
13025841205
13025841209
13025841210
13025841215
13025841216
13025841223
13025841226
13025841231
13025841235
13025841236
13025841237
13025841239
13025841250
13025841251
13025841252
13025841253
13025841256
13025841257
13025841261
13025841262
13025841269
13025841271
13025841273
13025841275
13025841278
13025841279
13025841282
13025841283
13025841286
13025841289
13025841290
13025841291
13025841293
13025841295
13025841301
13025841302
13025841303
13025841308
13025841309
13025841312
13025841315
13025841325
13025841326
13025841327
13025841329
13025841330
13025841335
13025841337
13025841339
13025841351
13025841352
13025841356
13025841358
13025841359
13025841361
13025841362
13025841363
13025841365
13025841367
13025841371
13025841379
13025841381
13025841382
13025841383
13025841385
13025841387
13025841389
13025841390
13025841392
13025841393
13025841395
13025841397
13025841502
13025841503
13025841505
13025841507
13025841509
13025841512
13025841513
13025841516
13025841517
13025850034
13025850041
13025850047
13025850054
13025850124
13025850147
13025850149
13025850154
13025850164
13025850174
13025850194
13025850234
13025850240
13025850246
13025850248
13025850284
13025850314
13025850341
13025850343
13025850344
13025850347
13025850364
13025850374
13025850394
13025850403
13025850407
13025850415
13025850427
13025850431
13025850435
13025850436
13025850439
13025850453
13025850457
13025850460
13025850461
13025850465
13025850487
13025850489
13025850491
13025850493
13025850541
13025850542
13025850543
13025850544
13025850645
13025850647
13025850654
13025850664
13025850674
13025850684
13025850694
13025850741
13025850742
13025850749
13025850754
13025850794
13025850845
13025850846
13025850894
13025850934
13025850940
13025850941
13025850942
13025850943
13025850946
13025850947
13025850949
13025850964
13025850974
13025850984
13025850994
13025851014
13025851034
13025851042
13025851045
13025851046
13025851047
13025851084
13025851143
13025851145
13025851147
13025851174
13025851204
13025851214
13025851224
13025851242
13025851243
13025851245
13025851246
13025851247
13025851274
13025851294
13025851304
13025851324
13025851341
13025851342
13025851343
13025851345
13025851348
13025851394
13025851403
13025851405
13025851408
13025851409
13025851410
13025851415
13025851416
13025851421
13025851431
13025851432
13025851437
13025851439
13025851443
13025851450
13025851451
13025851456
13025851459
13025851460
13025851465
13025851467
13025851472
13025851475
13025851476
13025851481
13025851483
13025851485
13025851491
13025851493
13025851504
13025851524
13025851542
13025851546
13025851547
13025851554
13025851574
13025851584
13025851604
13025851614
13025851634
13025851640
13025860137
13025860243
13025860253
13025860549
13025861154
13025861164
13025861249
13025861764
13025862164
13025862907
13025862974
13025863187
13025863413
13025863425
13025863651
13025863687
13025863841
13025864723
13025864795
13025865731
13025866253
13025871035
13025871051
13025871296
13025871297
13025871526
13025871625
13025871637
13025871685
13025871751
13025871752
13025871791
13025871876
13025871971
13025872061
13025872171
13025872513
13025872593
13025872716
13025872753
13025872906
13025872912
13025872913
13025872931
13025872950
13025873027
13025873062
13025873105
13025873106
13025873117
13025873172
13025873371
13025873619
13025873671
13025873672
13025873692
13025873716
13025873752
13025873762
13025873781
13025873910
13025875030
13025875061
13025875113
13025875131
13025875192
13025875265
13025875275
13025875276
13025875291
13025875321
13025875361
13025875372
13025875391
13025875627
13025875651
13025875706
13025875720
13025875723
13025875761
13025875950
13025875962
13025875996
13025876037
13025876097
13025876137
13025876205
13025876291
13025876357
13025876360
13025876371
13025876507
13025876527
13025876532
13025892705
13048100256
13048100273
13048100379
13048100531
13048100597
13048100651
13048149815
13048149817
13048149819
13048149820
13048149825
13048149826
13048149827
13048149831
13048149835
13048149836
13048149837
13048149839
13048149843
13048149860
13048149862
13048149863
13048149865
13048149871
13048149872
13048149873
13048149895
13048149912
13048149916
13048149917
13048149935
13048149936
13048149953
13048149967
13048149972
13048149973
13048149975
13048149981
13048150412
13048150534
13048150792
13048150826
13048150842
13048151056
13048151159
13048151287
13048151341
13048151490
13048151649
13048152362
13048152370
13048152427
13048152485
13059250126
13059250372
13059250761
13059250976
13059251603
13059251710
13059253765
13059255032
13059255621
13059255763
13059256207
13059256210
13059256271
13059256327
13059256712
13059256907
13059260365
13059260561
13059260593
13059260672
13059260852
13059260861
13059260953
13059260972
13059261062
13059261131
13059261252
13059261279
13059261291
13059261305
13059261329
13059261356
13059261370
13059261379
13059261392
13059268201
13059268290
13059268291
13059268327
13059268351
13059268376
13059268392
13059268507
13059268513
13059268571
13059268605
13059268671
13059268695
13059268713
13059268752
13059268753
13059268761
13059268763
13059268793
13059280267
13059280671
13059280761
13059280951
13059281062
13059281067
13059281072
13059281259
13059281309
13059281371
13059281570
13059281593
13059281670
13059281692
13059281731
13059281761
13059281852
13059282076
13059282192
13059282353
13059282375
13059282530
13059282601
13059282697
13059282705
13059282751
13059283152
13059283207
13059283272
13059283367
13059283501
13059283572
13059283601
13059283671
13059283751
13059283752
13059283915
13059283937
13059283957
13059285063
13059285071
13059285127
13059285172
13059285175
13059285287
13059285392
13059285691
13059285837
13059286075
13059286097
13059286120
13059286251
13059286307
13059286375
13059286503
13059286571
13059286793
13059286871
13059286951
13059287091
13059287105
13059287183
13059287261
13059287351
13059287356
13059287385
13059287527
13059287530
13059287561
13059287682
13059288109
13059288176
13059289121
13059289152
13059289167
13059289170
13059289173
13059289207
13059289265
13059289275
13059289301
13059289531
13059289536
13059289581
13059289605
13066200251
13066200273
13066200293
13066200341
13066200347
13066200367
13066200372
13066200376
13066200407
13066200419
13066200426
13066200479
13066200481
13066200537
13066200574
13066200637
13066200641
13066200742
13066200744
13066200752
13066200783
13066200842
13066200947
13066201041
13066201043
13066201054
13066201059
13066201154
13066201170
13066201249
13066201253
13066201276
13066201284
13066201297
13066201343
13066201347
13066201374
13066201390
13066201421
13066201427
13066201435
13066201481
13066201485
13066201491
13066201504
13066201524
13066201526
13066201535
13066201539
13066201541
13066201542
13066201545
13066201561
13066201564
13066201571
13066201584
13066201594
13066201624
13066201671
13066201672
13066201690
13066201712
13066201713
13066201741
13066201747
13066201754
13066201759
13066201767
13066201784
13066201825
13066201837
13066201840
13066201843
13066201845
13066201849
13066201854
13066201857
13066201872
13066201901
13066201914
13066201924
13066213157
13066281503
13066290135
13066290151
13066290153
13066290159
13066290162
13066290172
13066290175
13066290192
13066290216
13066290235
13066290237
13066290279
13066290325
13066290367
13066290517
13066290562
13066290573
13066290593
13066290627
13066290635
13066290651
13066290732
13066290751
13066290785
13066290793
13066290795
13066290805
13066290895
13066290925
13066290956
13066290965
13066291032
13066291051
13066291071
13066291073
13066291079
13066291150
13066291175
13066291262
13066291263
13066291293
13066291325
13066291327
13066291337
13066291356
13066291370
13066291371
13066291392
13066291507
13066291530
13066291532
13066291571
13066291581
13066291587
13066291597
13066291603
13066291605
13066291650
13066291657
13066291706
13066291720
13066291725
13066291730
13066291732
13066291761
13066291932
13066292056
13066292071
13066292072
13066292075
13066292087
13066292091
13066292175
13066292331
13066292351
13066292371
13066292397
13066292516
13066292517
13066292557
13066292561
13066292562
13066292571
13066292572
13066292575
13066292607
13066292650
13066292671
13066292681
13066292693
13066292703
13066292735
13066292736
13066292753
13066292756
13066292757
13066292759
13066292792
13066292795
13066293037
13066293073
13066293075
13066293076
13066293102
13066293117
13066293135
13066293159
13066293161
13066293171
13066293176
13066293193
13066293207
13066293217
13066293227
13066293237
13066293252
13066293265
13066293272
13066293285
13066293287
13066293291
13066293295
13066293297
13066293307
13066293502
13066293512
13066293532
13066293582
13066293590
13066293592
13066293612
13066293651
13066293671
13066293697
13066293703
13066293710
13066293726
13066293727
13066293730
13066293751
13066293752
13066293760
13066293767
13066293795
13066293807
13066293821
13066293871
13066293921
13066293935
13066293965
13066295013
13066295016
13066295021
13066295027
13066400547
13066401145
13066401286
13066401421
13066401432
13066401472
13066401501
13066401512
13066401549
13066401726
13066401791
13066401926
13066401953
13066401975
13066402087
13066402295
13066402307
13066402354
13066402365
13066402537
13066402742
13066402745
13066402784
13066402793
13066402841
13066402845
13066402857
13066402943
13066402961
13066402973
13066403017
13066403041
13066403047
13066403069
13066403075
13066403146
13066403159
13066403162
13066403169
13066403170
13066403172
13066403181
13066403194
13066403195
13066403196
13066403197
13066403203
13066403204
13066403212
13066403213
13066403215
13066403217
13066403219
13066403235
13066403243
13066403246
13066403248
13066403251
13066403254
13066403261
13066403262
13066403263
13066403264
13066403269
13066403271
13066403272
13066403275
13066403285
13066403293
13066403295
13066403296
13066403315
13066403341
13066403347
13066403367
13066403372
13066403396
13066403401
13066403402
13066403405
13066403407
13066403421
13066403425
13066403451
13066403457
13066403461
13066403467
13066403469
13066403473
13066403475
13066403485
13066403486
13066403490
13066403491
13066403492
13066403497
13066403507
13066403514
13066403525
13066403526
13066403529
13066403537
13066403539
13066403541
13066403546
13066403547
13066403560
13066403561
13066403564
13066403569
13066403570
13066403573
13066403576
13066403584
13066403592
13066403595
13066403602
13066403614
13066403615
13066403627
13066403629
13066403634
13066403637
13066403641
13066403642
13066403643
13066403652
13066403653
13066403656
13066403674
13066403675
13066403681
13066403693
13066403695
13066403697
13066403701
13066403705
13066403706
13066403710
13066403712
13066403714
13066403716
13066403719
13066403723
13066403725
13066403726
13066403730
13066403731
13066403732
13066403734
13066403736
13066403739
13066403740
13066403742
13066403749
13066403750
13066403751
13066403752
13066403757
13066403759
13066403762
13066403764
13066403765
13066403781
13066403783
13066403785
13066403791
13066403817
13066403823
13066403827
13066403829
13066403831
13066403834
13066403835
13066403841
13066403845
13066403852
13066403853
13066403863
13066403865
13066403867
13066403870
13066403872
13066403876
13066403879
13066403891
13066403892
13066403893
13066403895
13066403903
13066403905
13066403907
13066403910
13066403912
13066403915
13066403927
13066403931
13066403937
13066403947
13066403950
13066403952
13066403956
13066403957
13066403959
13066403960
13066403961
13066403970
13066403975
13066403976
13066403984
13066404062
13066404067
13066404092
13066404102
13066404103
13066404106
13066404119
13066404120
13066404127
13066404129
13066404137
13066404152
13066404153
13066404156
13066404158
13066404159
13066404161
13066404165
13066404172
13106959617
13106959671
13106959702
13106959703
13106959761
13106959937
13113466473
13113466912
13113467190
13113467270
13119692709
13119695265
13119697053
13119698053
13119698362
13119698572
13119698726
13126200164
13126200174
13126200194
13126200347
13126200374
13126200452
13126200594
13126200619
13126200654
13126200674
13126200694
13126200748
13126200794
13126200974
13126201034
13126201044
13126201074
13126201165
13126201173
13126201194
13126201244
13126201254
13126201256
13126201264
13126201274
13126201284
13126201307
13126201372
13126201374
13126201379
13126201392
13126201397
13126201407
13126201476
13126201479
13126201481
13126201492
13126201493
13126201514
13126201527
13126201541
13126201542
13126201543
13126201564
13126201571
13126201574
13126201579
13126201581
13126201592
13126201597
13126201614
13126201621
13126201624
13126201632
13126201637
13126201643
13126201652
13126201653
13126201670
13126201672
13126201674
13126201693
13126201694
13126201703
13126201704
13126201705
13126201712
13126201721
13126201730
13126201734
13126201747
13126201750
13126201752
13126201754
13126201757
13126201762
13126201763
13126201764
13126201794
13126201805
13126201851
13126201864
13126201875
13126201902
13126201914
13126201934
13126201937
13126201953
13126201954
13126201971
13126201984
13126202104
13126202159
13126202164
13126202173
13126202174
13126202184
13126202194
13126202344
13126202347
13126202352
13126202357
13126202362
13126202367
13126202372
13126202394
13126202403
13126202417
13126202537
13126202542
13126202547
13126202554
13126202572
13126202573
13126202654
13126202709
13126202719
13126202734
13126202744
13126202749
13126202759
13126202784
13126202834
13126202845
13126202847
13126202865
13126202871
13126202894
13126202907
13126202931
13126202942
13126202943
13126202947
13126202951
13126202964
13126202967
13126202974
13126202984
13126203041
13126203042
13126203051
13126203054
13126203065
13126203067
13126203071
13126203074
13126203084
13126203104
13126203125
13126203144
13126203146
13126203154
13126203172
13126203174
13126203175
13126203184
13126203195
13126203244
13126203247
13126203249
13168510231
13168510395
13168510561
13168510587
13168510672
13168511387
13168511627
13168511723
13168511790
13168512015
13168512092
13168512175
13168512305
13168512527
13168512587
13168512652
13168512692
13168512791
13168512937
13168512987
13168513062
13168513071
13168513572
13168513621
13168513673
13168513675
13168513752
13168513870
13168513901
13168513907
13168515037
13168521726
13169803294
13169803431
13169803475
13169803597
13169803727
13169803824
13169803957
13169804051
13169804152
13169804205
13169804227
13169804231
13169804337
13169804362
13169804475
13169804506
13169804510
13169804572
13169804576
13169804591
13169804636
13169804782
13169804923
13169804931
13169805094
13169805302
13169805374
13169805438
13169830967
13172210042
13172210140
13172210152
13172210243
13172210246
13172210249
13172210342
13172210347
13172210374
13172210459
13172210461
13172210463
13172210469
13172210472
13172210487
13172210492
13172210494
13172210534
13172210541
13172210594
13172210684
13172210694
13172210741
13172210764
13172210873
13172210931
13172210940
13172210945
13172210973
13172211074
13172211279
13172211347
13172211352
13172211392
13172211431
13172211496
13172211584
13172211624
13172211634
13172211640
13172211652
13172211740
13172211792
13172211796
13172211847
13172211941
13172211961
13172212047
13172212091
13172212094
13172212143
13172212405
13172212436
13172212460
13172212461
13172212469
13172212505
13172212519
13172212524
13172212530
13172212545
13172212604
13172212615
13172212624
13172212641
13172212648
13172212674
13172212741
13172212745
13172212746
13172212879
13172212964
13172213014
13172213051
13172213054
13172213076
13172213084
13172213094
13172213097
13172213194
13172213243
13172213265
13172213284
13172213304
13172213347
13172213394
13172213407
13172213447
13172213452
13172213470
13172213471
13172213494
13172213524
13172213581
13172213584
13172213592
13172213594
13172213734
13172213760
13172213784
13172213791
13172213954
13172213974
13172214032
13172214042
13172214045
13172214054
13172214065
13172214072
13172214074
13172214076
13172214097
13172214101
13172214104
13172214107
13172214120
13172214190
13172214254
13172214256
13172214274
13172214275
13172214285
13172214325
13172214349
13172214374
13172214387
13172214425
13172214431
13172214439
13172214453
13172214479
13172214542
13172214543
13172214590
13172214594
13172214610
13172214634
13172214641
13172214647
13172214649
13172214670
13172214672
13172214683
13172214704
13172214706
13172214743
13172214792
13172214853
13172214854
13172214921
13172214953
13172214962
13172214974
13172215040
13172215054
13172215064
13172215076
13172215107
13172215147
13172215164
13172215193
13172215230
13172215247
13172215273
13172215294
13172215301
13172215303
13172215334
13172215385
13172215394
13172215397
13172215426
13172215430
13172215451
13172215459
13172215465
13172215471
13172215487
13172215490
13172215495
13172215524
13172215601
13172215624
13172215642
13172215644
13172215679
13172215704
13172215712
13172215732
13172215736
13172215742
13172215784
13172215785
13172215793
13172215795
13172215804
13172215843
13172215845
13172215852
13172215901
13172215940
13172215943
13172215971
13172215972
13172215984
13172216044
13172216094
13172216137
13172216152
13172216174
13172216241
13172216253
13172216284
13172216324
13172216343
13172216347
13172216352
13172216356
13172216357
13172216364
13172216384
13172216394
13172216401
13172216407
13172216415
13172216437
13172216439
13172216451
13172216459
13172216469
13172216495
13172216501
13172216513
13172216523
13172216544
13172216572
13172216679
13172216701
13172216702
13172216703
13172216714
13172216724
13172216763
13172216817
13172216842
13172216894
13172216904
13172216925
13172216941
13172216945
13172216946
13172216947
13172216970
13172216972
13172216974
13172217034
13172217092
13172217135
13172217153
13172217164
13172217314
13172217341
13172217357
13172217364
13172217372
13172217385
13172217631
13172217810
13172218059
13172218573
13172218593
13172218670
13172219052
13172219165
13172250157
13172250164
13172250237
13172250241
13172250259
13172250354
13172250483
13172250496
13172250561
13172250564
13172250673
13172250734
13172250790
13172250837
13172250843
13172250849
13172250857
13172250948
13172250951
13172251257
13172251274
13172251324
13172251346
13172251352
13172251425
13172251427
13172251453
13172251492
13172251549
13172251584
13172251761
13172251840
13172251842
13172251862
13172251904
13172256064
13189410045
13189410872
13189411245
13189412156
13189412165
13189412420
13189412494
13189412825
13189413056
13189872841
13189872842
13189872945
13189872947
13189872964
13189872974
13189873014
13189873034
13189873046
13189873076
13189873140
13189873147
13189873149
13189873175
13189873184
13189873190
13189873207
13189873247
13189873249
13189873257
13189873264
13189873275
13189873291
13189873294
13189873307
13189873354
13189873374
13189873403
13189873406
13189873409
13189873434
13189873441
13189873461
13189873487
13189873495
13189873496
13189873503
13189873504
13189873540
13189873547
13189873549
13189873604
13189873625
13189873630
13189873641
13211260695
13211261705
13211262691
13211263682
13211265535
13211265537
13211265561
13211265569
13211265572
13211265581
13211265590
13211265605
13211265607
13211265612
13211265613
13211265615
13211265617
13211265621
13211265623
13211265625
13211265631
13211265650
13211265673
13211265679
13211265692
13211265693
13211265697
13211265702
13211265703
13211265705
13211265717
13211265719
13211265721
13211265725
13211265736
13211265739
13211265750
13211265751
13211265752
13211265761
13211265765
13211265782
13211265783
13211265790
13211265792
13211265793
13211265797
13211265801
13211265807
13211265812
13211265817
13211265823
13211265825
13211265832
13211265836
13211265839
13211265851
13211265857
13211265862
13211265863
13211265869
13211265871
13211265872
13211265873
13211265876
13211265879
13211265902
13211265903
13211265907
13211265915
13211265921
13211265927
13211265929
13211265936
13211265950
13211265957
13211265961
13211265967
13211265971
13211265973
13211265975
13211265976
13211266032
13211266052
13211266058
13211266059
13211266071
13211266072
13211266079
13211266093
13211266095
13211266097
13211266105
13211266117
13211266121
13211266151
13211266157
13211266165
13211266172
13211266173
13211266176
13211266182
13211266189
13211266191
13211266207
13211266213
13211266217
13211266235
13211266251
13211266256
13211266259
13211266261
13211266269
13211266271
13211266272
13211266273
13211266281
13211266287
13211266289
13211266297
13211266315
13211266317
13211266323
13211266327
13211266351
13211266353
13211266361
13211266362
13211266365
13211266370
13211266371
13211266372
13211266379
13211266382
13211266387
13211266391
13211266396
13211266397
13211266503
13211266510
13211266513
13211266519
13211266523
13211266525
13211266526
13211266531
13211266535
13211266537
13211266539
13211266570
13211266572
13211266575
13211266576
13211266578
13211266579
13211266586
13211266587
13211266589
13211266590
13211270074
13211270105
13211270124
13211270131
13211270142
13211270143
13211270145
13211270146
13211270147
13211270152
13211270172
13211270175
13211270243
13211270246
13211270247
13211270249
13211270251
13211270274
13211270342
13211270344
13211270394
13211270402
13211270416
13211270423
13211270425
13211270450
13211270451
13211270453
13211270457
13211270459
13211270461
13211270476
13211270478
13211270483
13211270496
13211270532
13211270537
13211270540
13211270541
13211270545
13211270549
13211270640
13211270642
13211270646
13211270647
13211270664
13211270672
13211270684
13211270692
13211270694
13211270724
13211270735
13211270749
13211270752
13211270762
13211270764
13211270784
13211270837
13211270894
13211270934
13211270944
13211270945
13211270948
13211270953
13211270964
13211270967
13211271004
13211271032
13211271042
13211271043
13211271044
13211271046
13211271047
13211271064
13211271094
13211271141
13211271204
13211271242
13211271244
13211271246
13211271249
13211271263
13211271307
13211271342
13211271374
13211271402
13211271405
13211271409
13211271410
13211271416
13211271423
13211271425
13211271426
13211271429
13211271435
13211271436
13211271450
13211271452
13211271453
13211271459
13211271460
13211271462
13211271463
13211271470
13211271562
13211271572
13211271579
13211271597
13211271675
13211271750
13211271923
13211271931
13211271960
13211272052
13211272053
13211272069
13211272092
13211272103
13211272159
13211272372
13211272652
13211272803
13211272815
13211272861
13211272903
13211273071
13211273391
13211273501
13211273569
13211273675
13211273690
13211273795
13211273970
13211273975
13211275076
13211275092
13211275102
13211275251
13211275286
13211275302
13211275306
13211275350
13211275361
13211275367
13211275391
13211275617
13211275721
13211275815
13211275827
13211275861
13211275902
13211276015
13211276037
13211276059
13211276253
13211276295
13211276381
13211276507
13211276563
13211276591
13211276592
13211276732
13211276759
13211276961
13211276972
13211277032
13211277352
13211277513
13211277531
13211277962
13211278015
13211278203
13211278260
13211278271
13211278273
13211278307
13211278392
13211278397
13211278535
13211278562
13211278572
13211278617
13211278625
13211278631
13211278651
13211278912
13211278935
13211278987
13211279063
13211279135
13211279153
13211279159
13211279253
13211279360
13211279362
13211279363
13211279371
13211279372
13211279375
13211279395
13211279529
13211279576
13211279671
13211279751
13211280057
13211280167
13211280179
13211280207
13211280216
13211280219
13211280259
13211280267
13211280269
13211280271
13211280653
13211280706
13211280739
13211280873
13211280895
13211280912
13211280921
13211280925
13211280951
13211280952
13211280956
13211280972
13211280973
13211281059
13211281071
13211281087
13211281095
13211281296
13211281307
13211281367
13211281507
13211281526
13211281527
13211281537
13211281565
13211281572
13211281573
13211281590
13211281593
13211281657
13211281673
13211281701
13211281737
13211281751
13211281759
13211281773
13211281807
13226930035
13226930092
13226930125
13226930135
13226930165
13226930171
13226930176
13226930256
13226930258
13226930287
13226930297
13226930359
13226930395
13226930397
13226930513
13226930531
13226930561
13226930576
13226930590
13226930595
13226930652
13226950153
13226950185
13226950215
13226950217
13226950251
13226950351
13226950357
13226950392
13226950531
13232890116
13232890221
13232890265
13232890630
13232891125
13232891273
13232891371
13232892321
13232893057
13232893107
13232893571
13232893671
13232893751
13232895315
13232895675
13232896217
13232896571
13232896752
13232897063
13232897092
13232897105
13232897261
13232897503
13232897519
13232897572
13232897593
13232897671
13232898507
13232899392
13232899525
13232900141
13232900145
13232900154
13232900254
13232900402
13232900415
13232900472
13232900485
13232900541
13232900547
13232900694
13232900741
13232900854
13232900926
13232901027
13232901034
13232901043
13232901047
13232901094
13232901143
13232901146
13232901147
13232901154
13232901243
13232901254
13232901274
13232901276
13232901327
13232901349
13232901364
13232901375
13232901406
13232901407
13232901423
13232901425
13232901457
13232901459
13232901462
13232901473
13232901475
13232901491
13232901492
13232901493
13232901497
13232901534
13232901541
13232901542
13232901545
13232901546
13232901554
13232901594
13232901627
13232901634
13232901644
13232901674
13232901734
13232901741
13232901743
13232901746
13232901749
13232901754
13232901764
13232901804
13232901824
13232901827
13232901842
13232901845
13232901874
13232901905
13232901941
13232901973
13232902054
13232902104
13232902107
13232902144
13232902249
13232902305
13232902321
13232902364
13232902401
13232902404
13232902410
13232902417
13232902431
13232902450
13232902451
13232902452
13232902459
13232902461
13232902465
13232902471
13232902472
13232902476
13232902487
13232902495
13232902497
13232902501
13232902504
13232902506
13232902541
13232902542
13232902546
13232902564
13232902571
13232902604
13232902634
13232902744
13232902745
13232902794
13232902840
13232902846
13232902851
13232902874
13232902964
13232903024
13232903043
13232903059
13232903074
13232903104
13232903146
13232903152
13232903173
13232903174
13232903176
13232903243
13232903247
13232903284
13232903314
13232903341
13232903384
13232903412
13232903420
13232903429
13232903447
13232903451
13232903452
13232903467
13232903473
13232903481
13232903541
13232903564
13232903597
13232903624
13232903634
13232903640
13232903645
13232903647
13232903654
13232903684
13232903694
13232903724
13232903734
13232903740
13232903741
13232903745
13232903746
13232903774
13232903794
13232903814
13232903842
13232903849
13232903914
13232903941
13232903942
13232903945
13232903946
13232903947
13232903964
13232904014
13232904021
13232904027
13232904035
13232904051
13232904063
13232904097
13232904103
13232904126
13232904152
13232904157
13232904161
13232904176
13232904187
13232904224
13232904228
13232904253
13232904259
13232904260
13232904263
13232904267
13232904275
13232904312
13232904325
13232904327
13232904360
13232904367
13232904370
13232904432
13232904451
13232904459
13232904475
13232904495
13232904496
13232904510
13232904512
13232904561
13232904582
13232904605
13232904615
13232904670
13232904679
13232904707
13232904727
13232904751
13232904756
13232904762
13232904767
13232904781
13232904785
13232904792
13232904796
13232904802
13232904827
13232904835
13232904871
13232904912
13232904916
13232904917
13232904921
13232904925
13232904927
13232905031
13232905036
13232905092
13232905171
13232905176
13232905219
13232905236
13232905362
13232905602
13232905671
13232905701
13232905791
13232905936
13232906307
13232906397
13232906521
13232906702
13232906705
13232906729
13232906921
13232907503
13232907592
13232908026
13232908597
13232908751
13232909127
13232909375
13232909852
13286195693
13286196317
15602551450
15602552149
15602552742
15602553649
15602554061
15602580679
15602585797
15602589057
15602589157
16607501042
16607501045
16675001402
16675001741
16675005841
16675030471
16675030745
16675031450
16675035487
18575021604
18575023214
18575024084
18575024103
18575024174
18575024461
18575024761
18575025413
18575027064
18575027344
18575027472
18575029737
18575030135
18575030142
18575030156
18575030715
18575030767
18575030976
18575031014
18575031071
18575031161
18575031279
18575031281
18575031290
18575031302
18575031360
18575031379
18575031450
18575031452
18575031467
18575031479
18575031481
18575031483
18575031492
18575031493
18575031604
18575031637
18575031645
18575031675
18575031715
18575031751
18575031752
18575031764
18575031782
18575031795
18575031942
18575032027
18575032072
18575032094
18575032149
18575032154
18575032175
18575032251
18575032294
18575032342
18575032371
18575032474
18575032591
18575032726
18575032743
18575032751
18575032769
18575032801
18575032872
18575032934
18575033046
18575034542
18575035113
18575035162
18575035167
18575035181
18575035182
18575035197
18575035217
18575035219
18575035237
18575035251
18575035267
18575035270
18575035271
18575035296
18575035297
18575035308
18575035321
18575035330
18575035363
18575035501
18575035509
18575035597
18575035609
18575035653
18575035657
18575035679
18575035705
18575035731
18575035771
18575035781
18575035782
18575035809
18575035831
18575035851
18575035871
18575035879
18575035892
18575035939
18575035958
18575035997
18575036001
18575036005
18575036021
18575036061
18575036069
18575036078
18575036092
18575036126
18575036162
18575036183
18575036195
18575036215
18575036267
18575036279
18575036301
18575036306
18575036321
18575036392
18575036569
18575036579
18575036580
18575036709
18575036710
18575036730
18575036735
18575036775
18575036776
18575036782
18575036791
18575036793
18575036796
18575036803
18575036861
18575036892
18575036902
18575036995
18575037019
18575037030
18575037036
18575037075
18575037127
18575037165
18575037182
18575037207
18575037310
18575037315
18575037316
18575037356
18575037363
18575037396
18575037397
18575037501
18575037559
18575037561
18575038914
18575052783
18575056120
18575070445
18575071375
18575071464
18575071634
18575071692
18575071975
18575072453
18575072475
18575072959
18575073640
18575074421
18575074485
18575076084
18575076704
18575077142
18575078405
18575078946
18575079249
18575079347
18575079840
18675027453
18675039157
18675045964
18675047834
18675066410
18675068743
18675931409
18688523694
21020470015
52198596096