13265857122
13265878522
13265879066
13265896311
13265898722
13266507122
13266535077
13266539012
13266570253
13266572973
13266578570
13266579651
13266590599
13266597133
13266713583
13266716387
13266719709
13266719762
13266727183
13266727526
13266738622
13266765311
13266797012
13266822975
13266823751
13266823812
13266823877
13266825103
13266825723
13266826570
13266829752
13266829877
13266851255
13266856133
13266859377
13267016233
13267017633
13267020633
13267025177
13267027399
13267029177
13267035022
13267052733
13267056511
13267058199
13267060177
13267063722
13267065922
13267069311
13267071922
13267076211
13267078322
13267086022
13267086055
13267091655
13267095266
13267095700
13267098022
13267102011
13267102755
13267105011
13267105907
13267106955
13267115933
13267116233
13267119533
13267126911
13267127155
13267127811
13267128122
13267135822
13267136011
13267137322
13267160355
13267163277
13267163622
13267169651
13267172633
13267173755
13267178622
13267180611
13267185322
13267186155
13267189511
13267190133
13267191533
13267193055
13267193166
13267195177
13267198753
13267199577
13267235012
13267236012
13267236877
13267237622
15507537622
15602318103
15602319627
15602903563
15602907227
15602913680
15602913753
15602916351
15602917396
15602918510
15602919026
15602926731
15602927170
15602928115
15602928326
15602930236
15602936063
15602936771
15602937399
15602938092
15602951827
15602956385
15602957383
15602958253
15602959387
15602962055
15602965797
15602971697
15602975376
15602980023
15602980083
15602980092
15602980372
15602980638
15602980771
15602981621
15602981715
15602981767
15602981918
15602982515
15602982630
15602982656
15602982763
15602982921
15602983006
15602983161
15602983162
15602983191
15602983213
15602983258
15602983263
15602983539
15602983661
15602983780
15602983830
15602985126
15602985207
15602985259
15602985290
15602985680
15602985690
15602985759
15602985768
15602985807
15602985850
15602985865
15602985867
15602985992
15602986135
15602986225
15602986385
15602986550
15602986583
15602986706
15602986757
15602986795
15602986825
15602986910
15602986960
15602987016
15602987061
15602987131
15602987228
15602987232
15602987292
15602987310
15602987370
15602987391
15602987502
15602987596
15602987609
15602987691
15602987697
15602987803
15602987813
15602987862
15602987872
15602987883
15602987900
15602987910
15602987929
15602987961
15602987995
15602988007
15602988079
15602988128
15602988169
15602988172
15602988239
15602988535
15602988569
15602988629
15602988657
15602988673
15602988703
15602988708
15602988753
15602988915
15602988926
15602989016
15602989121
15602989193
15602989279
15602989301
15602989397
15602989572
15602989790
15602989962
15602997687
15602997852
15603023226
15622806915
15622813062
15622813202
15622813592
15622815692
15622818522
15622837573
15625213287
15625276290
15626516313
15626528133
15626599339
16620780533
16620780827
16620783106
16620783716
16620785072
16620785270
16620786155
16620786309
16620786718
16620787655
16620790077
16620790399
16620790967
16620790981
16620791833
16620792011
16620792211
16620792799
16620793699
16620795511
16620797171
16620797592
16620797655
16620797928
16620798055
16620798122
16620798599
16620799818
16620801567
16620801755
16620802133
16620802755
16620803233
16620805012
16620805277
16620805755
16620805811
16620806799
16620807277
16620808511
16620854545
16620856811
16620858322
16620900735
16620902783
16620902865
16620903179
16620903325
16620904141
16620905722
16620908652
16620909307
16620920319
16620920513
16620920605
16620920802
16620920813
16620920823
16620920923
16620921213
16620921505
16620921565
16620921606
16620925310
16620973292
16620973630
16620985337
16625101414
16625114484
16625121241
16625124646
16625124748
16625128845
16625141144
16625141609
16625142202
16625144040
16625144664
16625147521
16625162679
16625165673
16675131851
16675135621
16675139856
16675340624
16675346521
16675346676
16675352282
16675358233
16675392252
16675395665
16675560990
16675561551
16675562112
16675562985
16675563773
16675563985
16675565225
16675567985
16675570985
16675573003
16675573113
16675575985
16675585544
17503012811
17503024474
17503029813
17503058448
17503065454
17503065585
17512006012
17512010652
17512011822
17512013262
17512016133
17512016581
17512016811
17512018961
17512022137
17512022361
17512022931
17512025063
17512025323
17512025507
17512025632
17512026137
17512026513
17512026738
17512027152
17512027509
17512027689
17512027977
17512028025
17512028392
17512028733
17512028776
17512029375
17512029577
17512029811
17512030872
17512032761
17512033879
17512034141
17512035016
17512035712
17512035783
17512035877
17512036210
17512036250
17512036837
17512037657
17512037805
17512037826
17512037875
17512037908
17512037969
17512038705
17512038970
17512039530
17512039683
17512039787
17512040595
17512050622
17512051922
17512053387
17512053596
17512055379
17512056837
17512057182
17512057593
17512057802
17512058356
17512058611
17512058612
17512059582
17512059711
17512061552
17512061956
17512062271
17512063527
17512063957
17512064848
17512065282
17512065813
17512066726
17512066759
17512066957
17512067190
17512067399
17512068051
17512069152
17512069367
17512069871
17512070761
17512071295
17512072607
17512073563
17512073576
17512073819
17512075038
17512075162
17512075310
17512075396
17512075695
17512075738
17512076538
17512076737
17512076937
17512077231
17512077239
17512077816
17512077973
17512078253
17512078539
17512078970
17512079075
17512079309
17512079331
17512079350
17512079372
17512079378
17512079529
17512079731
17512079817
17512079853
17512079935
17512080167
17512080783
17512081131
17512081153
17512081357
17512081730
17512082082
17512082719
17512082731
17512082913
17512082960
17512082961
17512083052
17512083099
17512083779
17512085171
17512085622
17512086323
17512086803
17512086935
17512086961
17512086977
17512087015
17512087532
17512087593
17512088267
17512088907
17512089617
17512089861
17512091165
17512091653
17512092031
17512092192
17512092633
17512092731
17512092781
17512093058
17512093253
17512093387
17512093708
17512096277
17512096679
17512096901
17512097200
17512097306
17512097331
17512097619
17512097620
17512097863
17512097952
17512098193
17512098291
17512098352
17512098377
17512098670
17512098937
17512099172
17512099376
17512099631
17512099672
17512099725
17512099827
17512099853
17520461171
17520462263
17520484994
17603010233
17603011067
17603011256
17603012511
17603012692
17603012811
17603013672
17603015326
17603016713
17603017605
17603017672
17603022590
17603026253
17603026355
17603028953
17603029537
17603029792
17603036755
17603047727
17603051971
17603054554
17603055791
17603055963
17603060381
17603061837
17603066385
17603068263
17603068361
17603068739
17603070814
17603071290
17603071582
17603071736
17603072385
17603072695
17603072913
17603073257
17603073434
17603073602
17603073729
17603075903
17603076501
17603077884
17603078673
17603078846
17603082951
17603085701
17603085736
17603087123
17603091753
17603092736
17607550562
17607551037
17607551795
17607552192
17607553573
17607553801
17607556701
17607556837
17607558177
17607559706
17607610579
17607612173
17607613659
17607613757
17607614545
17607615937
17607617012
17607617383
17607617523
17607618250
17607675783
17607678052
17607678847
17620302517
17620302587
17620304949
17620305923
17620307582
17620310961
17620311375
17620313597
17620319022
17620321352
17620321657
17620322372
17620322701
17620322736
17620323607
17620323865
17620324747
17620325544
17620325861
17620326177
17620326279
17620326929
17620327592
17620327657
17620328130
17620328593
17620329171
17620329651
17620329762
17620331060
17620332175
17620332287
17620332390
17620332762
17620333157
17620337558
17620337837
17620338677
17620352182
17620352387
17620353676
17620353712
17620355857
17620356171
17620356719
17620359297
17620361293
17620361952
17620362195
17620363312
17620365373
17620366953
17620369205
17620369791
17620371527
17620372292
17620372301
17620373127
17620373313
17620373855
17620375445
17620376031
17620376533
17620378484
17620379182
17620381063
17620381193
17620381672
17620383576
17620383735
17620385707
17620385911
17620386271
17620386579
17620387133
17620387973
17620388815
17620388905
17620389036
17620389361
17620390362
17620390836
17620391511
17620391870
17620392392
17620393003
17620393085
17620393155
17620393773
17620394040
17620395995
17620396087
17620397727
17620398103
17620398362
17620398761
17620398903
17620399673
17620423353
17620426644
17620450990
17665203276
17665207591
17665209722
17665210352
17665210537
17665210560
17665213257
17665214949
17665216183
17665216292
17665216303
17665217139
17665217282
17665217325
17665217951
17665218957
17665222113
17665223677
17665229033
17665229729
17665230877
17665232424
17665232503
17665235197
17665235692
17665236101
17665238209
17665251414
17665251873
17665252262
17665252843
17665254114
17665254884
17665258834
17665260257
17665261910
17665264141
17665265817
17665267997
17665269723
17665270193
17665271833
17665272112
17665272835
17665273663
17665273805
17665273957
17665275087
17665275381
17665275831
17665275923
17665276091
17665277026
17665278352
17665278712
17665278761
17665279031
17665279107
17665279173
17665279708
17665280569
17665281297
17665281579
17665282371
17665282511
17665283537
17665285957
17665286129
17665287056
17665287679
17665300687
17665301795
17665301950
17665305238
17665305975
17665307857
17665307865
17665307980
17665307985
17665308253
17665308371
17665308372
17665308787
17665308961
17665309322
17665311633
17665313142
17665314242
17665315755
17665317277
17665320376
17665320591
17665321729
17665323197
17665323701
17665325927
17665326051
17665326309
17665327203
17665327295
17665327620
17665327923
17665327957
17665328035
17665329177
17665329207
17665336716
17665350671
17665351781
17665353277
17665357631
17665358139
17665358167
17665358193
17665358376
17665367825
17665368107
17665368551
17665372951
17665372961
17665373123
17665376135
17665380073
17665380170
17665380281
17665381310
17665381531
17665381759
17665382373
17665383105
17665383569
17665383735
17665383952
17665385057
17665387150
17665390751
17665390965
17665391067
17665391735
17665392292
17665393081
17665393752
17665395072
17665395721
17665395793
17665396606
17665397183
17665397869
17665398273
17665398592
17665463373
17665497201
17665497727
17666101150
17666101163
17666102092
17666102879
17666103059
17666103615
17666103781
17666103970
17666106131
17666106920
17666107192
17666108392
17666108930
17666110371
17666113790
17666115905
17666116327
17666118927
17666131950
17688150575
17688151079
17688151391
17688151693
17688151903
17688152072
17688152271
17688152311
17688152659
17688152872
17688153127
17688153225
17688153790
17688153876
17688155093
17688155107
17688155767
17688156652
17688156935
17688156991
17688157126
17688157569
17688157686
17688157692
17688157790
17688157815
17688158250
17688158360
17688158960
17688158973
17688159169
17688159782
17688159875
17688160031
17688160282
17688160375
17688160378
17688160798
17688160953
17688161269
17688161302
17688161526
17688161792
17688161882
17688162113
17688162287
17688162598
17688162603
17688162632
17688162720
17688162730
17688162795
17688162806
17688162863
17688163226
17688163256
17688163257
17688163605
17688163613
17688163912
17688165019
17688165063
17688165101
17688165107
17688165127
17688165281
17688165352
17688165723
17688165765
17688165769
17688165835
17688165927
17688166075
17688166082
17688166187
17688166361
17688166831
17688167303
17688167535
17688167781
17688168667
17688168776
17688168982
17688169502
17688169673
17688530165
17688530273
17688530967
17688531320
17688531692
17688532056
17688533621
17688533816
17688533825
17688535729
17688535872
17688535935
17688536137
17688536175
17688536203
17688536237
17688536261
17688536270
17688536350
17688536589
17688536798
17688536858
17688536915
17688537105
17688537328
17688537561
17688537867
17688537912
17688537927
17688538507
17688539162
17688539761
17688539825
17688551292
17688553805
17688559381
17688560537
17688562061
17688562667
17688562867
17688563122
17688563779
17688565215
17688565380
17688565530
17688565867
17688567529
17688568173
17688569037
17688569121
17688569581
17688700136
17688700283
17688700735
17688701191
17688701287
17688701414
17688701525
17688702037
17688702126
17688702280
17688702295
17688702335
17688702396
17688702751
17688702763
17688703179
17688703583
17688703610
17688703922
17688703965
17688705159
17688705272
17688705508
17688705568
17688705627
17688705761
17688705829
17688705962
17688705987
17688706225
17688706261
17688706271
17688706505
17688706578
17688706580
17688706591
17688706592
17688707056
17688707162
17688707281
17688707516
17688707517
17688707662
17688707837
17688707885
17688707927
17688707976
17688708079
17688708552
17688708592
17688708752
17688708910
17688708913
17688708938
17688709113
17688709179
17688709185
17688709335
17688709357
17688709776
17688709905
17688710253
17688710279
17688710283
17688710572
17688710579
17688710582
17688710637
17688711331
17688711350
17688711592
17688711659
17688711670
17688712693
17688712755
17688713052
17688715739
17688716255
17688716351
17688717290
17688717503
17688719153
17688719173
17688719638
17688719763
17688720056
17688720183
17688720852
17688721770
17688722167
17688723667
17688723853
17688725175
17688725691
17688726195
17688726371
17688726571
17688726638
17688726798
17688726812
17688726978
17688727067
17688727539
17688727825
17688727902
17688727936
17688728210
17688728395
17688728737
17688729159
17688729267
17688729285
17688729370
17688729813
17688730165
17688730972
17688731621
17688732136
17688737915
17688738961
17688739120
17688750079
17688751690
17688751726
17688751921
17688752059
17688752060
17688752276
17688753196
17688753260
17688753782
17688753892
17688755237
17688755607
17688756018
17688756723
17688757621
17688758579
17688759109
17688759303
17688759590
17688759672
17688760125
17688760261
17688760559
17688760636
17688760891
17688760938
17688761153
17688761827
17688762031
17688762060
17688762081
17688762857
17688763060
17688763163
17688763282
17688763795
17688765118
17688765359
17688765972
17688766051
17688766703
17688766992
17688767003
17688767592
17688767619
17688769063
17688769185
17688769261
17688769389
17688769635
17688769982
17688771301
17688771302
17688771359
17688771380
17688771535
17688771608
17688771709
17688771793
17688772529
17688772569
17688772762
17688773205
17688776132
17688776213
17688776253
17688776819
17688778371
17688779102
17688779259
17688779561
17688780193
17688780236
17688780267
17688781330
17688782273
17688782963
17688785228
17688785809
17688787103
17688787151
17688787397
17688787562
17688787602
17688787750
17688789738
17688790265
17688790551
17688790781
17688791279
17688791623
17688791772
17688792187
17688792531
17688792739
17688793007
17688793085
17688793105
17688793272
17688793329
17688793357
17688793591
17688793832
17688793921
17688795382
17688795532
17688795775
17688795790
17688796215
17688796707
17688796787
17688796891
17688796927
17688797030
17688797382
17688798097
17688798371
17688798671
17688799201
17688799206
17688799683
17688799782
17688799823
17688821562
17688823776
17688826067
17688826370
17688827306
17688827953
17688829738
17688829925
17688832193
17688832291
17688833972
17688835607
17688835960
17688836357
17688836621
17688837175
17688837181
17688837213
17688837579
17688839176
17688839720
17688900195
17688900937
17688901135
17688901330
17688901379
17688901721
17688902101
17688902151
17688902170
17688902316
17688902628
17688902697
17688902935
17688903613
17688905037
17688905181
17688905891
17688906165
17688906185
17688906369
17688906381
17688906997
17688907159
17688907165
17688907335
17688907569
17688907683
17688907690
17688907701
17688907756
17688908051
17688908115
17688909259
17688909506
17688909562
17688909807
17688910035
17688910038
17688910670
17688910873
17688910971
17688910992
17688911376
17688911556
17688911602
17688911729
17688912039
17688912659
17688912875
17688913155
17688913552
17688913653
17688913679
17688913726
17688915355
17688915358
17688915385
17688915391
17688915990
17688916257
17688916379
17688916791
17688916957
17688916983
17688917325
17688917359
17688917382
17688917563
17688917590
17688917830
17688917868
17688917971
17688919037
17688919080
17688919373
17688920027
17688920151
17688920372
17688920792
17688920850
17688921050
17688921051
17688921397
17688921414
17688921876
17688922083
17688922673
17688923203
17688923271
17688923539
17688923930
17688925170
17688925372
17688925580
17688925723
17688925739
17688926076
17688926158
17688926169
17688926381
17688926557
17688927152
17688927261
17688927265
17688927385
17688927559
17688927750
17688927909
17688927916
17688927969
17688928003
17688928027
17688928369
17688928703
17688928753
17688929008
17688929213
17688929327
17688929762
17688930292
17688930352
17688931051
17688931508
17688931696
17688931905
17688932127
17688932361
17688932907
17688933010
17688933021
17688933227
17688933286
17688933516
17688933920
17688935070
17688935157
17688935182
17688935502
17688935760
17688935781
17688935817
17688935838
17688936307
17688936319
17688936578
17688936792
17688937630
17688937701
17688937712
17688937806
17688937932
17688938312
17688938692
17688938715
17688939001
17688939031
17688939207
17688939267
17688939571
17688939856
17688950236
17688950583
17688950680
17688951191
17688951252
17688951307
17688951665
17688951705
17688951936
17688952169
17688953076
17688953127
17688953296
17688953571
17688953590
17688953612
17688953892
17688955016
17688955028
17688955086
17688955682
17688955693
17688956073
17688956213
17688956258
17688956293
17688956610
17688956715
17688956815
17688956835
17688957130
17688957215
17688957372
17688957603
17688957862
17688958775
17688958909
17688959078
17688959079
17688959106
17688959120
17688959727
17688960783
17688962671
17688963872
17688965029
17688965190
17688967103
17688967351
17688969135
17688970563
17688970680
17688970771
17688970781
17688971057
17688971192
17688971291
17688971627
17688971823
17688971873
17688972036
17688972053
17688972071
17688972083
17688972102
17688972175
17688972361
17688972531
17688972573
17688972938
17688972976
17688973073
17688973961
17688975082
17688975915
17688975951
17688976137
17688976173
17688976235
17688976257
17688976317
17688976352
17688976523
17688976825
17688976972
17688977331
17688978073
17688978265
17688978667
17688979076
17688979078
17688979193
17688979509
17688979920
17688980152
17688980292
17688980873
17688981053
17688981137
17688981726
17688981796
17688983677
17688983752
17688985126
17688986015
17688986253
17688986285
17688986510
17688986815
17688989752
17688990257
17688992576
17688992763
17688993139
17688997390
18503015797
18503016722
18503019317
18503065671
18503066571
18503067537
18503078793
18503087923
18512609445
18520801063
18520813532
18520819377
18520842238
18520842680
18520848392
18520853352
18520861139
18520865703
18520869762
18520879207
18520893613
18520895269
18529060763
18529061311
18529063087
18529064424
18529065762
18529069211
18529069312
18529073537
18529075391
18529080171
18529080263
18529080272
18529080537
18529080795
18529081053
18529081273
18529081305
18529081317
18529081533
18529081625
18529081639
18529081655
18529081791
18529081792
18529081807
18529082037
18529082072
18529082170
18529082183
18529082193
18529082362
18529082379
18529082532
18529082607
18529082627
18529082733
18529082763
18529083072
18529083205
18529083261
18529083273
18529083605
18529083613
18529083621
18529083631
18529083701
18529083703
18529083715
18529083722
18529083815
18529083901
18529083917
18529085071
18529085093
18529085291
18529085307
18529085313
18529085517
18529085617
18529085770
18529085823
18529085867
18529085877
18529085953
18529086253
18529086373
18529086380
18529086596
18529086710
18529086871
18529086970
18529086971
18529086977
18529087052
18529087063
18529087152
18529087321
18529087503
18529087519
18529087533
18529087562
18529087596
18529087621
18529087723
18529088713
18529088972
18529089161
18529089292
18529089736
18529089752
18529089861
18529089867
18529091735
18529501414
18529501793
18529502852
18529503632
18529506293
18529506711
18529506759
18529507112
18529531673
18529540972
18529542160
18529542537
18529543161
18529546071
18529547025
18529547617
18529548593
18529549162
18529550297
18529551602
18529553195
18529553760
18529554664
18529563907
18529567239
18529567445
18529568093
18529572160
18529572163
18529572386
18529573016
18529576381
18529577365
18529578121
18529578196
18529582792
18529583271
18565603877
18565612065
18565627617
18565643067
18565692911
18565722611
18565725181
18565727133
18565732573
18565732703
18565735361
18565737017
18565738167
18565739032
18565739735
18565759603
18565765837
18565767295
18565772380
18565787122
18565793863
18565797133
18565809275
18565812675
18565830332
18565837726
18565841061
18565847610
18565865132
18565891036
18565895544
18565897037
18566201795
18566207167
18566240573
18566250133
18566252812
18566265391
18566266071
18566708951
18566710233
18566710297
18566710652
18566710865
18566713076
18566713716
18566713951
18566714521
18566715832
18566716920
18566719257
18566719517
18566720653
18566730015
18566730522
18566731562
18566731652
18566731877
18566732012
18566732391
18566732615
18566733012
18566735165
18566736251
18566736822
18566737482
18566739087
18566752710
18566752730
18566753870
18566769012
18566783577
18566786233
18575515379
18575520397
18575523387
18575528732
18575531353
18575562157
18575562591
18575582531
18575586721
18575586821
18575589637
18575589703
18575681671
18575681721
18575683171
18575683983
18575685125
18575687232
18575689507
18575690563
18575690837
18575691573
18575691787
18575693180
18575693397
18575696117
18575696531
18575697807
18575698709
18576413157
18576443697
18576461571
18576612822
18576616022
18576617012
18576622695
18576632071
18576676281
18576725302
18576735837
18576752823
18576791376
18588206317
18588265097
18588267372
18588415860
18588416626
18588417262
18588419813
18588455817
18588463953
18588465126
18588465981
18589025102
18589032165
18589036033
18589050355
18589071252
18594201716
18594203870
18594220867
18594227317
18594230375
18594233925
18594260157
18594260172
18594260395
18594260582
18594260951
18594260967
18594261252
18594261271
18594261292
18594261501
18594261553
18594261901
18594261937
18594262071
18594262087
18594262120
18594262275
18594262303
18594262373
18594262530
18594262672
18594262783
18594262835
18594262863
18594262903
18594262913
18594262915
18594263091
18594263137
18594263205
18594263291
18594263507
18594263650
18594263685
18594263697
18594263707
18594263713
18594263817
18594263876
18594263967
18594265027
18594265237
18594265305
18594265317
18594265385
18594265537
18594265672
18594265707
18594265712
18594265763
18594265783
18594265905
18594266107
18594266201
18594266275
18594266305
18594266371
18594266379
18594266703
18594266712
18594266792
18594267095
18594267201
18594267220
18594267506
18594267532
18594267580
18594267592
18594267625
18594267671
18594267761
18594267863
18594267917
18594267929
18594267952
18594268163
18594268195
18594269057
18594269227
18594269301
18594269302
18594269637
18594269650
18594269671
18594269732
18594275606
18594275612
18594276931
18594276982
18594277356
18594277625
18594277653
18594278051
18594278059
18594278265
18594278286
18594278572
18594278967
18594279315
18594279752
18594280782
18594281051
18594281067
18594281073
18594281075
18594281305
18594281335
18594281375
18594281507
18594281651
18594281671
18594281723
18594281757
18594281762
18594281791
18594281872
18594281951
18594282061
18594282097
18594282231
18594282350
18594282363
18594282365
18594282597
18594282607
18594282703
18594282716
18594282905
18594282931
18594282937
18594283025
18594283072
18594283379
18594283501
18594283527
18594283775
18594283850
18594283883
18594283902
18594283917
18594283950
18594283960
18594283971
18594285017
18594285107
18594285137
18594285232
18594285273
18594285292
18594285371
18594285693
18594285709
18594285720
18594285897
18594285931
18594285967
18594286052
18594286171
18594286175
18594286232
18594286253
18594286257
18594286302
18594286382
18594286392
18594286561
18594286591
18594286597
18594286795
18594286871
18594286873
18594286903
18594286983
18594287032
18594287091
18594287219
18594287251
18594287553
18594287695
18594287832
18594287973
18594288132
18594288173
18594288317
18594288735
18594289027
18594289037
18594289273
18594289570
18594289605
18594289726
18594289732
18594289760
18594289792
18598011721
18598023750
18598032242
18598035760
18598037311
18598038177
18598038633
18598040080
18598045292
18598045565
18598047117
18598048637
18598050103
18598050106
18598050108
18598050109
18598050116
18598050117
18598050119
18598050124
18598050125
18598050127
18598050128
18598050204
18598050209
18598050213
18598050215
18598050217
18598050224
18598050226
18598050227
18598050301
18598050308
18598050311
18598050315
18598050322
18598050326
18598050401
18598050402
18598050404
18598050410
18598050411
18598050414
18598050424
18598050425
18598050428
18598050429
18598050501
18598050504
18598050511
18598050516
18598050529
18598050530
18598050601
18598050603
18598050604
18598050608
18598050610
18598050613
18598050614
18598050615
18598050617
18598050620
18598050621
18598050622
18598050624
18598050625
18598050630
18598050702
18598050703
18598050710
18598050712
18598050719
18598050721
18598050722
18598050725
18598050727
18598050729
18598050730
18598050802
18598050803
18598050812
18598050814
18598050816
18598050817
18598050819
18598050820
18598050826
18598050827
18598050828
18598050904
18598050905
18598050921
18598050923
18598050925
18598050930
18598051001
18598051003
18598051009
18598051011
18598051012
18598051013
18598051016
18598051017
18598051018
18598051019
18598051020
18598051022
18598051023
18598051026
18598051031
18598051101
18598051104
18598051106
18598051110
18598051113
18598051114
18598051116
18598051125
18598051128
18598051131
18598051171
18598051202
18598051209
18598051211
18598051213
18598051216
18598051218
18598051219
18598051221
18598051224
18598051226
18598051227
18598051230
18598051231
18598051551
18598051881
18598052252
18598052662
18598052882
18598053113
18598053223
18598053313
18598053353
18598053373
18598053383
18598053393
18598053553
18598053773
18598053883
18598055585
18598056336
18598056556
18598056996
18598057007
18598057337
18598057557
18598057757
18598058008
18598058228
18598058338
18598058668
18598058838
18598058878
18598058998
18598059669
18598059779
18598059929
18598059979
18598060102
18598060103
18598060110
18598060112
18598060114
18598060115
18598060117
18598060124
18598060126
18598060128
18598060201
18598060204
18598060208
18598060212
18598060213
18598060215
18598060219
18598060221
18598060223
18598060224
18598060226
18598060306
18598060307
18598060311
18598060313
18598060319
18598060320
18598060322
18598060326
18598060327
18598060330
18598060331
18598060403
18598060404
18598060405
18598060407
18598060413
18598060417
18598060418
18598060419
18598060424
18598060425
18598060430
18598060506
18598060508
18598060509
18598060511
18598060513
18598060514
18598060524
18598060526
18598060529
18598060550
18598060609
18598060611
18598060615
18598060616
18598060626
18598060630
18598060703
18598060705
18598060709
18598060710
18598060712
18598060714
18598060716
18598060719
18598060722
18598060723
18598060726
18598060727
18598060728
18598060730
18598060731
18598060770
18598060801
18598060805
18598060807
18598060813
18598060818
18598060822
18598060824
18598060825
18598060826
18598060828
18598060829
18598060830
18598060880
18598060907
18598060910
18598060913
18598060916
18598060917
18598060918
18598060920
18598060925
18598060927
18598060929
18598060930
18598061003
18598061004
18598061006
18598061007
18598061008
18598061009
18598061011
18598061014
18598061019
18598061021
18598061025
18598061026
18598061027
18598061028
18598061030
18598061115
18598061117
18598061119
18598061125
18598061127
18598061171
18598061191
18598061202
18598061203
18598061205
18598061206
18598061207
18598061209
18598061210
18598061215
18598061216
18598061218
18598061219
18598061220
18598061223
18598061227
18598061230
18598061231
18598061357
18598061771
18598062112
18598062202
18598062212
18598062992
18598063003
18598063363
18598063373
18598063773
18598063883
18598065335
18598065525
18598065595
18598065775
18598065995
18598066006
18598066336
18598066556
18598067727
18598067757
18598067797
18598067997
18598068008
18598068118
18598068778
18598069339
18598069919
18598069939
18598080404
18598080406
18598080407
18598080408
18598080414
18598080415
18598080421
18598080425
18598080426
18598088434
18598090204
18598090214
18598090324
18598090504
18598090524
18598090624
18598090714
18598091004
18598091014
18598091057
18598091104
18598091114
18598091224
18598260922
18598263022
18598266733
18598269731
18598270952
18598272973
18598275632
18603011563
18603021761
18603027323
18603065270
18603067116
18603068972
18603071781
18603072786
18603073971
18603076772
18603076850
18603077865
18603078375
18603079356
18617000373
18617006291
18617006353
18617007212
18617008519
18617008653
18617008705
18617010375
18617010997
18617012235
18617012673
18617013203
18617013507
18617013515
18617013705
18617015579
18617015660
18617015907
18617016757
18617018217
18617018310
18617019287
18617019735
18617020971
18617025803
18617026807
18617027601
18617031337
18617031875
18617032729
18617033036
18617033086
18617035572
18617035760
18617037625
18617037950
18617038130
18617039757
18617043031
18617051357
18617052752
18617053907
18617056957
18617058276
18617058613
18617061692
18617061779
18617062762
18617062905
18617065097
18617065126
18617065693
18617065973
18617068936
18617069892
18617071663
18617071923
18617072503
18617075705
18617077509
18617079528
18617082257
18617082767
18617083051
18617089589
18617089652
18617090657
18617090982
18617091821
18617092982
18617096257
18617101081
18617103515
18617108563
18617110837
18617111093
18617115019
18617115696
18617116327
18617116835
18617116983
18617117973
18617119720
18617123907
18617125816
18617126081
18617126102
18617126183
18617126795
18617127553
18617127663
18617128107
18617129280
18617129526
18617130967
18617135631
18617136702
18617138357
18617138768
18617145291
18617145515
18617146709
18617152671
18617152902
18617153095
18617153912
18617155239
18617157839
18617159021
18617160775
18617161537
18617166115
18617166793
18617168593
18617171832
18617172650
18617176792
18617178638
18617179085
18617179937
18617180893
18617193267
18617193972
18617195653
18617195682
18617197202
18617197319
18617197375
18617198271
18620300262
18620301692
18620302507
18620303578
18620303873
18620307739
18620310079
18620311857
18620313267
18620315162
18620315712
18620315796
18620315925
18620317162
18620320537
18620321365
18620322673
18620322862
18620327512
18620327652
18620327681
18620327819
18620327952
18620328117
18620328132
18620328732
18620329352
18620329756
18620355067
18620358751
18620359397
18620360126
18620360706
18620362509
18620363802
18620368600
18620368915
18620370122
18620377176
18620377323
18620379107
18620386763
18620390572
18620393172
18620397902
18620398227
18664304664
18664310178
18664310893
18664312095
18664312750
18664312753
18664313063
18664313579
18664313739
18664315913
18664316285
18664316523
18664316571
18664316732
18664317217
18664317257
18664317679
18664317815
18664319057
18664325703
18664351182
18664358957
18664359909
18664376132
18664376219
18664378073
18664387323
18664397963
18664570592
18664574004
18664917691
18664920670
18664922631
18664941637
18664948397
18664951523
18664953367
18664982735
18664985771
18665302513
18665311560
18665313502
18665318105
18665327063
18665327563
18665328335
18665328720
18665337659
18665339302
18665359580
18665359670
18665367592
18665378190
18665380693
18665380750
18665380952
18665380995
18665383513
18665387075
18665387922
18665389153
18665389706
18665391913
18665398257
18665398771
18665399792
18665806120
18665807613
18665809372
18665809443
18665811357
18665817757
18665821263
18665821679
18665831803
18665832609
18665841820
18665843627
18665851190
18665852391
18665856223
18665858205
18665860550
18665863075
18665863807
18665867932
18665868507
18665868673
18665871083
18665871592
18665873613
18665890508
18665890863
18665891697
18665893310
18665895213
18665897370
18665900876
18665902631
18665903180
18665905632
18665908119
18665908780
18665908862
18665910550
18665912627
18665915101
18665917591
18665919105
18665921551
18665925230
18665925775
18665927152
18665927956
18665929959
18665930872
18665947271
18665950757
18665951352
18665952679
18665954141
18665958732
18665960861
18665963563
18665972308
18665975280
18665976561
18665976782
18665977081
18665977621
18665978170
18665978503
18665978673
18665982973
18665987695
18665988062
18666207130
18666212257
18666215782
18666291859
18666296391
18666297086
18666297675
18666298790
18666827357
18675512061
18675512239
18675512951
18675512972
18675513019
18675513686
18675517292
18675522780
18675525263
18675526367
18675527163
18675532984
18675537730
18675540259
18675542097
18675553639
18675553952
18675556053
18675556829
18675558512
18675561767
18675562972
18675566137
18675568013
18675571679
18675571695
18675571837
18675572686
18675572710
18675576816
18675580631
18675582072
18675589167
18675593281
18675593773
18675597780
18675598782
18675599273
18675648251
18676340579
18676341257
18676348632
18676349105
18676349772
18676362278
18676362932
18676368552
18676368785
18676368790
18676369752
18676370089
18676370176
18676370571
18676372296
18676373443
18676375029
18676375232
18676375775
18676377360
18676378273
18676378509
18676379229
18676383785
18676385387
18676387506
18676388370
18676391675
18676392552
18676393079
18676398526
18676398752
18676399027
18676399082
18676399587
18676669732
18676670556
18676675165
18676677751
18676678790
18676679287
18676686332
18676687923
18676698013
18676701579
18676702035
18676705601
18676705951
18676709837
18676711796
18676715515
18676715893
18676716926
18676723350
18676727029
18676728217
18676741936
18676742387
18676742581
18676742960
18676743907
18676745571
18676748105
18676749502
18676755713
18676756631
18676759721
18676781756
18676786578
18676788217
18676788260
18676791271
18676791672
18676791873
18676792152
18676792301
18676792380
18676796553
18676797823
18676799503
18676799659
18680301790
18680315062
18680319563
18680320283
18680321160
18680321390
18680322607
18680322865
18680323193
18680323901
18680326380
18680327651
18680327965
18680347807
18680349351
18680370157
18680371150
18680372762
18680373220
18680375828
18680377931
18680379816
18680380152
18680383532
18680387102
18680389613
18680391778
18680395038
18680395793
18680397513
18680398670
18680660276
18680661289
18680663235
18680663652
18680665093
18680665329
18680665336
18680667971
18680668561
18680669183
18680669360
18680669593
18680669827
18680670581
18680673502
18680678165
18680679593
18680683282
18681433571
18681436269
18681437591
18681439772
18681450265
18681450779
18681452550
18681452659
18681453667
18681456715
18681458079
18681458315
18681471251
18681471853
18681472857
18681473591
18681473872
18681475021
18681475121
18681475125
18681475726
18681475853
18681476281
18681477159
18681477935
18681478920
18681482721
18681483596
18681485079
18681485621
18681487503
18681487752
18681487805
18681491053
18681491632
18681495615
18681497682
18681497997
18681501131
18681502860
18681503591
18681506026
18681507591
18681509330
18681511697
18681512812
18681513172
18681513867
18681513916
18681515427
18681519235
18681523750
18681525635
18681530139
18681530335
18681532635
18681535857
18681535960
18681536050
18681536509
18681537317
18681537860
18681538389
18681540697
18681540951
18681542850
18681543802
18681545281
18681545290
18681546572
18681547906
18681549525
18681549712
18681550563
18681551771
18681552586
18681552671
18681552957
18681557172
18681558319
18681559550
18681565312
18681568101
18681570178
18681570322
18681571528
18681571732
18681571836
18681572661
18681573160
18681578102
18681578259
18681579073
18681579921
18681582992
18681587325
18681588073
18681590257
18681590571
18681590785
18681591360
18681593206
18681593921
18681596272
18682001637
18682002135
18682005833
18682005995
18682013113
18682013271
18682015967
18682026259
18682027379
18682027829
18682029380
18682029790
18682031562
18682032210
18682032944
18682035076
18682035126
18682036805
18682037723
18682038030
18682038892
18682038907
18682043807
18682046157
18682049052
18682051771
18682053171
18682053663
18682056819
18682056919
18682056951
18682059653
18682067227
18682069373
18682072577
18682072735
18682073837
18682073951
18682076962
18682077153
18682079120
18682080137
18682081382
18682083675
18682087165
18682089116
18682097697
18682099171
18682101531
18682101710
18682101797
18682102551
18682103725
18682103983
18682105592
18682105772
18682106335
18682107870
18682109208
18682113279
18682113817
18682117739
18682117750
18682117956
18682119801
18682139165
18682150395
18682152169
18682152213
18682153005
18682156293
18682156309
18682156891
18682157320
18682157961
18682158732
18682159956
18682163750
18682167601
18682169157
18682172581
18682173383
18682173959
18682175180
18682176911
18682176913
18682177011
18682177030
18682177956
18682178551
18682178791
18682178970
18682180532
18682187127
18682188370
18682188937
18682190852
18682191551
18682193727
18682193850
18682202787
18682212137
18682212383
18682215687
18682218027
18682218053
18682231058
18682231905
18682232129
18682233857
18682235375
18682237335
18682241873
18682262135
18682262769
18682266583
18682267209
18682272905
18682275736
18682277215
18682278771
18682279583
18682281261
18682282253
18682282376
18682282739
18682284521
18682285701
18682286310
18682286759
18682287601
18682287705
18682289170
18682290285
18682292392
18682292713
18682292715
18682293063
18682296102
18682296732
18682296782
18682297270
18682298702
18682302980
18682305192
18682306175
18682309938
18682310767
18682312670
18682313756
18682317447
18682326167
18682331350
18682336159
18682341632
18682348152
18682350790
18682362513
18682367183
18682372506
18682373756
18682377393
18682381723
18682387805
18682391765
18682393151
18682397021
18682397195
18682405172
18682411892
18682412169
18682412172
18682412869
18682413293
18682415279
18682416167
18682416760
18682416851
18682419283
18682419382
18682428137
18682440671
18682463071
18682468507
18682471503
18682472967
18682473872
18682475171
18682475897
18682476167
18682476175
18682477927
18682479873
18682485967
18682489157
18682491071
18682491397
18682493519
18682493583
18682495913
18682497352
18682497553
18688708327
18688712837
18688713293
18688717620
18688731579
18688731612
18688735876
18688750396
18688750562
18688753675
18688753902
18688755283
18688756367
18688757591
18688931721
18688932975
18688936771
18688937217
18688953161
18688957320
18688957370
18688958206
18688959198
18688959312
18689200853
18689201289
18689201569
18689202593
18689203013
18689203758
18689205171
18689205275
18689205308
18689206339
18689207065
18689208522
18689210763
18689211873
18689213750
18689215372
18689216031
18689216176
18689218272
18689218603
18689219550
18689219759
18689222759
18689226512
18689227129
18689227862
18689460153
18689460261
18689460862
18689462893
18689465025
18689465891
18689468051
18689468397
18689478605