05155218979
13005640131
13005640136
13005640151
13005640157
13005640162
13005640163
13005640169
13005640170
13005640185
13005640193
13005640196
13005640239
13005640261
13005640262
13005640290
13005640293
13005640297
13005640320
13005640375
13005640385
13005640627
13005640931
13005641089
13005641219
13005641250
13005641279
13005641283
13005641292
13005641293
13005641357
13005641359
13005641529
13005641532
13005641631
13005641632
13005641635
13005641659
13005641673
13005641715
13005641751
13005641792
13005641831
13005641865
13005641875
13005641931
13005642069
13005642076
13005642093
13005642169
13005642193
13005642317
13005642635
13005642706
13005642809
13005642813
13005642816
13005642857
13005642875
13005642930
13005642952
13005642962
13005642983
13005643152
13005643193
13005643256
13005643292
13005643516
13005643537
13005643573
13005643590
13005643625
13005643632
13005643695
13005643721
13005643762
13005643765
13005643835
13005643873
13005643876
13005643891
13005643897
13005643907
13005643935
13005645073
13005645075
13005645079
13005645083
13005645092
13005645137
13005645153
13005645159
13005645162
13005645165
13005645172
13005645173
13005645175
13005645176
13005645179
13005645186
13005645193
13005645196
13005645227
13005645231
13005645239
13005645257
13005645271
13005645276
13005645279
13005645283
13005645287
13005645290
13005645293
13005645296
13005645297
13005645302
13005645326
13005645373
13005645393
13005645503
13005645581
13005645605
13005645613
13005645615
13005645637
13005645639
13005645682
13005645692
13005645693
13005645697
13005645701
13005645703
13005645705
13005645707
13005645709
13005645710
13005645712
13005645719
13005645723
13005645726
13005645730
13005645732
13005645739
13005645753
13005645759
13005645762
13005645769
13005645783
13005645790
13005645793
13005645795
13005645796
13005645797
13005645803
13005645812
13005645817
13005645825
13005645830
13005645831
13005645837
13005645857
13005645862
13005645863
13005645867
13005645869
13005645871
13005645873
13005645879
13005645890
13005645891
13005645895
13005645901
13005645903
13005645907
13005645912
13005645913
13005645915
13005645916
13005645921
13005645935
13005645936
13005645939
13005645950
13005645951
13005645952
13005645963
13005645971
13005645972
13005645973
13005645979
13005645981
13005645982
13005645985
13005646013
13005646017
13005646019
13005646023
13005646025
13005646027
13005646032
13005646035
13005646037
13005646052
13005646053
13005646057
13005646059
13005646073
13005646076
13005646079
13005646082
13005646083
13005646085
13005646093
13005646097
13005646105
13005646112
13005646117
13005646120
13005646121
13005646129
13005646132
13005646151
13005646152
13005646153
13005646156
13005646165
13005646172
13005646182
13005646183
13005646190
13005646193
13005646195
13005646205
13005646206
13005646225
13005646229
13005646235
13005646237
13005646251
13005646253
13005646270
13005646271
13005646272
13005646275
13005646281
13005646285
13005646290
13005646295
13005646296
13005646297
13005646306
13005646307
13005646317
13005646335
13005646351
13005646352
13005646357
13005646365
13005646375
13005646379
13005646381
13005646501
13005646507
13005646512
13005646513
13005646517
13005646526
13005646532
13005646539
13005646557
13005646560
13005646562
13005646569
13005646576
13005646579
13005646582
13005646585
13005646587
13005646590
13005646593
13005646597
13005646651
13005646673
13005646675
13005646681
13005646702
13005646707
13005646712
13005646713
13005646715
13005646719
13005646725
13005646731
13005646751
13005646760
13005646762
13005646763
13005646771
13005646780
13005646783
13005646792
13005646793
13005646795
13005646801
13005646802
13005646807
13005646812
13005646825
13005646831
13005646835
13005646837
13005646851
13005646857
13005646861
13005646871
13005646879
13005646897
13005646910
13005646915
13005646927
13005646929
13005646932
13005646935
13005646950
13005646952
13005646953
13005646960
13005646961
13005646965
13005646967
13005646970
13005646971
13005646972
13005646973
13005646975
13005646982
13005646985
13005647010
13005647019
13005647023
13005647026
13005647031
13005647035
13005647037
13005647057
13005647063
13005647065
13005647067
13005647071
13005647073
13005647087
13005647091
13005647093
13005647095
13005647097
13005647101
13005647103
13005647105
13005647107
13005647121
13005647127
13005647129
13005647132
13005647136
13005647150
13005647151
13005647156
13005647161
13005647167
13005647172
13005647175
13005647185
13005647187
13005647192
13005647193
13005647195
13005647197
13005647203
13005647207
13005647213
13005647215
13005647236
13005647251
13005647259
13005647261
13005647265
13005647270
13005647279
13005647285
13005647287
13005647293
13005647302
13005647305
13005647306
13005647307
13005647315
13005647320
13005647329
13005647336
13005647350
13005647351
13005647352
13005647360
13005647362
13005647365
13005647367
13005647369
13005647379
13005647381
13005647390
13005647393
13005647395
13005647397
13005647502
13005647505
13005647509
13005647510
13005647519
13005647527
13005647530
13005647531
13005647532
13005647537
13005647561
13005647562
13005647571
13005647576
13005647581
13005647582
13005647587
13005647590
13005647593
13005647595
13005647597
13005647602
13005647603
13005647605
13005647610
13005647615
13005647617
13005647621
13005647623
13005647629
13005647630
13005647631
13005647650
13005647653
13005647657
13005647659
13005647671
13005647681
13005647685
13005647686
13005647687
13005647691
13005647693
13005647697
13005647703
13005647715
13005647732
13005647756
13005647757
13005647792
13005647802
13005647807
13005647810
13005647812
13005647815
13005647823
13005647825
13005647826
13005647835
13005647837
13005647852
13005647856
13005647861
13005647863
13005647865
13005647871
13005647872
13005647883
13005647901
13005647902
13005647905
13005647912
13005647915
13005647930
13005647932
13005647935
13005647936
13005647950
13005647952
13005647963
13005647965
13005647967
13005647969
13005647971
13005647972
13005647973
13005647976
13005648013
13005648015
13005648027
13005648032
13005648035
13005648051
13005648053
13005648057
13005648061
13005648063
13005648065
13005648071
13005648073
13005648075
13005648091
13005648095
13005648102
13005648106
13005648125
13005648135
13005648152
13005648157
13005648159
13005648162
13005648172
13005648173
13005648175
13005648179
13005648195
13005648203
13005648206
13005648207
13005648209
13005648219
13005648235
13005648237
13005648250
13005648257
13005648262
13005648270
13005648279
13005648285
13005648291
13005648292
13005648295
13005648297
13005648301
13005648305
13005648306
13005648317
13005648323
13005648350
13005648351
13005648357
13005648361
13005648362
13005648363
13005648365
13005648371
13005648372
13005648376
13005648391
13005648395
13005648503
13005648509
13005648513
13005648516
13005648517
13005648519
13005648527
13005648530
13005648532
13005648536
13005648551
13005648561
13005648562
13005648563
13005648570
13005648571
13005648573
13005648575
13005648581
13005648587
13005648591
13005648592
13005648593
13005648603
13005648605
13005648613
13005648615
13005648617
13005648620
13005648631
13005648635
13005648639
13005648652
13005648657
13005648671
13005648672
13005648682
13005648691
13005648695
13005648697
13005648709
13005648710
13005648715
13005648716
13005648719
13005648721
13005648723
13005648731
13005648739
13005648750
13005648751
13005648752
13005648753
13005648761
13005648773
13005648791
13005648793
13005648857
13005648872
13005648901
13005648903
13005648916
13005648921
13005648925
13005648927
13005648930
13005648932
13005648935
13005648950
13005648951
13005648961
13005648962
13005648970
13005648971
13005648972
13005648973
13005648976
13005648979
13005649016
13005649021
13005649036
13005649051
13005649053
13005649061
13005649062
13005649065
13005649071
13005649073
13005649076
13005649085
13005649086
13005649102
13005649103
13005649105
13005649121
13005649131
13005649136
13005649137
13005649151
13005649152
13005649157
13005649162
13005649167
13005649170
13005649172
13005649173
13005649176
13005649185
13005649187
13005649209
13005649215
13005649216
13005649217
13005649219
13005649230
13005649232
13005649237
13005649239
13005649251
13005649256
13005649257
13005649262
13005649265
13005649273
13005649275
13005649276
13005649279
13005649280
13005649282
13005649285
13005649287
13005649297
13005649306
13005649307
13005649310
13005649315
13005649326
13005649351
13005649352
13005649356
13005649357
13005649362
13005649367
13005649371
13005649372
13005649373
13005649375
13005649387
13005649627
13005649637
13005649767
13005649790
13005650167
13005650197
13005650251
13005650297
13005650357
13005650362
13005650397
13018513570
13018513571
13018513574
13018513575
13018513580
13018513582
13018513584
13018513590
13018513591
13018513594
13018513596
13018513597
13018513601
13018513604
13018513605
13018513607
13018513610
13018513614
13018513627
13018513631
13018513640
13018513641
13018513642
13018513643
13018513644
13018513645
13018513647
13018513650
13018513672
13018513675
13018513679
13018513684
13018513687
13018513692
13018513704
13018513705
13018513709
13018513710
13018513714
13018513719
13018513724
13018513731
13018513734
13018513735
13018513740
13018513741
13018513742
13018513743
13018513745
13018513746
13018513747
13018513749
13018513751
13018513753
13018513754
13018513764
13018513774
13018513781
13018513784
13018513786
13018513791
13018513792
13018513793
13018513794
13018513804
13018513805
13018513821
13018513824
13018513827
13018513834
13018513842
13018513854
13018513860
13018513867
13018513874
13018513879
13018513892
13018513893
13018513894
13018513895
13018513901
13018513905
13018513914
13018513920
13018513927
13018513934
13018513940
13018513942
13018513943
13018513945
13018513947
13018513949
13018513950
13018513951
13018513952
13018513956
13018513957
13018513961
13018513962
13018513964
13018513965
13018513967
13018513970
13018513973
13018513974
13018513976
13018513979
13018513984
13018513985
13018514004
13018514015
13018514025
13018514027
13018514031
13018514032
13018514034
13018514036
13018514039
13018514042
13018514043
13018514044
13018514045
13018514047
13018514051
13018514052
13018514053
13018514054
13018514056
13018514057
13018514059
13018514062
13018514064
13018514065
13018514069
13018514071
13018514072
13018514074
13018514075
13018514082
13018514083
13018514087
13018514089
13018514090
13018514093
13018514097
13018514101
13018514102
13018514105
13018514106
13018514107
13018514108
13018514110
13018514114
13018514120
13018514124
13018514125
13018514126
13018514129
13018514130
13018514136
13018514137
13018514140
13018514142
13018514150
13018514153
13018514154
13018514160
13018514165
13018514169
13018514170
13018514171
13018514173
13018514179
13018514184
13018514187
13018514190
13018514192
13018514193
13018514201
13018514202
13018514204
13018514207
13018514210
13018514214
13018514215
13018514216
13018514219
13018514230
13018514231
13018514232
13018514235
13018514237
13018514239
13018514244
13018514245
13018514247
13018514250
13018514251
13018514253
13018514254
13018514256
13018514257
13018514261
13018514264
13018514265
13018514267
13018514269
13018514271
13018514272
13018514274
13018514279
13018514280
13018514282
13018514283
13018514284
13018514285
13018514287
13018514291
13018514293
13018514294
13018514295
13018514297
13018514301
13018514302
13018514303
13018514304
13018514306
13018514307
13018514309
13018514312
13018514314
13018514320
13018514324
13018514326
13018514327
13018514329
13018514331
13018514332
13018514334
13018514335
13018514337
13018514341
13018514342
13018514344
13018514346
13018514347
13018514349
13018514351
13018514352
13018514353
13018514354
13018514356
13018514359
13018514361
13018514362
13018514364
13018514365
13018514370
13018514371
13018514372
13018514374
13018514375
13018514380
13018514381
13018514382
13018514383
13018514384
13018514385
13018514387
13018514390
13018514391
13018514392
13018514393
13018514394
13018514395
13018514396
13018514397
13018514401
13018514402
13018514405
13018514406
13018514409
13018514413
13018514415
13018514420
13018514421
13018514423
13018514431
13018514434
13018514435
13018514437
13018514451
13018514453
13018514457
13018514463
13018514465
13018514467
13018514471
13018514472
13018514474
13018514475
13018514478
13018514479
13018514487
13018514491
13018514495
13018514497
13018514501
13018514502
13018514503
13018514505
13018514509
13018514510
13018514513
13018514526
13018514527
13018514529
13018514534
13018514536
13018514537
13018514540
13018514543
13018514546
13018514547
13018514553
13018514554
13018514560
13018514561
13018514562
13018514563
13018514565
13018514569
13018514570
13018514571
13018514572
13018514573
13018514576
13018514579
13018514582
13018514583
13018514584
13018514586
13018514590
13018514591
13018514592
13018514593
13018514597
13018514601
13018514602
13018514603
13018514604
13018514605
13018514607
13018514609
13018514610
13018514613
13018514617
13018514619
13018514621
13018514623
13018514626
13018514627
13018514629
13018514630
13018514631
13018514632
13018514637
13018514644
13018514645
13018514647
13018514650
13018514657
13018514664
13018514673
13018514674
13018514675
13018514679
13018514680
13018514681
13018514682
13018514683
13018514684
13018514685
13018514687
13018514689
13018514691
13018514692
13018514693
13018514694
13018514703
13018514704
13018514705
13018514706
13018514709
13018514710
13018514712
13018514713
13018514715
13018514716
13018514717
13018514721
13018514723
13018514724
13018514725
13018514726
13018514727
13018514729
13018514730
13018514731
13018514732
13018514735
13018514736
13018514737
13018514739
13018514740
13018514741
13018514742
13018514744
13018514745
13018514749
13018514750
13018514751
13018514753
13018514756
13018514759
13018514760
13018514761
13018514762
13018514763
13018514764
13018514765
13018514769
13018514772
13018514780
13018514781
13018514782
13018514783
13018514784
13018514785
13018514790
13018514792
13018514793
13018514794
13018514795
13018514796
13018514801
13018514802
13018514804
13018514805
13018514807
13018514810
13018514814
13018514817
13018514818
13018514820
13018514821
13018514824
13018514825
13018514827
13018514829
13018514830
13018514831
13018514832
13018514839
13018514840
13018514843
13018514845
13018514847
13018514850
13018514853
13018514854
13018514857
13018514859
13018514864
13018514867
13018514869
13018514870
13018514872
13018514874
13018514875
13018514879
13018514890
13018514892
13018514893
13018514895
13018514896
13018514897
13018514901
13018514902
13018514904
13018514905
13018514907
13018514912
13018514915
13018514921
13018514923
13018514924
13018514925
13018514926
13018514927
13018514930
13018514931
13018514932
13018514936
13018514937
13018514940
13018514941
13018514942
13018514943
13018514947
13018514950
13018514952
13018514956
13018514958
13018514959
13018514960
13018514961
13018514962
13018514964
13018514967
13018514970
13018514971
13018514972
13018514973
13018514974
13018514975
13018514976
13018514980
13018514984
13018514987
13018515016
13018515021
13018515024
13018515027
13018515029
13018515037
13018515043
13018515047
13018515057
13018515062
13018515081
13018515083
13018515084
13018515091
13018515094
13018515126
13018515147
13018515174
13018515179
13018515230
13018515231
13018515232
13018515237
13018515241
13018515245
13018515246
13018515249
13018515262
13018515264
13018515265
13018515267
13018515274
13018515279
13018515281
13018515283
13018515287
13018515290
13018515294
13018515301
13018515325
13018515326
13018515327
13018515334
13018515337
13018515344
13018515347
13018515354
13018515357
13018515362
13018515364
13018515374
13018515376
13018515379
13018515384
13018515387
13018515391
13018515394
13018515395
13018515401
13018515403
13018515407
13018515412
13018515413
13018515415
13018515417
13018515419
13018515420
13018515425
13018515426
13018515429
13018515430
13018515434
13018515436
13018515437
13018515441
13018515443
13018515446
13018515448
13018515450
13018515451
13018515452
13018515457
13018515459
13018515460
13018515463
13018515464
13018515465
13018515467
13018515469
13018515470
13018515471
13018515472
13018515478
13018515481
13018515484
13018515489
13018515492
13018515493
13018515494
13018515495
13018515497
13018515514
13018515526
13018515547
13018515562
13018515563
13018515576
13018515584
13018515587
13018515594
13018515601
13018515604
13018515609
13018515610
13018515614
13018515619
13018515624
13018515629
13018515634
13018515635
13018515640
13018515641
13018515644
13018515645
13018515646
13018515647
13018515651
13018515664
13018515670
13018515672
13018515673
13018515674
13018515675
13018515680
13018515684
13018515694
13018515697
13018515704
13018515705
13018515707
13018515715
13018515716
13018515719
13018515726
13018515729
13018515734
13018515735
13018515736
13018515740
13018515741
13018515742
13018515743
13018515746
13018515747
13018515749
13018515754
13018515759
13018515763
13018515764
13018515774
13018515784
13018515786
13018515791
13018515803
13018515809
13018515810
13018515814
13018515824
13018515840
13018515842
13018515843
13018515847
13018515849
13018515867
13018515874
13018515875
13018515892
13018515897
13018515901
13018515902
13018515905
13018515907
13018515910
13018515912
13018515916
13018515924
13018515931
13018515934
13018515937
13018515943
13018515944
13018515946
13018515947
13018515949
13018515952
13018515954
13018515960
13018515962
13018515963
13018515964
13018515970
13018515974
13018515975
13018515982
13018515994
13018516014
13018516015
13018516017
13018516021
13018516024
13018516031
13018516040
13018516042
13018516044
13018516047
13018516049
13018516053
13018516056
13018516061
13018516074
13018516076
13018516082
13018516084
13018516091
13018516094
13018516104
13018516106
13018516107
13018516115
13018516124
13018516134
13018516143
13018516145
13018516147
13018516149
13018516154
13018516157
13018516172
13018516173
13018516174
13018516175
13018516176
13018516184
13018516194
13018516195
13018516203
13018516204
13018516205
13018516210
13018516213
13018516214
13018516219
13018516232
13018516235
13018516236
13018516240
13018516244
13018516245
13018516247
13018516249
13018516264
13018516270
13018516272
13018516275
13018516279
13018516281
13018516284
13018516292
13018516294
13018516297
13018516301
13018516307
13018516310
13018516314
13018516315
13018516324
13018516325
13018516340
13018516342
13018516343
13018516349
13018516350
13018516351
13018516354
13018516361
13018516364
13018516365
13018516371
13018516373
13018516374
13018516379
13018516382
13018516385
13018516387
13018516390
13018516395
13018516397
13018516401
13018516403
13018516404
13018516409
13018516412
13018516413
13018516414
13018516415
13018516417
13018516419
13018516421
13018516423
13018516424
13018516425
13018516426
13018516427
13018516430
13018516431
13018516432
13018516434
13018516435
13018516436
13018516437
13018516439
13018516445
13018516447
13018516449
13018516450
13018516451
13018516452
13018516453
13018516457
13018516459
13018516460
13018516461
13018516462
13018516463
13018516465
13018516467
13018516469
13018516470
13018516471
13018516472
13018516473
13018516474
13018516475
13018516476
13018516479
13018516480
13018516483
13018516484
13018516487
13018516490
13018516491
13018516492
13018516493
13018516496
13018516497
13018516503
13018516504
13018516506
13018516507
13018516514
13018516517
13018516524
13018516529
13018516531
13018516537
13018516541
13018516542
13018516544
13018516545
13018516546
13018516547
13018516559
13018516563
13018516570
13018516572
13018516573
13018516574
13018516575
13018516579
13018516584
13018516591
13018516592
13018516596
13018516597
13018516604
13018516615
13018516631
13018516632
13018516634
13018516638
13018516643
13018516645
13018516647
13018516648
13018516649
13018516673
13018516693
13018516694
13018516701
13018516703
13018516704
13018516705
13018516710
13018516712
13018516724
13018516731
13018516734
13018516735
13018516736
13018516739
13018516740
13018516741
13018516742
13018516746
13018516749
13018516750
13018516751
13018516752
13018516753
13018516754
13018516757
13018516758
13018516781
13018516782
13018516790
13018516794
13018516795
13018516796
13018516801
13018516803
13018516804
13018516810
13018516814
13018516821
13018516824
13018516825
13018516827
13018516837
13018516841
13018516842
13018516845
13018516846
13018516847
13018516854
13018516864
13018516870
13018516871
13018516872
13018516873
13018516874
13018516875
13018516902
13018516907
13018516912
13018516917
13018516924
13018516925
13018516930
13018516931
13018516934
13018516939
13018516940
13018516941
13018516942
13018516943
13018516945
13018516946
13018516947
13018516954
13018516957
13018516964
13018516965
13018516972
13018516973
13018516974
13018516981
13018516984
13018516994
13018517004
13018517014
13018517016
13018517021
13018517024
13018517027
13018517032
13018517034
13018517035
13018517037
13018517040
13018517041
13018517042
13018517045
13018517046
13018517047
13018517051
13018517054
13018517057
13018517061
13018517064
13018517071
13018517074
13018517084
13018517092
13018517094
13018517096
13018517103
13018517104
13018517105
13018517106
13018517112
13018517120
13018517124
13018517126
13018517129
13018517132
13018517142
13018517145
13018517146
13018517147
13018517151
13018517152
13018517154
13018517163
13018517164
13018517165
13018517184
13018517195
13018517197
13018517204
13018517207
13018517214
13018517224
13018517225
13018517230
13018517236
13018517240
13018517241
13018517243
13018517245
13018517246
13018517247
13018517249
13018517251
13018517254
13018517261
13018517262
13018517263
13018517264
13018517265
13018517267
13018517269
13018517273
13018517274
13018517290
13018517294
13018517301
13018517302
13018517307
13018517315
13018517316
13018517317
13018517324
13018517325
13018517326
13018517327
13018517337
13018517342
13018517343
13018517344
13018517346
13018517351
13018517352
13018517354
13018517359
13018517360
13018517361
13018517362
13018517364
13018517365
13018517371
13018517375
13018517380
13018517384
13018517386
13018517387
13018517391
13018517393
13018517401
13018517403
13018517404
13018517406
13018517407
13018517409
13018517410
13018517412
13018517415
13018517416
13018517423
13018517424
13018517426
13018517434
13018517435
13018517436
13018517437
13018517440
13018517442
13018517443
13018517445
13018517447
13018517450
13018517454
13018517458
13018517461
13018517462
13018517463
13018517464
13018517467
13018517469
13018517471
13018517472
13018517473
13018517476
13018517480
13018517481
13018517482
13018517483
13018517484
13018517485
13018517486
13018517487
13018517491
13018517492
13018517493
13018517495
13018517501
13018517504
13018517509
13018517512
13018517513
13018517514
13018517523
13018517529
13018517531
13018517532
13018517534
13018517537
13018517539
13018517540
13018517541
13018517542
13018517544
13018517545
13018517547
13018517548
13018517553
13018517561
13018517563
13018517564
13018517570
13018517574
13018517581
13018517583
13018517584
13018517590
13018517591
13018517601
13018517604
13018517610
13018517613
13018517621
13018517624
13018517631
13018517634
13018517635
13018517637
13018517639
13018517640
13018517642
13018517643
13018517644
13018517645
13018517647
13018517648
13018517651
13018517657
13018517659
13018517670
13018517671
13018517672
13018517673
13018517674
13018517679
13018517684
13018517691
13018517692
13018517694
13018517695
13018517704
13018517723
13018517724
13018517732
13018517734
13018517736
13018517740
13018517745
13018517746
13018517754
13018517759
13018517765
13018517796
13018517802
13018517803
13018517804
13018517807
13018517809
13018517814
13018517816
13018517823
13018517824
13018517827
13018517830
13018517832
13018517834
13018517837
13018517840
13018517841
13018517842
13018517844
13018517847
13018517850
13018517853
13018517854
13018517860
13018517864
13018517867
13018517869
13018517871
13018517873
13018517874
13018517884
13018517892
13018517894
13018517901
13018517903
13018517904
13018517905
13018517907
13018517910
13018517916
13018517920
13018517924
13018517925
13018517927
13018517934
13018517935
13018517937
13018517940
13018517941
13018517942
13018517943
13018517944
13018517945
13018517946
13018517947
13018517950
13018517953
13018517954
13018517957
13018517960
13018517962
13018517964
13018517967
13018517974
13018517975
13018517976
13018517984
13018517987
13018518024
13018518037
13018518040
13018518042
13018518047
13018518049
13018518056
13018518064
13018518065
13018518075
13018518079
13018518084
13018518091
13018518094
13018518102
13018518104
13018518120
13018518124
13018518131
13018518137
13018518149
13018518154
13018518157
13018518164
13018518172
13018518174
13018518175
13018518176
13018518179
13018518194
13018518204
13018518205
13018518206
13018518214
13018518224
13018518240
13018518241
13018518243
13018518245
13018518247
13018518249
13018518252
13018518254
13018518264
13018518273
13018518274
13018518284
13018518290
13018518291
13018518294
13018518297
13018518304
13018518305
13018518307
13018518314
13018518317
13018518324
13018518340
13018518342
13018518344
13018518346
13018518347
13018518352
13018518354
13018518356
13018518357
13018518362
13018518364
13018518367
13018518373
13018518374
13018518375
13018518390
13018518394
13018518401
13018518403
13018518406
13018518407
13018518409
13018518414
13018518423
13018518434
13018518437
13018518440
13018518447
13018518449
13018518453
13018518457
13018518461
13018518464
13018518465
13018518467
13018518470
13018518472
13018518474
13018518476
13018518482
13018518490
13018518494
13018518496
13018518497
13018518546
13018518548
13018518570
13018518574
13018518579
13018518594
13018518604
13018518614
13018518624
13018518629
13018518634
13018518641
13018518642
13018518643
13018518649
13018518654
13018518664
13018518674
13018518692
13018518694
13018518701
13018518704
13018518714
13018518717
13018518720
13018518724
13018518727
13018518732
13018518734
13018518735
13018518741
13018518742
13018518745
13018518746
13018518747
13018518749
13018518752
13018518753
13018518754
13018518761
13018518769
13018518775
13018518790
13018518794
13018518796
13018518842
13018518847
13018518906
13018518907
13018518916
13018518921
13018518924
13018518927
13018518930
13018518936
13018518937
13018518940
13018518941
13018518947
13018518952
13018518953
13018518954
13018518960
13018518964
13018518974
13018518975
13018518994
13018519014
13018519017
13018519021
13018519026
13018519034
13018519040
13018519041
13018519042
13018519043
13018519044
13018519045
13018519046
13018519047
13018519048
13018519050
13018519061
13018519062
13018519063
13018519064
13018519067
13018519073
13018519074
13018519079
13018519084
13018519104
13018519105
13018519121
13018519126
13018519131
13018519132
13018519137
13018519142
13018519145
13018519156
13018519159
13018519164
13018519167
13018519172
13018519174
13018519176
13018519179
13018519187
13018519206
13018519212
13018519214
13018519215
13018519224
13018519236
13018519240
13018519242
13018519245
13018519247
13018519249
13018519250
13018519257
13018519259
13018519260
13018519264
13018519265
13018519269
13018519270
13018519271
13018519274
13018519275
13018519276
13018519280
13018519294
13018519302
13018519304
13018519305
13018519306
13018519307
13018519310
13018519312
13018519316
13018519320
13018519325
13018519326
13018519334
13018519341
13018519342
13018519347
13018519349
13018519350
13018519352
13018519353
13018519356
13018519357
13018519364
13018519365
13018519371
13018519372
13018519375
13018519382
13018519384
13018519392
13018519394
13018519401
13018519405
13018519406
13018519408
13018519410
13018519412
13018519413
13018519415
13018519416
13018519417
13018519425
13018519426
13018519427
13018519429
13018519430
13018519431
13018519432
13018519435
13018519436
13018519437
13018519438
13018519439
13018519440
13018519442
13018519446
13018519449
13018519450
13018519451
13018519452
13018519453
13018519457
13018519458
13018519459
13018519460
13018519461
13018519462
13018519463
13018519464
13018519465
13018519470
13018519472
13018519473
13018519474
13018519479
13018519480
13018519481
13018519482
13018519483
13018519484
13018519485
13018519487
13018519490
13018519491
13018519493
13018519497
13018519502
13018519507
13018519534
13018519537
13018519542
13018519544
13018519554
13018519560
13018519561
13018519562
13018519564
13018519570
13018519573
13018519574
13018519576
13018519579
13018519582
13018519592
13018519597
13018519604
13018519607
13018519609
13018519610
13018519614
13018519620
13018519624
13018519632
13018519637
13018519640
13018519643
13018519647
13018519651
13018519664
13018519670
13018519672
13018519675
13018519679
13018519691
13018519694
13018519701
13018519704
13018519706
13018519714
13018519715
13018519717
13018519720
13018519732
13018519734
13018519737
13018519740
13018519742
13018519743
13018519744
13018519745
13018519750
13018519754
13018519762
13018519763
13018519764
13018519765
13018519767
13018519769
13018519781
13018519784
13018519785
13018519787
13018519792
13018519794
13018519796
13018519804
13018519814
13018519815
13018519817
13018519824
13018519825
13018519834
13018519843
13018519845
13018519847
13018519852
13018519853
13018519854
13018519861
13018519864
13018519871
13018519873
13018519874
13018519894
13018519896
13018519917
13018519942
13018519954
13018519963
13018519964
13018519981
13018519984
13035890031
13035890034
13035890041
13035890042
13035890045
13035890047
13035890054
13035890071
13035890106
13035890112
13035890114
13035890115
13035890117
13035890126
13035890132
13035890140
13035890141
13035890142
13035890143
13035890144
13035890146
13035890149
13035890164
13035890184
13035890194
13035890214
13035890241
13035890245
13035890246
13035890247
13035890264
13035890274
13035890294
13035890314
13035890324
13035890340
13035890341
13035890347
13035890354
13035890364
13035890374
13035890384
13035890394
13035890403
13035890415
13035890421
13035890426
13035890429
13035890434
13035890435
13035890436
13035890439
13035890441
13035890443
13035890450
13035890452
13035890453
13035890454
13035890459
13035890460
13035890461
13035890463
13035890467
13035890469
13035890470
13035890471
13035890473
13035890474
13035890475
13035890476
13035890479
13035890480
13035890481
13035890482
13035890485
13035890487
13035890490
13035890491
13035890492
13035890493
13035890494
13035890495
13035890514
13035890534
13035890540
13035890542
13035890545
13035890546
13035890547
13035890574
13035890594
13035890640
13035890641
13035890644
13035890645
13035890646
13035890649
13035890674
13035890684
13035890694
13035890704
13035890732
13035890735
13035890740
13035890741
13035890742
13035890743
13035890745
13035890746
13035890747
13035890750
13035890751
13035890754
13035890763
13035890764
13035890767
13035890772
13035890774
13035890783
13035890784
13035890785
13035890790
13035890791
13035890792
13035890794
13035890795
13035890804
13035890807
13035890827
13035890834
13035890837
13035890841
13035890843
13035890847
13035890850
13035890854
13035890864
13035890874
13035890879
13035890891
13035890910
13035890921
13035890924
13035890927
13035890937
13035890941
13035890942
13035890945
13035890946
13035890947
13035890951
13035890954
13035890959
13035890970
13035890974
13035890975
13035890976
13035890979
13035890984
13035891007
13035891014
13035891035
13035891036
13035891040
13035891041
13035891045
13035891046
13035891047
13035891052
13035891054
13035891057
13035891064
13035891067
13035891072
13035891074
13035891079
13035891081
13035891084
13035891093
13035891094
13035891101
13035891130
13035891132
13035891140
13035891143
13035891146
13035891152
13035891157
13035891161
13035891164
13035891176
13035891187
13035891210
13078320037
13078320107
13078320132
13078320161
13078320182
13078320236
13078320256
13078320272
13078320276
13078320296
13078320313
13078320352
13078320357
13078320375
13078320379
13078320387
13078320391
13078320527
13078320561
13078320569
13078320571
13078320575
13078320581
13078320583
13078320587
13078320597
13078320631
13078320637
13078320657
13078320670
13078320673
13078320687
13078320726
13078320737
13078320750
13078320762
13078320765
13078320792
13078320796
13078320826
13078320850
13078320861
13078320871
13078320872
13078320875
13078320895
13078320896
13078320951
13078320953
13078320961
13078320975
13078321032
13078321063
13078321071
13078321165
13078321217
13078321252
13078321257
13078321275
13078321291
13078321297
13078321315
13078321327
13078321350
13078321351
13078321359
13078321365
13078321371
13078321372
13078321375
13078321393
13078321397
13078321501
13078321506
13078321510
13078321517
13078321529
13078321537
13078321557
13078321572
13078321592
13078321597
13078321605
13078321610
13078321626
13078321629
13078321637
13078321651
13078321657
13078321670
13078321673
13078321691
13078321705
13078321709
13078321730
13078321731
13078321732
13078321791
13078321792
13078321796
13078321825
13078321867
13078321921
13078321932
13078321952
13078321961
13078321971
13078322059
13078322076
13078322097
13078322107
13078322151
13078322156
13078322157
13078322167
13078322173
13078322175
13078322190
13078322359
13078322361
13078322365
13078322387
13078322395
13078322590
13078322617
13078322657
13078322672
13078322702
13078322753
13078322937
13078322951
13078322967
13078323015
13078323017
13078323025
13078323031
13078323051
13078323057
13078323061
13078323062
13078323087
13078323091
13078323092
13078323097
13078323107
13078323127
13078323150
13078323172
13078323212
13078323285
13078325153
13078325169
13078325170
13078325179
13078325190
13078325193
13078325236
13078325272
13078325276
13078325290
13078325307
13078325316
13078325361
13078325362
13078325372
13078325379
13078325395
13078325397
13078325501
13078325512
13078325537
13078325570
13078325581
13078325591
13078325601
13078325605
13078325617
13078325619
13078325672
13078325702
13078325709
13078325715
13078325716
13078325721
13078325723
13078325732
13078325737
13078325762
13078325765
13078325787
13078325790
13078325791
13078325806
13078325815
13078325821
13078325837
13078325882
13078325893
13078325897
13078325902
13078325930
13078325935
13078325952
13078325960
13078325967
13078325970
13078325972
13078325976
13078325987
13078326015
13078326021
13078326059
13078326073
13078326081
13078326091
13078326096
13078326103
13078326107
13078326125
13078326137
13078326153
13078326156
13078326170
13078326171
13078326172
13078326175
13078326181
13078326187
13078326191
13078326195
13078326197
13078326205
13078326207
13078326213
13078326219
13078326221
13078326236
13078326251
13078326279
13078326281
13078326305
13078326310
13078326315
13078326352
13078326359
13078326385
13078326502
13078326519
13078326525
13078326531
13078326539
13078326553
13078326570
13078326571
13078326581
13078326587
13078326610
13078326673
13078326702
13078326712
13078326720
13078326732
13078326739
13078326757
13078326761
13078326763
13078326765
13078326831
13078326851
13078326853
13078326870
13078326875
13078326905
13078326907
13078326915
13078326921
13078326927
13078326932
13078326951
13078326952
13078326971
13078327017
13078327031
13078327035
13078327057
13078327061
13078327075
13078327092
13078327102
13078327105
13078327131
13078327137
13078327152
13078327157
13078327161
13078327167
13078327176
13078327190
13078327191
13078327192
13078327195
13078327196
13078327197
13078327206
13078327235
13078327237
13078327253
13078327260
13078327261
13078327291
13078327297
13078327305
13078327307
13078327317
13078327350
13078327391
13078327397
13078327513
13078327529
13078327535
13078327587
13078327591
13078327593
13078327606
13078327612
13078327619
13078327627
13078327637
13078327651
13078327657
13078327670
13078327673
13078327695
13078327719
13078327803
13078327807
13078327812
13078327821
13078327851
13078327865
13078327870
13078327871
13078327903
13078327905
13078327910
13078327915
13078327920
13078327951
13078327961
13078327971
13078327981
13078327987
13078328021
13078328036
13078328051
13078328067
13078328071
13078328073
13078328093
13078328102
13078328125
13078328150
13078328162
13078328163
13078328165
13078328167
13078328195
13078328219
13078328256
13078328270
13078328305
13078328307
13078328310
13078328360
13078328371
13078328375
13078328392
13078328507
13078328519
13078328561
13078328571
13078328590
13078328596
13078328602
13078328609
13078328617
13078328619
13078328652
13078328657
13078328671
13078328672
13078328673
13078328675
13078328697
13078328712
13078328716
13078328731
13078328735
13078328751
13078328902
13078328906
13078328907
13078328915
13078328917
13078328920
13078328925
13078328956
13078328961
13078328973
13078328975
13078329013
13078329021
13078329031
13078329035
13078329051
13078329053
13078329061
13078329067
13078329071
13078329072
13078329081
13078329106
13078329127
13078329152
13078329159
13078329162
13078329175
13078329185
13078329235
13078329279
13078329305
13078329310
13078329313
13078329316
13078329317
13078329323
13078329325
13078329351
13078329357
13078329379
13078329502
13078329503
13078329507
13078329516
13078329517
13078329536
13078329561
13078329571
13078329572
13078329580
13078329587
13078329592
13078329601
13078329612
13078329617
13078329630
13078329659
13078329670
13078329713
13078329716
13078329720
13078329721
13078329725
13078329727
13078329735
13078329739
13078329750
13078329752
13078329761
13078329780
13078329791
13078329807
13078329830
13078329835
13078329857
13078329861
13078329867
13078329870
13078329872
13078329926
13078329937
13226370590
13226381076
13226385327
13226387135
13226389037
13226389160
13226390160
13226390167
13226390176
13226390270
13226390297
13226390513
13226390562
13226390687
13226390752
13226390763
13226390793
13226390832
13226391076
13226391079
13226391085
13226391097
13226391252
13226391253
13226391267
13226391295
13226391297
13226391501
13226391537
13226391575
13226391602
13226391652
13226391670
13226391672
13226391695
13226391759
13226391762
13226391790
13226391805
13226391835
13226391837
13226391953
13226392061
13226392071
13226392087
13226392107
13226392137
13226392167
13226392352
13226392357
13226392362
13226392370
13226392371
13226392516
13226392527
13226392531
13226392591
13226392596
13226392617
13226392651
13226392670
13226392695
13226392721
13226392787
13226392803
13226392815
13226393017
13226393021
13226393027
13226393057
13226393087
13226393165
13226393217
13226393260
13226393267
13226393297
13226393317
13226393596
13226393597
13226393621
13226393653
13226393671
13226393697
13226393715
13226393716
13226393807
13226393857
13226393859
13226393957
13226395021
13226395025
13226395061
13226395081
13226395102
13226395173
13226395175
13226395260
13226395302
13226395310
13226395351
13226395370
13226395371
13226395651
13226395721
13226395731
13226395775
13226395871
13226395907
13226395921
13226395937
13226395962
13226395970
13226396017
13226396023
13226396075
13226396127
13226396157
13226396190
13226396207
13226396267
13226396302
13226396371
13226396537
13226396557
13226396576
13226396591
13226396705
13226396851
13226396897
13226396905
13226397103
13226397162
13226397170
13226397263
13226397315
13226397325
13226397359
13226397371
13226397387
13226397527
13226397552
13226397561
13226397593
13226397603
13226397605
13226397751
13226397817
13226397952
13226397967
13226398107
13226398137
13226398157
13226398175
13226398231
13226398357
13226398361
13226398367
13226398510
13226398512
13226398517
13226398670
13226398735
13226399057
13226399175
13226399570
13226399702
13226399760
13232003192
13232012507
13232015062
13232015691
13232016039
13232016352
13232017297
13232018635
13232019152
13232025370
13232026952
13232027751
13232028137
13232028163
13232028175
13232030791
13232031352
13232031371
13232031391
13232031571
13232031590
13232031592
13232031597
13232031675
13232031817
13232031872
13232031951
13232035591
13232035675
13232035759
13232036105
13232036257
13232036391
13232036917
13232037021
13232037609
13232038961
13232039617
13232040692
13232040695
13232040951
13232041065
13232041126
13232041267
13232041281
13232041367
13232041527
13232041656
13232041659
13232042172
13232042372
13232042479
13232042507
13232042593
13232042607
13232042642
13232042654
13232042716
13232042745
13232042762
13232042769
13232042817
13232042879
13232042953
13232043049
13232043156
13232043607
13232043654
13232043673
13232043687
13232043701
13232043743
13232043752
13232043852
13232043950
13232043957
13232043960
13232043962
13232043971
13232043972
13232044019
13232044096
13232044137
13232044150
13232044207
13232044361
13232044584
13232044631
13232044764
13232044847
13232044917
13232045153
13232045172
13232045361
13232045496
13232045726
13232045731
13232045817
13232045971
13232046045
13232046435
13232046457
13232046535
13232046723
13232046817
13232046852
13232046927
13232047014
13232047057
13232047161
13232047184
13232047284
13232047309
13232047335
13232047381
13232047382
13232047447
13232047483
13232047495
13232047514
13232047525
13232047571
13232047592
13232047597
13232047607
13232047619
13232047640
13232047681
13232047782
13232047791
13232047795
13232047812
13232047901
13232047906
13232047907
13232047915
13232047920
13232047931
13232047937
13232047965
13232047971
13232047995
13232048067
13232048076
13232048124
13232048157
13232048176
13232048207
13232048257
13232048276
13232048295
13232048376
13232048391
13232048392
13232048516
13232048570
13232048572
13232048625
13232048672
13232048721
13232048735
13232048742
13232048764
13232048915
13232048923
13232048941
13232048963
13232048972
13232048985
13232049054
13232049071
13232049072
13232049102
13232049172
13232049175
13232049223
13232049237
13232049251
13232049253
13232049265
13232049267
13232049273
13232049287
13232049319
13232049325
13232049350
13232049351
13232049362
13232049367
13232049375
13232049381
13232049502
13232049507
13232049512
13232049513
13232049523
13232049536
13232049563
13232049593
13232049597
13232049607
13232049621
13232049623
13232049636
13232049652
13232049657
13232049675
13232049679
13232049702
13232049732
13232049735
13232049739
13232049750
13232049752
13232049753
13232049759
13232049762
13232049767
13232049781
13232049803
13232049853
13232049879
13250690735
13250690797
13250690872
13250691276
13250691295
13250691513
13250691562
13250691570
13250691593
13250691605
13250691765
13250691925
13250692071
13250692157
13250692179
13250692372
13250692501
13250692517
13250692612
13250693375
13250693515
13250693560
13250693562
13250693597
13250693617
13250693621
13250693627
13250693650
13250693657
13250693687
13250693710
13250693971
13250695530
13250695579
13250695627
13250695792
13250695837
13250695932
13250696172
13250696265
13250696343
13250696710
13250696791
13250696971
13250697175
13250697320
13250697623
13250697870
13250697902
13250697912
13250698195
13250698703
13250698935
13250698952
13250698961
13250699021
13250699173
13250699503
13250699769
13257640023
13257640072
13257640183
13257640191
13257640230
13257640295
13257640350
13257640351
13257640367
13257640375
13257640529
13257640560
13257640562
13257640565
13257640570
13257640583
13257640587
13257640619
13257640695
13257640736
13257640751
13257640759
13257640793
13257640852
13257640856
13257640857
13257640867
13257640870
13257640970
13257641037
13257641063
13257641071
13257641160
13257641269
13257641271
13257641380
13257641501
13257641529
13257641539
13257641561
13257641709
13257641795
13257641851
13257641856
13257641857
13257641876
13257641890
13257641892
13257642053
13257642061
13257642062
13257642071
13257642087
13257642152
13257642261
13257642297
13257642302
13257642371
13257642373
13257642379
13257642385
13257642507
13257642527
13257642571
13257642589
13257642601
13257642670
13257642673
13257642712
13257642713
13257642741
13257642753
13257642776
13257642793
13257642805
13257642865
13257642917
13257642976
13257643057
13257643069
13257643089
13257643127
13257643167
13257643170
13257643173
13257643193
13257643205
13257643209
13257643253
13257643262
13257643506
13257643621
13257643627
13257643651
13257643687
13257643703
13257643720
13257643761
13257643805
13257643807
13257643829
13257643830
13257643853
13257643903
13257643930
13257643961
13257643967
13257645017
13257645051
13257645061
13257645087
13257645092
13257645095
13257645096
13257645103
13257645106
13257645160
13257645196
13257645251
13257645261
13257645271
13257645287
13257645290
13257645302
13257645307
13257645310
13257645323
13257645361
13257645370
13257645386
13257645602
13257645631
13257645637
13257645691
13257645701
13257645702
13257645705
13257645710
13257645713
13257645717
13257645737
13257645862
13257645903
13257645927
13257645935
13257645962
13257645967
13257646053
13257646061
13257646067
13257646083
13257646105
13257646107
13257646125
13257646129
13257646135
13257646172
13257646179
13257646205
13257646207
13257646290
13257646305
13257646315
13257646351
13257646365
13257646517
13257646581
13257646693
13257646712
13257646785
13257646792
13257646835
13257646851
13257646893
13257646917
13257646930
13257646951
13257647019
13257647026
13257647035
13257647051
13257647061
13257647063
13257647079
13257647091
13257647151
13257647156
13257647192
13257647197
13257647293
13257647310
13257647332
13257647370
13257647371
13257647375
13257647392
13257647582
13257647585
13257647652
13257647662
13257647691
13257647706
13257647760
13257647793
13257647851
13257647961
13257647969
13257648051
13257648061
13257648067
13257648105
13257648109
13257648129
13257648153
13257648171
13257648235
13257648257
13257648391
13257648512
13257648515
13257648591
13257648651
13257648653
13257648751
13257648782
13257648921
13257648925
13257648930
13257648956
13257649053
13257649079
13257649080
13257649105
13257649162
13257649201
13257649256
13257649261
13257649280
13257649301
13257649353
13257649372
13257649501
13257649506
13257649607
13257649617
13257649621
13257649629
13257649637
13257649685
13257649716
13257649725
13257649727
13257649729
13257649732
13257649821
13257649852
13257650232
13257650351
13257650539
13257650631
13257650752
13257650863
13257650897
13257650975
13257651057
13257651329
13257651532
13257651631
13257651832
13257651932
13257652167
13257652557
13257652570
13257652612
13257652703
13257652706
13257652752
13257652925
13257653015
13257653061
13257653075
13257653101
13257653127
13257653295
13257653305
13257653312
13257653320
13257653529
13257653563
13257653637
13257653807
13257653975
13257655197
13257655379
13257656302
13257656312
13257656710
13257656952
13257657039
13257657160
13257657197
13257657207
13257657260
13257657305
13257657327
13257657503
13257657529
13257657580
13257657781
13257657912
13257658017
13257658207
13257658290
13257658291
13257658365
13257658692
13257658973
13257659127
13257659130
13257659301
13257659512
13257659602
13257659673
13257659683
13257659712
13288195273
13288195602
13288196105
13288197059
13288197572
13288197801
13288198951
15602528924
15626301275
15626302361
15626302531
15626302973
15626303195
15626303202
15626303561
15626303753
15626303895
15626305231
15626305367
15626305371
15626305372
15626305617
15626305701
15626305723
15626305731
15626305781
15626305810
15626305873
15626305937
15626306171
15626306190
15626307027
15626307061
15626307101
15626307713
15626307805
15626308637
15626308716
15626308761
15626309103
15626309127
15626310232
15626310583
15626312560
15626312571
15626312735
15626312751
15626312850
15626312913
15626316291
15626316501
15626317269
15626317967
15626318170
15626318171
15626318237
15626318265
15626318307
15626318361
15626318371
15626318557
15626318569
15626318572
15626318591
15626318621
15626318637
15626318670
15626318710
15626318731
15626318761
15626318781
15626318963
15626318971
15626319015
15626319017
15626319037
15626319056
15626319136
15626319167
15626319172
15626319251
15626319272
15626319275
15626319325
15626319327
15626319371
15626319385
15626319502
15626319532
15626319537
15626319581
15626319601
15626319632
15626319635
15626319681
15626319705
15626319712
15626319725
15626319727
15626319751
15626319852
15626320537
15626320570
15626320576
15626320895
15626321087
15626322710
15626322817
15626323517
15626323527
15626323531
15626323675
15626323731
15626323820
15626323875
15626323921
15626323961
15626325067
15626325087
15626325097
15626325127
15626325172
15626325179
15626325267
15626325270
15626325317
15626325372
15626325617
15626325805
15626325823
15626325825
15626325827
15626325910
15626325912
15626325920
15626329052
15626329061
15626329062
15626329105
15626329127
15626329176
15626329257
15626329276
15626329279
15626329287
15626329370
15626329375
15626329387
15626329537
15626329563
15626329579
15626329621
15626329687
15626329703
15626329715
15626329725
15626329732
15626329737
15626329751
15626329753
15626329801
15626329812
15626396031
15692074367
15692074541
16606648791
16698360231
16698360292
16698360317
16698360359
16698360372
16698360569
16698360765
16698360927
16698360957
16698360973
16698360985
16698361073
16698361395
16698361397
16698361527
16698361531
16698361592
16698361627
16698361657
16698361720
16698361725
16698361930
16698362023
16698362031
16698362067
16698362150
16698362152
16698362175
16698362371
16698362517
16698362529
16698362537
16698362571
16698362637
16698362651
16698362652
16698362693
16698362713
16698362750
16698362751
16698362752
16698362753
16698362757
16698362791
16698362795
16698362851
16698362916
16698362952
16698362972
16698362976
16698363052
16698363109
16698363152
16698363157
16698363375
16698363571
16698363710
16698363730
16698363751
16698363763
16698363821
16698363897
16698363916
16698365032
16698365075
16698365079
16698365103
16698365106
16698365180
16698365197
16698365217
16698365271
16698365275
16698365307
16698365312
16698365361
16698365372
16698365397
16698365435
16698365697
16698365705
16698365797
16698365912
16698365931
16698365946
16698366241
16698366750
16698367035
16698367051
16698367082
16698367091
16698367175
16698367210
16698367213
16698367297
16698367305
16698367315
16698367357
16698367397
16698367436
16698367570
16698367595
16698367615
16698367652
16698367821
16698367906
16698367910
16698367917
16698368137
16698368203
16698368403
16698368517
16698368557
16698368591
16698368592
16698368597
16698368635
16698368719
16698368731
16698368735
16698368753
16698368791
16698368971
16698369027
16698369072
16698369127
16698369217
16698369267
16698369271
16698369272
16698369312
16698369357
16698369365
16698369371
17506220537
17506225137
17506225382
17506225387
17506225531
17506225691
17506226771
17506226807
17506226875
17506226951
17506227039
17506227101
17506227165
17506227190
17506227257
17506227309
17506227310
17506227350
17506227356
17506227502
17506227512
17506227531
17506227532
17506227537
17506227593
17506227691
17506227837
17506227901
17506227923
17506227962
17506228032
17506228037
17506228135
17506228307
17506228350
17506229502
17506229653
17506229927
17606621367
17606628031
17606628107
17606628351
18506614902
18578504619
18607610562
18607618710
50323811394
