13005284761
13005285975
13005288257
13005292084
13005292176
13005292182
13005292507
13005293126
13005295148
13005296531
13005297287
13018779873
13018780761
13018783472
13018784731
13018784961
13025290276
13035741527
13035742376
13035743157
13035743527
13035749175
13035756096
13035756097
13035756165
13035756190
13035756192
13035756195
13035756202
13035756223
13035756225
13035756231
13035756252
13035756261
13035756265
13035756291
13035756296
13035756301
13035756313
13035756319
13035756321
13035756323
13035756331
13035756339
13035756365
13035756372
13035756386
13035756398
13035756505
13035756536
13035756539
13035756553
13035756563
13035756576
13035756579
13035756580
13035756587
13035756601
13035756602
13035756603
13035756613
13035756617
13035756651
13035756653
13035756695
13035756725
13035756728
13035756729
13035756731
13035756736
13035756750
13035756751
13035756752
13035756759
13035756762
13035756769
13035756772
13035756795
13035756815
13035756832
13035756850
13035756852
13035756856
13035756873
13035756912
13035756913
13035756920
13035756951
13035756956
13035756961
13035756965
13035756970
13035756981
13035757036
13035757082
13035757115
13035757125
13035757190
13035757198
13035757210
13035757213
13035757292
13035757297
13035757309
13035757367
13035757517
13035757556
13035757635
13035757693
13035757710
13035757715
13035757739
13035757762
13035757769
13035757783
13035757810
13035757882
13035757893
13035757986
13035757993
13035758026
13035758032
13035758071
13035758096
13035758101
13035758117
13035758157
13035758163
13035758187
13035758209
13035758210
13035758217
13035758220
13035758223
13035758225
13035758229
13035758263
13035758278
13035758286
13035758309
13035758313
13035758321
13035758326
13035758327
13035758335
13035758337
13035758351
13035758357
13035758362
13035758369
13035758370
13035758372
13035758375
13035758501
13035758509
13035758516
13035758523
13035758552
13035758597
13035758621
13035758675
13035758697
13035758729
13035758795
13035758805
13035758867
13035758921
13035758929
13035758931
13035759003
13035759010
13035759013
13035759016
13035759072
13035759083
13035759086
13035759097
13035759125
13035759135
13035759137
13035759153
13035759156
13035759162
13035759182
13035759210
13035759212
13035759213
13035759215
13035759221
13035759235
13035759257
13035759272
13035759287
13035759295
13035759306
13035759336
13035759372
13035759381
13035759391
13035759557
13035759583
13035759590
13035759607
13035759621
13035759626
13035759635
13035759651
13035759652
13035759661
13035759715
13035759729
13035759732
13035759760
13035759769
13035759776
13035759793
13035759817
13035759827
13035759859
13035759869
13035759871
13035759937
13035759961
13035759970
13035759973
13035760019
13035760029
13035760039
13035760057
13035760058
13035760075
13035760083
13035760092
13035760095
13035760112
13035760152
13035760156
13035760192
13035760210
13035760216
13035760226
13035760229
13035760239
13035760265
13035760296
13035760297
13035760313
13035760321
13035760362
13035760383
13035760510
13035760515
13035760553
13035760559
13035760619
13035760639
13035760651
13035760679
13035760691
13035760703
13035760727
13035760750
13035760752
13035760756
13035760757
13035760773
13035760781
13035760782
13035760809
13035760865
13035760876
13035760890
13035760893
13035760919
13035760930
13035761080
13035761105
13035761159
13035761173
13035761195
13035761196
13035761332
13035761363
13035761396
13035761576
13035761580
13035761597
13035761680
13035761725
13035761726
13035761768
13035761776
13035761781
13035761813
13035761816
13035761821
13035761912
13035761976
13035761983
13035762016
13035762027
13035762039
13035762073
13035762093
13035762119
13035762136
13035762153
13035762175
13035762207
13035762253
13035762261
13035762281
13035762295
13035762301
13035762367
13035762376
13035762382
13035762507
13035762519
13035762527
13035762550
13035762553
13035762559
13035762581
13035762586
13035762590
13035762610
13035762615
13035762639
13035762680
13035762687
13035762710
13035762765
13035762773
13035762812
13035762823
13035762920
13035762952
13035762987
13035762996
13035763027
13035763032
13035763056
13035763061
13035763071
13035763076
13035763080
13035763086
13035763091
13035763127
13035763135
13035763137
13035763157
13035763159
13035763161
13035763162
13035763178
13035763183
13035763191
13035763198
13035763219
13035763220
13035763239
13035763250
13035763260
13035763261
13035763279
13035763281
13035763283
13035763290
13035763297
13035763303
13035763309
13035763312
13035763316
13035763321
13035763327
13035763363
13035763365
13035763371
13035763390
13035763397
13035763501
13035763505
13035763506
13035763515
13035763519
13035763532
13035763562
13035763570
13035763572
13035763590
13035763593
13035763601
13035763602
13035763603
13035763610
13035763620
13035763662
13035763670
13035763672
13035763673
13035763693
13035763712
13035763771
13035763783
13035763785
13035763793
13035763798
13035763863
13035763876
13035763885
13035763895
13035763916
13035763953
13035763958
13035763963
13035763965
13035763971
13035763987
13035763991
13035765068
13035765079
13035765106
13035765160
13035765161
13035765165
13035765172
13035765195
13035765229
13035765230
13035765235
13035765250
13035765253
13035765289
13035765372
13035765373
13035765385
13035765506
13035765509
13035765510
13035765518
13035765623
13035765625
13035765667
13035765680
13035765683
13035765691
13035765701
13035765725
13035765732
13035765735
13035765752
13035765765
13035765781
13035765786
13035765791
13035765806
13035765851
13035765856
13035765860
13035765890
13035765891
13035765903
13035765915
13035765925
13035765932
13035765953
13035765962
13035765970
13035765985
13035765986
13035765987
13035765990
13035765992
13035770017
13035770185
13035770397
13035770675
13035770932
13035771513
13035771562
13035771632
13035771772
13035771876
13035771925
13035772007
13035772251
13035772509
13035772663
13035772915
13035772998
13035773156
13035773256
13035773653
13035775170
13035775336
13035776207
13035776237
13035776321
13035776572
13035776730
13035776861
13035777663
13035777919
13035778021
13035778173
13035778223
13035778252
13035782051
13035782593
13035782935
13035785029
13035785736
13035786725
13035789685
13035790620
13035792692
13035794872
13035799716
13048251473
13048252075
13048252751
13048253707
13048253827
13048254057
13048254067
13048254137
13048254793
13048256097
13048257023
13048257381
13048257853
13048257950
13048258027
13048268697
13048270165
13048270180
13048270765
13048271195
13048271309
13048271807
13048272151
13048272160
13048272561
13048272569
13048272573
13048272657
13048272901
13048272960
13048273082
13048273597
13048273601
13048273871
13048273890
13048273896
13048274023
13048274026
13048274037
13048274051
13048274059
13048274071
13048274072
13048274136
13048274137
13048274176
13048274195
13048274252
13048274307
13048274372
13048274385
13048274601
13048274613
13048274621
13048274659
13048274680
13048274693
13048274702
13048274823
13048274907
13048274950
13048274963
13048275071
13048275105
13048275182
13048275301
13048275305
13048275387
13048275530
13048275591
13048275812
13048275861
13048275971
13048276561
13048276571
13048276905
13048276907
13048277069
13048277615
13048277650
13048277695
13048278015
13048278276
13048278295
13048278307
13048278371
13048278571
13048278621
13048278629
13048279035
13048279085
13048279217
13048279251
13048279275
13048279357
13048279367
13048279573
13048279652
13048279730
13048279735
13048279758
13048280237
13048281751
13048283287
13048283785
13048284712
13048284725
13048284951
13048284975
13048285112
13048285761
13048285792
13048286051
13048286157
13048286251
13048286552
13048286750
13048286796
13048287259
13048287517
13048289237
13048289376
13048289575
13048292713
13048294572
13048299312
13060714103
13060714796
13060719537
13060724013
13060729841
13060732905
13060739471
13060746279
13075103843
13075104270
13075106250
13075107056
13075107527
13075108536
13075110032
13075110050
13075110192
13075110296
13075110336
13075110381
13075110562
13075110581
13075110597
13075110610
13075110676
13075110685
13075110765
13075110837
13075110851
13075110863
13075110871
13075110895
13075110896
13075110956
13075110970
13075111826
13075112056
13075112067
13075112071
13075112087
13075112106
13075112172
13075112179
13075112205
13075112307
13075112363
13075112536
13075112570
13075112592
13075112692
13075112773
13075112783
13075112835
13075112863
13075112873
13075112875
13075112880
13075112902
13075112907
13075112917
13075112952
13075112972
13075112987
13075113025
13075113120
13075113165
13075113167
13075113197
13075113257
13075113270
13075113353
13075113373
13075113539
13075113601
13075113652
13075113657
13075113672
13075113675
13075113713
13075113726
13075113729
13075113767
13075113821
13075113853
13075113871
13075113872
13075113897
13075113915
13075113920
13075113959
13075114203
13075115031
13075115037
13075115097
13075115109
13075115163
13075115167
13075115179
13075115273
13075115316
13075115327
13075115329
13075115330
13075115536
13075115580
13075115653
13075115690
13075115703
13075115715
13075115770
13075115792
13075115837
13075115870
13075115935
13075115957
13075115971
13075116035
13075116053
13075116082
13075116127
13075116150
13075116210
13075116227
13075116287
13075116295
13075116297
13075116372
13075116506
13075116553
13075116572
13075116657
13075116697
13075116719
13075116787
13075116793
13075116807
13075116875
13075116937
13075117017
13075117076
13075117083
13075117120
13075117183
13075117213
13075117216
13075117217
13075117256
13075117259
13075117287
13075117362
13075117529
13075117595
13075117609
13075117631
13075117656
13075117765
13075117767
13075117807
13075117813
13075117830
13075117835
13075117862
13075117863
13075117906
13075117913
13075117963
13075118056
13075118195
13075118236
13075118257
13075118270
13075118360
13075118392
13075118397
13075118503
13075118513
13075118532
13075118576
13075118609
13075118737
13075118751
13075118772
13075118797
13075119037
13075119063
13075119105
13075119170
13075119182
13075119230
13075120395
13075121725
13075122359
13075124503
13075124710
13075124867
13075124937
13075126207
13075126259
13075127150
13075127932
13075128523
13075128587
13075128596
13075128672
13075129025
13075129335
13075129526
13075129657
13075129763
13075131961
13075132607
13075135156
13075136105
13075136297
13075142129
13075150431
13075155019
13075158782
13075159053
13075159192
13075160532
13075160591
13075160795
13075160859
13075161291
13075161759
13075161951
13075162175
13075162207
13075162237
13075162570
13075162603
13075162751
13075162775
13075163072
13075163212
13075163257
13075163260
13075163570
13075163579
13075163621
13075163772
13075163951
13075163961
13075165920
13075166037
13075166097
13075166350
13075166792
13075166932
13075166957
13075166975
13075167015
13075167115
13075167202
13075167237
13075167270
13075167367
13075167592
13075167821
13075167856
13075167903
13075167957
13075167970
13075168937
13075169053
13075169397
13075169672
13075169726
13075169758
13112403360
13112403572
13112420468
13112421637
13112428451
13112452752
13112453640
13112454971
13112457206
13112458637
13112460078
13112462005
13112462153
13112462252
13112462512
13112462563
13112462807
13112463731
13112463770
13112465135
13112465265
13112465805
13112465895
13112466379
13112466537
13112466679
13112469210
13112471970
13112474015
13112475341
13112477435
13112480387
13112480682
13112480939
13112481228
13112481971
13112483353
13112485331
13112485529
13112485672
13112486179
13112486587
13112486676
13112486950
13112487992
13138014725
13138015172
13138016097
13138017084
13138017247
13138017425
13138019480
13138024571
13138025314
13138027532
13138027582
13138033495
13138040862
13138041571
13138043267
13138048237
13138063075
13138064169
13138064201
13138064295
13138064859
13138064921
13138069909
13138075776
13138091267
13148621657
13148621729
13148622667
13148622935
13148622972
13148622996
13148623363
13148625572
13148626570
13148626620
13148626626
13148626636
13148627225
13148627729
13148627787
13148627851
13148628210
13148628670
13148629127
13148629975
13169201103
13169201171
13169201217
13169201287
13169204032
13169204187
13169204252
13169205478
13169205748
13169210263
13169210652
13169212637
13169212817
13169213871
13169215147
13169215729
13169215953
13169216790
13169217387
13169217819
13169217862
13169217995
13169220080
13169240272
13169240535
13169241070
13169241293
13169241362
13169241573
13178702995
13178703389
13178703771
13178705113
13178705220
13178705576
13178705730
13178705735
13178705761
13178705807
13178705852
13178705870
13178705872
13178705873
13178705886
13178705926
13178705937
13178705950
13178705979
13178705982
13178706037
13178706057
13178706075
13178706079
13178706112
13178706137
13178706171
13178706172
13178706175
13178706192
13178706197
13178706205
13178706217
13178706237
13178706251
13178706257
13178706267
13178706291
13178706301
13178706302
13178706305
13178706352
13178706356
13178706370
13178706381
13178706508
13178706510
13178706537
13178706571
13178706573
13178706659
13178706716
13178706717
13178706773
13178706802
13178706809
13178706837
13178706895
13178706903
13178706925
13178706997
13178707003
13178707181
13178707192
13178707253
13178707297
13178707326
13178707358
13178707359
13178707361
13178707512
13178707602
13178707658
13178711779
13178712485
13178712545
13178712563
13178713290
13178713405
13178713526
13178713675
13178713729
13178713897
13178714239
13178714296
13178715770
13178715781
13178715795
13178715867
13178715957
13178720575
13178720579
13178721321
13178721523
13178721536
13178721701
13178721861
13178722372
13178722397
13189901035
13189901126
13189901131
13189901153
13189901178
13189901189
13189901196
13189901550
13189901570
13189901660
13189901662
13189901773
13189901795
13189901852
13189901875
13189901953
13189902118
13189902235
13189902265
13189902338
13189902576
13189902703
13189902732
13189902891
13189902897
13189902921
13189902937
13189902962
13189903035
13189903117
13189903171
13189903297
13189903372
13189903527
13189903550
13189903557
13189903559
13189903671
13189903776
13189903778
13189903805
13189903827
13189905116
13189905117
13189905225
13189905290
13189905397
13189905529
13189905536
13189905537
13189905667
13189905886
13189905903
13189905990
13189906117
13189906162
13189906229
13189906330
13189906335
13189906336
13189906367
13189906550
13189906573
13189906590
13189906619
13189906620
13189906673
13189906691
13189906692
13189906725
13189906761
13189906910
13189906997
13189907009
13189907017
13189907027
13189907105
13189907113
13189907117
13189907201
13189907226
13189907339
13189907375
13189907391
13189907558
13189907580
13189907609
13189907661
13189907662
13189907713
13189907715
13189907737
13189907757
13189907765
13189907780
13189907783
13189907796
13189907861
13189907957
13189907982
13189907996
13189907997
13189908016
13189908119
13189908220
13189908225
13189908293
13189908332
13189908335
13189908365
13189908558
13189908776
13189910023
13189910032
13189910036
13189910063
13189910073
13189910083
13189910097
13189910115
13189910179
13189910195
13189910339
13189910375
13189910379
13189910397
13189910537
13189910561
13189910605
13189910661
13189910662
13189910665
13189910769
13189910773
13189910775
13189910796
13189910882
13189910953
13189910996
13189911051
13189911107
13189911139
13189911159
13189911190
13189911195
13189911506
13189911557
13189911559
13189911595
13189911603
13189911628
13189911632
13189911639
13189911671
13189911676
13189911693
13189911708
13189911709
13189911713
13189911720
13189911767
13189911795
13189911806
13189911810
13189911813
13189911816
13189911820
13189911836
13189911859
13189911867
13189911870
13189911887
13189911903
13189911905
13189911936
13189911951
13189911962
13189911969
13189912017
13189912025
13189912027
13189912063
13189912067
13189912070
13189912090
13189912102
13189912105
13189912116
13189912117
13189912129
13189912150
13189912190
13189912192
13189912193
13189912195
13189912208
13189912230
13189912236
13189912256
13189912257
13189912259
13189912267
13189912278
13189912280
13189912285
13189912286
13189912291
13189912297
13189912307
13189912321
13189912327
13189912330
13189912331
13189912352
13189912353
13189912359
13189912363
13189912372
13189912378
13189912383
13189912385
13189912395
13189912396
13189912501
13189912503
13189912505
13189912537
13189912552
13189912556
13189912561
13189912563
13189912568
13189912569
13189912571
13189912585
13189912597
13189912605
13189912617
13189912625
13189912629
13189912632
13189912635
13189912637
13189912650
13189912658
13189912660
13189912669
13189912672
13189912675
13189912679
13189912689
13189912696
13189912705
13189912708
13189912709
13189912710
13189912723
13189912726
13189912731
13189912736
13189912739
13189912751
13189912761
13189912765
13189912769
13189912776
13189912781
13189912785
13189912797
13189912815
13189912817
13189912856
13189912857
13189912860
13189912862
13189912870
13189912876
13189912882
13189912890
13189912891
13189913001
13189913025
13189913053
13189913061
13189913105
13189913116
13189913157
13189913227
13189913306
13189913309
13189913320
13189913321
13189913327
13189913356
13189913362
13189913363
13189913389
13189913391
13189913393
13189913516
13189913526
13189913556
13189913560
13189913583
13189913612
13189913627
13189913651
13189913675
13189913706
13189913709
13189913761
13189913765
13189913852
13189913871
13189913907
13189913990
13189913992
13189915002
13189915008
13189915116
13189915220
13189915221
13189915506
13189915512
13189915517
13189915560
13189915561
13189915590
13189915591
13189915595
13189915772
13189915773
13189915776
13189915880
13189915881
13189915889
13189915997
13189916002
13189916017
13189916020
13189916038
13189916057
13189916070
13189916075
13189916078
13189916086
13189916090
13189916107
13189916113
13189916115
13189916117
13189916125
13189916126
13189916130
13189916156
13189916157
13189916159
13189916192
13189916193
13189916201
13189916203
13189916205
13189916210
13189916218
13189916237
13189916259
13189916260
13189916273
13189916275
13189916282
13189916315
13189916319
13189916327
13189916335
13189916337
13189916395
13189916502
13189916535
13189916537
13189916552
13189916573
13189916609
13189916617
13189916629
13189916652
13189916676
13189916679
13189916697
13189916701
13189916719
13189916790
13189916791
13189916880
13189916976
13189917005
13189917006
13189917097
13189917110
13189917113
13189917126
13189917150
13189917153
13189917156
13189917210
13189917216
13189917221
13189917336
13189917385
13189917532
13189917573
13189917706
13189917710
13189917715
13189917721
13189917725
13189917730
13189917735
13189917765
13189917781
13189917792
13189917795
13189917862
13189917880
13189917887
13189917895
13189917906
13189917950
13189917960
13189917965
13189917975
13189918002
13189918067
13189918170
13189918225
13189918351
13189918502
13189918553
13189918661
13189918662
13189918801
13189918812
13189918825
13189918859
13189918867
13189918875
13189919005
13189919330
13189919551
13189919556
13189919559
13189919663
13189919736
13189919739
13189919752
13189919758
13189919765
13189919786
13189919802
13189919805
13189919832
13189919892
13189919912
13189919923
13189919935
13189919950
13189919952
13189919973
13189919978
13189920135
13189920136
13189920157
13189920159
13189920167
13189920170
13189920189
13189920191
13189920210
13189920212
13189920232
13189920236
13189920253
13189920259
13189920261
13189920263
13189920265
13189920267
13189920275
13189920279
13189920296
13189920302
13189920305
13189920307
13189920313
13189920316
13189920350
13189920362
13189920367
13189920370
13189920503
13189920507
13189920508
13189920578
13189920581
13189920587
13189920602
13189920610
13189920613
13189920631
13189920652
13189920653
13189920681
13189920685
13189920692
13189920693
13189920697
13189920698
13189920715
13189920728
13189920732
13189920735
13189920737
13189920739
13189920762
13189920780
13189920806
13189920809
13189920810
13189920835
13189920856
13189920869
13189920876
13189920893
13189920936
13189920953
13189920957
13189920958
13189920959
13189920960
13189920963
13189920980
13189920987
13189929245
13189930164
13189930494
13189930594
13189930694
13189930947
13189931051
13189931054
13189931276
13189931594
13189931934
13189935684
13189937084
13189973516
13189973517
13189973518
13189973519
13189973523
13189973525
13189973527
13189973530
13189973536
13189973537
13189973550
13189973551
13189973552
13189973556
13189973557
13189973559
13189973560
13189973562
13189973565
13189973569
13189973570
13189973571
13189973572
13189973579
13189973580
13189973582
13189973583
13189973585
13189973587
13189973589
13189973590
13189973591
13189973592
13189973593
13189973595
13189973596
13189973601
13189973603
13189973605
13189973607
13189973609
13189973610
13189973612
13189973615
13189973620
13189973621
13189973625
13189973626
13189973627
13189973630
13189973631
13189973632
13189973635
13189973637
13189973639
13189973651
13189973653
13189973656
13189973657
13189973661
13189973665
13189973667
13189973670
13189973672
13189973673
13189973675
13189973676
13189973679
13189973680
13189973681
13189973682
13189973683
13189973685
13189973686
13189973687
13189973690
13189973691
13189973695
13189973696
13189973697
13189973701
13189973702
13189973703
13189973705
13189973706
13189973707
13189973708
13189973709
13189973710
13189973712
13189973715
13189973716
13189973717
13189973719
13189973720
13189973723
13189973725
13189973726
13189973729
13189973730
13189973731
13189973732
13189973736
13189973750
13189973751
13189973752
13189973753
13189973756
13189973759
13189973762
13189973763
13189973765
13189973767
13189973769
13189973770
13189973772
13189973773
13189973776
13189973781
13189973785
13189973787
13189973790
13189973791
13189973793
13189973795
13189973796
13189973798
13189973802
13189973805
13189973806
13189973809
13189973812
13189973813
13189973816
13189973818
13189973819
13189973820
13189973823
13189973825
13189973826
13189973827
13189973830
13189973831
13189973835
13189973837
13189973839
13189973850
13189973852
13189973853
13189973856
13189973857
13189973861
13189973863
13189973869
13189973870
13189973871
13189973873
13189973875
13189973879
13189973885
13189973889
13189973890
13189973892
13189973893
13189973895
13189973896
13189973897
13189973901
13189973902
13189973906
13189973907
13189973909
13189973913
13189973917
13189973919
13189973920
13189973921
13189973923
13189973930
13189973932
13189973935
13189973937
13189973950
13189973951
13189973952
13189973953
13189973957
13189973959
13189973961
13189973965
13189973967
13189973970
13189973971
13189973976
13189973980
13189973981
13189973985
13189973987
13189973989
13189973992
13189973995
13189975006
13189975009
13189975013
13189975015
13189975016
13189975017
13189975019
13189975021
13189975023
13189975025
13189975029
13189975030
13189975031
13189975032
13189975035
13189975037
13189975038
13189975051
13189975056
13189975057
13189975059
13189975060
13189975061
13189975063
13189975065
13189975069
13189975072
13189975073
13189975075
13189975076
13189975080
13189975081
13189975082
13189975083
13189975086
13189975089
13189975090
13189975091
13189975092
13189975093
13189975095
13189975097
13189975101
13189975102
13189975103
13189975105
13189975107
13189975115
13189975116
13189975117
13189975121
13189975126
13189975127
13189975129
13189975131
13189975135
13189975137
13189975150
13189975152
13189975153
13189975156
13189975157
13189975159
13189975160
13189975161
13189975162
13189975167
13189975171
13189975173
13189975175
13189975179
13189975180
13189975183
13189975185
13189975187
13189975189
13189975191
13189975195
13189975196
13189975203
13189975207
13189975209
13189975210
13189975212
13189975213
13189975215
13189975216
13189975217
13189975219
13189975221
13189975228
13189975229
13189975230
13189975231
13189975232
13189975235
13189975236
13189975237
13189975239
13189975250
13189975256
13189975257
13189975258
13189975259
13189975260
13189975261
13189975263
13189975267
13189975269
13189975271
13189975273
13189975275
13189975276
13189975279
13189975280
13189975281
13189975287
13189975289
13189975290
13189975291
13189975292
13189975293
13189975301
13189975302
13189975306
13189975309
13189975310
13189975315
13189975317
13189975320
13189975321
13189975325
13189975326
13189975327
13189975329
13189975331
13189975332
13189975337
13189975351
13189975357
13189975359
13189975361
13189975363
13189975365
13189975367
13189975368
13189975369
13189975370
13189975375
13189975376
13189975381
13189975383
13189975385
13189975390
13189975391
13189975392
13189975395
13189975397
13189975501
13189975502
13189975505
13189975506
13189975507
13189975517
13189975521
13189975523
13189975526
13189975527
13189975529
13189975530
13189975531
13189975537
13189975539
13189975560
13189975565
13189975569
13189975570
13189975571
13189975572
13189975578
13189975579
13189975580
13189975582
13189975583
13189975585
13189975586
13189975589
13189975590
13189975591
13189975592
13189975595
13189975601
13189975602
13189975606
13189975607
13189975609
13189975610
13189975612
13189975613
13189975616
13189975620
13189975621
13189975623
13189975625
13189975626
13189975627
13189975630
13189975631
13189975636
13189975639
13189975650
13189975651
13189975653
13189975659
13189975662
13189975665
13189975667
13189975670
13189975671
13189975672
13189975673
13189975675
13189975676
13189975679
13189975680
13189975685
13189975686
13189975687
13189975689
13189975691
13189975692
13189975693
13189975695
13189975696
13189975701
13189975702
13189975703
13189975705
13189975706
13189975707
13189975709
13189975713
13189975715
13189975717
13189975720
13189975721
13189975723
13189975725
13189975726
13189975727
13189975729
13189975730
13189975731
13189975735
13189975736
13189975737
13189975751
13189975756
13189975759
13189975760
13189975761
13189975762
13189975763
13189975773
13189975780
13189975781
13189975782
13189975785
13189975786
13189975787
13189975790
13189975792
13189975793
13189975796
13189975801
13189975803
13189975805
13189975806
13189975807
13189975809
13189975812
13189975813
13189975816
13189975820
13189975821
13189975823
13189975826
13189975829
13189975830
13189975831
13189975832
13189975835
13189975837
13189975839
13189975851
13189975852
13189975853
13189975857
13189975859
13189975861
13189975865
13189975867
13189975869
13189975870
13189975871
13189975873
13189975875
13189975879
13189975880
13189975881
13189975886
13189975887
13189975890
13189975891
13189975893
13189975895
13189975896
13189975897
13189975901
13189975902
13189975903
13189975905
13189975907
13189975909
13189975910
13189975912
13189975913
13189975916
13189975919
13189975925
13189975926
13189975930
13189975932
13189975935
13189975936
13189975950
13189975952
13189975956
13189975962
13189975969
13189975970
13189975971
13189975973
13189975975
13189975980
13189975982
13189975985
13189975986
13189975987
13189975989
13189975990
13189975991
13189975992
13189975993
13189976001
13189976002
13189976005
13189976009
13189976015
13189976016
13189976017
13189976019
13189976020
13189976023
13189976025
13189976026
13189976027
13189976029
13189976030
13189976036
13189976037
13189976051
13189976052
13189976053
13189976057
13189976061
13189976062
13189976063
13189976067
13189976071
13189976072
13189976078
13189976080
13189976082
13189976083
13189976085
13189976086
13189976087
13189976089
13189976090
13189976093
13189976095
13189976096
13189976097
13189976101
13189976102
13189976103
13189976105
13189976106
13189976107
13189976113
13189976115
13189976116
13189976117
13189976121
13189976125
13189976126
13189976129
13189976130
13189976136
13189976153
13189976159
13189976160
13189976163
13189976169
13189976171
13189976172
13189976175
13189976179
13189976182
13189976183
13189976185
13189976187
13189976189
13189976191
13189976193
13189976196
13189976197
13189976201
13189976202
13189976205
13189976206
13189976209
13189976210
13189976213
13189976219
13189976220
13189976221
13189976223
13189976225
13189976231
13189976235
13189976236
13189976237
13189976251
13189976252
13189976256
13189976259
13189976260
13189976261
13189976265
13189976267
13189976269
13189976270
13189976271
13189976272
13189976273
13189976275
13189976276
13189976278
13189976280
13189976282
13189976283
13189976286
13189976290
13189976291
13189976293
13189976296
13189976297
13189976301
13189976302
13189976306
13189976307
13189976310
13189976312
13189976313
13189976317
13189976319
13189976321
13189976323
13189976326
13189976327
13189976329
13189976330
13189976331
13189976332
13189976339
13189976350
13189976351
13189976357
13189976365
13189976367
13189976371
13189976372
13189976373
13189976376
13189976379
13189976380
13189976385
13189976386
13189976387
13189976389
13189976390
13189976395
13189976501
13189976503
13189976505
13189976506
13189976507
13189976509
13189976510
13189976512
13189976515
13189976517
13189976519
13189976521
13189976523
13189976525
13189976526
13189976529
13189976532
13189976550
13189976551
13189976552
13189976553
13189976557
13189976560
13189976561
13189976562
13189976569
13189976570
13189976571
13189976573
13189976575
13189976578
13189976579
13189976582
13189976583
13189976585
13189976587
13189976589
13189976590
13189976595
13189976596
13189976597
13189976602
13189976603
13189976605
13189976606
13189976607
13189976610
13189976617
13189976619
13189976620
13189976623
13189976625
13189976627
13189976631
13189976632
13189976635
13189976636
13189976637
13189976650
13189976651
13189976656
13189976657
13189976659
13189976670
13189976671
13189976673
13189976675
13189976676
13189976679
13189976680
13189976681
13189976683
13189976685
13189976689
13189976690
13189976693
13189976696
13189976697
13189976703
13189976706
13189976707
13189976709
13189976710
13189976712
13189976715
13189976717
13189976719
13189976720
13189976721
13189976725
13189976729
13189976731
13189976735
13189976737
13189976739
13189976750
13189976752
13189976756
13189976757
13189976759
13189976760
13189976761
13189976769
13189976770
13189976772
13189976773
13189976775
13189976776
13189976778
13189976779
13189976780
13189976785
13189976787
13189976790
13189976791
13189976793
13189976797
13189976802
13189976803
13189976805
13189976806
13189976807
13189976810
13189976812
13189976813
13189976815
13189976816
13189976817
13189976819
13189976823
13189976827
13189976829
13189976831
13189976832
13189976836
13189976837
13189976850
13189976852
13189976856
13189976859
13189976860
13189976865
13189976869
13189976870
13189976871
13189976872
13189976873
13189976875
13189976876
13189976881
13189976883
13189976887
13189976891
13189976892
13189976895
13189976896
13189976897
13189976901
13189976902
13189976903
13189976905
13189976907
13189976908
13189976912
13189976913
13189976916
13189976917
13189976920
13189976921
13189976923
13189976925
13189976926
13189976927
13189976929
13189976930
13189976931
13189976935
13189976936
13189976937
13189976953
13189976956
13189976957
13189976959
13189976960
13189976961
13189976967
13189976970
13189976971
13189976972
13189976973
13189976975
13189976976
13189976980
13189976983
13189976985
13189976986
13189976992
13189976995
13189976996
13189976998
13189977005
13189977009
13189977010
13189977015
13189977016
13189977017
13189977019
13189977020
13189977021
13189977023
13189977029
13189977031
13189977032
13189977035
13189977036
13189977037
13189977039
13189977052
13189977056
13189977059
13189977060
13189977061
13189977062
13189977063
13189977067
13189977069
13189977071
13189977072
13189977073
13189977075
13189977076
13189977079
13189977080
13189977081
13189977082
13189977085
13189977086
13189977089
13189977092
13189977095
13189977096
13189977097
13189977101
13189977112
13189977113
13189977119
13189977120
13189977121
13189977125
13189977127
13189977130
13189977131
13189977137
13189977151
13189977153
13189977156
13189977159
13189977160
13189977161
13189977163
13189977165
13189977169
13189977170
13189977172
13189977175
13189977176
13189977179
13189977181
13189977182
13189977183
13189977185
13189977189
13189977190
13189977191
13189977192
13189977193
13189977195
13189977196
13189977197
13189977201
13189977202
13189977203
13189977205
13189977206
13189977209
13189977210
13189977213
13189977215
13189977219
13189977223
13189977226
13189977230
13189977231
13189977232
13189977235
13189977236
13189977237
13189977239
13189977252
13189977253
13189977256
13189977258
13189977259
13189977260
13189977262
13189977263
13189977265
13189977270
13189977271
13189977273
13189977275
13189977276
13189977280
13189977281
13189977283
13189977286
13189977287
13189977290
13189977291
13189977293
13189977295
13189977297
13189977302
13189977305
13189977309
13189977310
13189977312
13189977315
13189977316
13189977319
13189977320
13189977323
13189977326
13189977329
13189977331
13189977336
13189977339
13189977351
13189977357
13189977359
13189977360
13189977361
13189977362
13189977363
13189977365
13189977369
13189977370
13189977371
13189977372
13189977375
13189977376
13189977379
13189977380
13189977383
13189977385
13189977386
13189977389
13189977391
13189977392
13189977395
13189977396
13189977397
13189977503
13189977505
13189977507
13189977509
13189977510
13189977512
13189977513
13189977515
13189977516
13189977517
13189977519
13189977521
13189977526
13189977527
13189977529
13189977531
13189977532
13189977535
13189977536
13189977539
13189977552
13189977553
13189977557
13189977561
13189977562
13189977563
13189977568
13189977572
13189977576
13189977579
13189977580
13189977581
13189977582
13189977583
13189977585
13189977586
13189977587
13189977592
13189977593
13189977595
13189977596
13189977597
13189977601
13189977606
13189977607
13189977609
13189977613
13189977615
13189977617
13189977619
13189977620
13189977621
13189977623
13189977625
13189977626
13189977627
13189977629
13189977630
13189977631
13189977635
13189977637
13189977639
13189977650
13189977652
13189977653
13189977656
13189977657
13189977659
13189977662
13189977663
13189977665
13189977670
13189977671
13189977672
13189977673
13189977679
13189977681
13189977682
13189977685
13189977687
13189977692
13189977695
13189977696
13189977697
13189977705
13189977706
13189977709
13189977712
13189977713
13189977725
13189977726
13189977730
13189977737
13189977739
13189977750
13189977751
13189977752
13189977753
13189977759
13189977763
13189977769
13189977785
13189977791
13189977802
13189977803
13189977805
13189977807
13189977810
13189977812
13189977813
13189977815
13189977816
13189977817
13189977819
13189977821
13189977823
13189977826
13189977827
13189977830
13189977832
13189977835
13189977839
13189977851
13189977852
13189977853
13189977856
13189977861
13189977862
13189977865
13189977869
13189977870
13189977873
13189977875
13189977879
13189977880
13189977883
13189977891
13189977895
13189977901
13189977903
13189977905
13189977906
13189977910
13189977913
13189977916
13189977919
13189977920
13189977921
13189977926
13189977929
13189977930
13189977932
13189977935
13189977936
13189977937
13189977939
13189977950
13189977951
13189977952
13189977953
13189977956
13189977959
13189977960
13189977961
13189977962
13189977969
13189977970
13189977971
13189977972
13189977973
13189977975
13189977978
13189977981
13189977982
13189977983
13189977985
13189977986
13189977989
13189977991
13189977995
13189978002
13189978005
13189978006
13189978007
13189978010
13189978013
13189978015
13189978019
13189978021
13189978026
13189978030
13189978032
13189978035
13189978036
13189978050
13189978051
13189978053
13189978059
13189978060
13189978062
13189978065
13189978067
13189978069
13189978071
13189978075
13189978079
13189978081
13189978082
13189978083
13189978087
13189978089
13189978090
13189978092
13189978093
13189978096
13189978101
13189978102
13189978103
13189978106
13189978107
13189978109
13189978110
13189978112
13189978117
13189978119
13189978125
13189978126
13189978127
13189978130
13189978131
13189978135
13189978136
13189978137
13189978151
13189978152
13189978153
13189978156
13189978157
13189978158
13189978159
13189978160
13189978161
13189978170
13189978171
13189978176
13189978179
13189978182
13189978183
13189978186
13189978189
13189978190
13189978192
13189978193
13189978195
13189978201
13189978202
13189978203
13189978205
13189978206
13189978207
13189978209
13189978212
13189978216
13189978217
13189978223
13189978229
13189978230
13189978231
13189978232
13189978236
13189978237
13189978250
13189978251
13189978252
13189978259
13189978260
13189978262
13189978267
13189978270
13189978271
13189978272
13189978276
13189978279
13189978280
13189978285
13189978287
13189978289
13189978290
13189978293
13189978295
13189978298
13189978302
13189978306
13189978307
13189978309
13189978310
13189978312
13189978313
13189978315
13189978316
13189978317
13189978319
13189978323
13189978325
13189978327
13189978329
13189978330
13189978332
13189978335
13189978336
13189978350
13189978351
13189978352
13189978353
13189978357
13189978359
13189978362
13189978363
13189978365
13189978367
13189978371
13189978373
13189978375
13189978380
13189978395
13189978396
13189978501
13189978502
13189978503
13189978505
13189978510
13189978515
13189978519
13189978523
13189978526
13189978527
13189978529
13189978530
13189978531
13189978536
13189978537
13189978539
13189978551
13189978552
13189978553
13189978556
13189978559
13189978563
13189978569
13189978570
13189978571
13189978573
13189978575
13189978579
13189978580
13189978581
13189978582
13189978587
13189978590
13189978591
13189978595
13189978596
13189978597
13189978601
13189978602
13189978603
13189978605
13189978606
13189978607
13189978609
13189978610
13189978612
13189978613
13189978615
13189978617
13189978621
13189978623
13189978626
13189978627
13189978632
13189978635
13189978652
13189978653
13189978657
13189978662
13189978665
13189978670
13189978671
13189978672
13189978673
13189978675
13189978679
13189978680
13189978683
13189978685
13189978689
13189978691
13189978692
13189978693
13189978695
13189978696
13189978698
13189978703
13189978705
13189978706
13189978707
13189978709
13189978710
13189978712
13189978713
13189978715
13189978717
13189978719
13189978721
13189978723
13189978725
13189978726
13189978727
13189978729
13189978732
13189978735
13189978739
13189978750
13189978751
13189978756
13189978757
13189978760
13189978763
13189978767
13189978769
13189978770
13189978771
13189978772
13189978773
13189978776
13189978783
13189978785
13189978786
13189978792
13189978793
13189978795
13189978796
13189978801
13189978803
13189978805
13189978807
13189978810
13189978813
13189978815
13189978816
13189978817
13189978819
13189978820
13189978823
13189978826
13189978827
13189978829
13189978830
13189978837
13189978850
13189978851
13189978852
13189978856
13189978861
13189978862
13189978863
13189978870
13189978873
13189978876
13189978879
13189978896
13189978901
13189978902
13189978903
13189978905
13189978906
13189978912
13189978917
13189978919
13189978920
13189978921
13189978923
13189978925
13189978926
13189978927
13189978931
13189978932
13189978935
13189978951
13189978952
13189978953
13189978957
13189978960
13189978962
13189978963
13189978967
13189978969
13189978970
13189978971
13189978973
13189978979
13189978981
13189978982
13189978986
13189978993
13189979003
13189979005
13189979007
13189979010
13189979015
13189979016
13189979019
13189979020
13189979023
13189979025
13189979027
13189979029
13189979030
13189979032
13189979035
13189979036
13189979037
13189979050
13189979051
13189979052
13189979061
13189979062
13189979063
13189979069
13189979075
13189979079
13189979080
13189979081
13189979082
13189979083
13189979085
13189979086
13189979087
13189979091
13189979092
13189979101
13189979102
13189979105
13189979106
13189979107
13189979110
13189979117
13189979121
13189979127
13189979129
13189979130
13189979131
13189979135
13189979137
13189979139
13189979150
13189979151
13189979153
13189979156
13189979157
13189979161
13189979162
13189979163
13189979165
13189979167
13189979169
13189979170
13189979171
13189979172
13189979176
13189979179
13189979182
13189979183
13189979185
13189979186
13189979190
13189979193
13189979195
13189979196
13189979197
13189979201
13189979203
13189979205
13189979206
13189979210
13189979212
13189979215
13189979216
13189979217
13189979223
13189979225
13189979226
13189979227
13189979230
13189979231
13189979232
13189979236
13189979237
13189979250
13189979251
13189979252
13189979257
13189979259
13189979260
13189979261
13189979262
13189979263
13189979265
13189979267
13189979269
13189979270
13189979271
13189979272
13189979273
13189979275
13189979276
13189979279
13189979282
13189979283
13189979285
13189979286
13189979290
13189979291
13189979295
13189979296
13189979297
13189979303
13189979305
13189979307
13189979309
13189979310
13189979312
13189979320
13189979321
13189979325
13189979326
13189979327
13189979332
13189979335
13189979336
13189979337
13189979339
13189979351
13189979352
13189979356
13189979357
13189979363
13189979367
13189979370
13189979372
13189979375
13189979376
13189979380
13189979381
13189979386
13189979389
13189979390
13189979391
13189979392
13189979396
13189979501
13189979503
13189979505
13189979509
13189979510
13189979512
13189979516
13189979517
13189979521
13189979523
13189979525
13189979526
13189979527
13189979529
13189979530
13189979531
13189979532
13189979536
13189979537
13189979550
13189979551
13189979552
13189979557
13189979559
13189979560
13189979561
13189979562
13189979563
13189979569
13189979571
13189979572
13189979573
13189979575
13189979579
13189979580
13189979582
13189979583
13189979585
13189979587
13189979589
13189979590
13189979593
13189979597
13189979601
13189979602
13189979605
13189979607
13189979612
13189979613
13189979616
13189979617
13189979619
13189979620
13189979621
13189979623
13189979625
13189979626
13189979627
13189979629
13189979630
13189979631
13189979635
13189979636
13189979639
13189979650
13189979651
13189979652
13189979653
13189979656
13189979657
13189979659
13189979661
13189979662
13189979665
13189979667
13189979669
13189979672
13189979673
13189979675
13189979680
13189979681
13189979685
13189979687
13189979690
13189979691
13189979692
13189979695
13189979702
13189979703
13189979705
13189979706
13189979707
13189979710
13189979712
13189979713
13189979715
13189979716
13189979717
13189979720
13189979721
13189979725
13189979726
13189979727
13189979729
13189979730
13189979731
13189979732
13189979735
13189979736
13189979737
13189979739
13189979750
13189979751
13189979752
13189979753
13189979756
13189979759
13189979760
13189979762
13189979763
13189979765
13189979767
13189979769
13189979771
13189979773
13189979775
13189979776
13189979780
13189979781
13189979782
13189979783
13189979785
13189979786
13189979791
13189979792
13189979793
13189979796
13189979801
13189979802
13189979809
13189979810
13189979812
13189979813
13189979815
13189979817
13189979820
13189979826
13189979829
13189979831
13189979835
13189979836
13189979837
13189979839
13189979850
13189979851
13189979856
13189979857
13189979860
13189979861
13189979862
13189979865
13189979869
13189979870
13189979872
13189979875
13189979879
13189979880
13189979881
13189979882
13189979891
13189979893
13189979896
13189979897
13189979902
13189979903
13189979906
13189979907
13189979913
13189979915
13189979919
13189979923
13189979925
13189979926
13189979930
13189979931
13189979935
13189979936
13189979937
13189979950
13189979957
13189979959
13189979960
13189979961
13189979963
13189979965
13189979972
13189979975
13189979976
13189979981
13189979982
13189979985
13189979986
13189981603
13189982287
13189983662
13189985993
13189986337
13217530461
13217532037
13217532197
13217532202
13217532272
13217532292
13217532297
13229603323
13229608717
13229701430
13229702459
13229703185
13229704031
13229704036
13229704206
13229705479
13229708031
13229708059
13229708067
13229708095
13229708334
13229708384
13229708394
13229708401
13229708404
13229708417
13229708479
13229708523
13229708562
13229708602
13229708627
13229708664
13229708726
13229708743
13229708754
13229708761
13229708770
13229709125
13229709167
13229709251
13229709472
13229709810
13232311937
13232331137
13232335009
13232335182
13232335290
13232335397
13232335660
13232336353
13232336361
13232337285
13232337321
13232337892
13232337926
13232339181
13257537069
13257537234
15521972504
15521981993
15521982273
15521982976
15602781241
15602781431
15602783944
15602784214
15602785427
15602786054
15602787584
15602787904
15602788045
15602789040
15602789204
15602789249
15602789254
15602789481
15602789642
15697531675
15697533561
15697534827
15697537075
15697539173
15697539979
16698160648
16698160947
16698161034
16698161854
16698162154
16698162354
16698162374
16698162547
16698163321
16698163471
16698164064
16698164105
16698164194
16698164250
16698164291
16698164347
16698166718
16698166947
16698191074
16698191354
16698191376
16698191754
16698191897
16698192461
16698192507
16698193075
16698193514
16698193874
16698194031
16698194053
16698194073
16698194149
16698194173
16698194183
16698194192
16698194197
16698194213
16698194252
16698194254
16698194260
16698194262
16698194284
16698194342
16698194346
16698194351
16698194365
16698194436
16698194471
16698194576
16698194603
16698194610
16698194630
16698194647
16698194658
16698194702
16698194704
16698194741
16698194745
16698194746
16698194761
16698194767
16698194792
16698194806
16698194842
16698194863
16698194950
16698194971
16698195146
16698195147
16698195148
16698195241
16698195244
16698195349
16698195431
16698195441
16698199001
16698199112
16698199215
16698199227
16698199270
16698199297
16698199365
16698199372
16698199502
16698199552
16698199660
16698199727
16698199770
16698199771
16698199801
16698199826
16698199835
16698199856
16698199862
16698199885
17507530738
17607531562
17607531806
17607531809
17607531907
17607531927
17607531931
17607532157
17607532302
17607532606
17607532631
17607532731
17607532951
17607532970
17607533079
17607533279
17607533862
17607535582
17607535782
17607535967
17607536257
17607536305
17607536325
17607536506
17607536591
17607536727
17607536779
17607536817
17607536835
17607536926
17607537013
17607537021
17607537032
17607537179
17607537219
17607537290
17607537291
17607537351
17607537367
17607537397
17607537539
17607537585
17607537587
17607537602
17607537672
17607537807
17607537821
17607537837
17607537856
17607537963
17607537970
17607538056
17607538072
17607538137
17607538215
17607538307
17607538327
17607538395
17607538502
17607538532
17607538561
17607538572
17607538623
17607538630
17607538652
17607538671
17607538675
17607538692
17607538712
17607538715
17607538719
17607538726
17607538750
17607538751
17607538793
17607539027
17607539065
17607539067
17607539071
17607539086
17607539097
17607539107
17607539127
17607539160
17607539206
17607539230
17607539237
17607539269
17607539275
17607539283
17607539370
17607539552
17607539582
17607539629
17607539635
17607539665
17607539672
17607539691
17607539715
17607539756
17607539757
17607539769
17607539792
17607539817
17607539862
17607539875
17607539927
17688590257
17688592531
17688592671
17688592762
17688592853
17688593017
17688593071
17688593571
17688593671
17688595135
17688595173
17688595275
17688595786
17688596537
17688596570
17688597259
18507537401
18575304957
18607531017
18607531797
18607535272
18607536085
18607536175
18607536630
18607537175
18607537336
18607537820
18675301247
18675301249
18675301251
18675301254
18675301271
18675301274
18675301275
18675301291
18675301304
18675301334
18675301344
18675301375
18675301391
18675301570
18675301607
18675301907
18675301967
18675302071
18675302137
18675302197
18675302213
18675302357
18675302476
18675302643
18675302644
18675302647
18675302715
18675302741
18675302784
18675302814
18675302974
18675303047
18675303195
18675303342
18675303407
18675303413
18675303416
18675303417
18675303421
18675303426
18675303429
18675303431
18675303440
18675303451
18675303452
18675303457
18675303460
18675303461
18675303463
18675303464
18675303469
18675303470
18675303471
18675303472
18675303473
18675303474
18675303475
18675303476
18675303479
18675303480
18675303484
18675303487
18675303491
18675303492
18675303493
18675303744
18675303894
18675303944
18675303945
18675303946
18675303954
18675303964
18675303971
18675303974
18675303994
18675305001
18675305305
18675305601
18675305657
18675305732
18675305842
18675305862
18675305931
18675306017
18675306021
18675306024
18675306034
18675306047
18675306057
18675306084
18675306094
18675306104
18675306124
18675306127
18675306134
18675306137
18675306140
18675306141
18675306142
18675306143
18675306144
18675306147
18675306157
18675306214
18675306249
18675306347
18675306372
18675306704
18675307056
18675307067
18675307125
18675307230
18675307257
18675307527
18675307967
18675308064
18675308074
18675308104
18675308124
18675308142
18675308145
18675308146
18675308147
18675308157
18675308164
18675308173
18675308174
18675308179
18675308194
18675308241
18675308243
18675308244
18675308247
18675308249
18675308254
18675308264
18675308270
18675308274
18675308275
18675308514
18675308537
18675308544
18675308546
18675308547
18675308549
18675308554
18675308564
18675308571
18675308572
18675308574
18675308594
18675308614
18675308617
18675308634
18675308643
18675308674
18675308694
18675308725
18675308734
18675308740
18675308746
18675308747
18675308749
18675308754
18675308764
18675308904
18675308907
18675308917
18675308924
18675308927
18675308940
18675308941
18675308943
18675308945
18675308946
18675308954
18675308974
18675309062
18675309124
18675309170
18675309184
18675309194
18675309241
18675309246
18675309251
18675309254
18675309271
18675309294
18675309324
18675309341
18675309344
18675309347
18675309372
18675309374
18675309394
18675309402
18675309412
18675309434
18675309437
18675309462
18675309471
18675309517
18675309546
18675309854
18675309864
18675309874
18675350941
18675354694
18675356792
18675357604
18675358364
18675358619
18675358951
18675359134
18675359167
18675359537
18675361050
18675361275
18675361287
18675361503
18675361720
18675361765
18675362685
18675362703
18675362815
18675362830
18675362976
18675365075
18675365117
18675365118
18675365231
18675365272
18675365291
18675365327
18675365371
18675365372
18675365532
18675365539
18675365605
18675365617
18675365619
18675365672
18675365716
18675365721
18675365765
18675365778
18675365837
18675365865
18675365875
18675365992
18675366007
18675366031
18675366251
18675366276
18675366290
18675366295
18675366358
18675366383
18675366397
18675366650
18675366672
18675366707
18675366859
18675366989
18675367025
18675367029
18675367069
18675367073
18675367179
18675367182
18675367202
18675367212
18675367301
18675367305
18675367327
18675367351
18675367362
18675367375
18675367517
18675367565
18675367568
18675367631
18675367650
18675367652
18675367796
18675367815
18675368101
18675368126
18675368195
18675368257
18675368367
18675368562
18675368575
18675368637
18675368653
18675368657
18675368703
18675368715
18675368717
18675368721
18675368730
18675368752
18675370135
18675370146
18675370184
18675370231
18675370247
18675370264
18675370274
18675370294
18675370339
18675370347
18675370353
18675370364
18675370384
18675370390
18675370423
18675370425
18675370431
18675370437
18675370439
18675370442
18675370447
18675370463
18675370467
18675370471
18675370472
18675370479
18675370491
18675370534
18675370594
18675370644
18675370647
18675370659
18675370694
18675370742
18675370854
18675370894
18675370895
18675370943
18675370952
18675370954
18675371014
18675371042
18675371043
18675371047
18675371050
18675371054
18675371079
18675371223
18675371240
18675371244
18675371249
18675371254
18675371264
18675371307
18675371320
18675371324
18675371343
18675371374
18675371393
18675371402
18675371403
18675371405
18675371407
18675371421
18675371430
18675371431
18675371434
18675371458
18675371462
18675371465
18675371472
18675371473
18675371475
18675371476
18675371492
18675371524
18675371543
18675371547
18675371564
18675371574
18675371580
18675371583
18675371594
18675371624
18675371631
18675371647
18675371649
18675371674
18675371691
18675371697
18675371706
18675371724
18675371742
18675371745
18675371754
18675371764
18675371791
18675371813
18675371834
18675371854
18675371894
18675371942
18675371944
18675371959
18675371961
18675371964
18675371969
18675371970
18675372027
18675372034
18675372041
18675372043
18675372046
18675372049
18675372054
18675372064
18675372071
18675372094
18675372104
18675372143
18675372145
18675372147
18675372157
18675372164
18675372195
18675372213
18675372237
18675372246
18675372309
18675372339
18675372341
18675372354
18675372357
18675372374
18675372403
18675372405
18675372406
18675372407
18675372412
18675372417
18675372430
18675372436
18675372447
18675372450
18675372451
18675372453
18675372454
18675372457
18675372458
18675372462
18675372465
18675372470
18675372471
18675372479
18675372491
18675372494
18675372495
18675372497
18675372501
18675372504
18675372516
18675372524
18675372541
18675372544
18675372547
18675372561
18675372564
18675372604
18675372623
18675372629
18675372634
18675372640
18675372642
18675372647
18675372654
18675372674
18675372681
18675372714
18675372716
18675372734
18675372740
18675372743
18675372746
18675372751
18675372784
18675372794
18675372814
18675372824
18675372842
18675372847
18675372854
18675372874
18675372894
18675372904
18675372924
18675372941
18675372947
18675372980
18675373014
18675373015
18675373017
18675373042
18675373043
18675373045
18675373047
18675373072
18675373074
18675373101
18675373103
18675373104
18675373132
18675373145
18675373147
18675373150
18675373154
18675373162
18675373164
18675373184
18675373186
18675373191
18675373217
18675373241
18675373254
18675373281
18675373284
18675373285
18675373343
18675373391
18675373393
18675373397
18675373401
18675373403
18675373404
18675373405
18675373407
18675373408
18675373409
18675373415
18675373424
18675373427
18675373440
18675373454
18675373459
18675373461
18675373463
18675373465
18675373471
18675373473
18675373474
18675373475
18675373490
18675373506
18675373529
18675373534
18675373542
18675373543
18675373564
18675373571
18675373575
18675373590
18675373593
18675373594
18675373597
18675373604
18675373614
18675373624
18675373642
18675373671
18675373692
18675373727
18675373757
18675373810
18675373841
18675373848
18675373854
18675373857
18675373860
18675373884
18675373901
18675373904
18675373941
18675373971
18675373973
18675373975
18675373984
18675374017
18675374029
18675374039
18675374042
18675374043
18675374046
18675374049
18675374063
18675374065
18675374074
18675374075
18675374084
18675374094
18675374097
18675374105
18675374124
18675374127
18675374128
18675374134
18675374137
18675374147
18675374154
18675374157
18675374160
18675374172
18675374179
18675374184
18675374215
18675374231
18675374245
18675374256
18675374257
18675374263
18675374265
18675374267
18675374271
18675374273
18675374275
18675374281
18675374284
18675374291
18675374294
18675374297
18675374314
18675374324
18675374347
18675374354
18675374365
18675374370
18675374371
18675374372
18675374394
18675374395
18675374410
18675374412
18675374415
18675374424
18675374427
18675374430
18675374432
18675374435
18675374437
18675374453
18675374462
18675374471
18675374472
18675374473
18675374483
18675374491
18675374503
18675374512
18675374514
18675374534
18675374564
18675374579
18675374594
18675374604
18675374610
18675374614
18675374621
18675374623
18675374630
18675374631
18675374634
18675374637
18675374641
18675374644
18675374652
18675374671
18675374672
18675374674
18675374675
18675374676
18675374684
18675374695
18675374702
18675374705
18675374712
18675374715
18675374716
18675374721
18675374729
18675374730
18675374734
18675374742
18675374753
18675374761
18675374762
18675374763
18675374782
18675374790
18675374792
18675374795
18675374801
18675374802
18675374805
18675374817
18675374821
18675374824
18675374847
18675374851
18675374854
18675374858
18675374861
18675374863
18675374864
18675374874
18675374896
18675374903
18675374914
18675374921
18675374924
18675374934
18675374935
18675374941
18675374942
18675374943
18675374946
18675374951
18675374952
18675374954
18675374956
18675374962
18675374963
18675374967
18675374971
18675374982
18675374990
18675375014
18675375041
18675375042
18675375057
18675375094
18675375104
18675375107
18675375115
18675375124
18675375142
18675375145
18675375146
18675375149
18675375150
18675375154
18675375164
18675375173
18675375174
18675375194
18675375214
18675375217
18675375247
18675375260
18675375271
18675375284
18675375297
18675375341
18675375346
18675375347
18675375375
18675375394
18675375401
18675375402
18675375403
18675375404
18675375405
18675375407
18675375413
18675375417
18675375424
18675375430
18675375442
18675375449
18675375450
18675375452
18675375457
18675375461
18675375463
18675375471
18675375476
18675375479
18675375481
18675375484
18675375492
18675375493
18675375495
18675375510
18675375534
18675375564
18675375602
18675375641
18675375642
18675375665
18675375674
18675375684
18675375691
18675375694
18675375704
18675375712
18675375714
18675375741
18675375743
18675375744
18675375745
18675375749
18675375770
18675375774
18675375784
18675375785
18675375794
18675375804
18675375814
18675375824
18675375834
18675375841
18675375843
18675375847
18675375854
18675375902
18675375914
18675375924
18675375941
18675375942
18675375943
18675375947
18675375954
18675375962
18675375964
18675375970
18675375974
18675375984
18675376015
18675376024
18675376034
18675376041
18675376043
18675376045
18675376047
18675376051
18675376052
18675376054
18675376064
18675376068
18675376073
18675376074
18675376094
18675376101
18675376104
18675376105
18675376141
18675376142
18675376143
18675376144
18675376154
18675376157
18675376164
18675376173
18675376174
18675376182
18675376201
18675376210
18675376242
18675376243
18675376244
18675376246
18675376247
18675376249
18675376254
18675376273
18675376274
18675376284
18675376294
18675376340
18675376349
18675376354
18675376364
18675376374
18675376401
18675376404
18675376407
18675376409
18675376414
18675376417
18675376419
18675376425
18675376426
18675376437
18675376442
18675376454
18675376457
18675376461
18675376469
18675376470
18675376471
18675376474
18675376475
18675376479
18675376481
18675376487
18675376491
18675376493
18675376494
18675376504
18675376514
18675376524
18675376527
18675376534
18675376541
18675376542
18675376545
18675376546
18675376547
18675376571
18675376594
18675376614
18675376702
18675376703
18675376704
18675376719
18675376724
18675376725
18675376731
18675376741
18675376743
18675376745
18675376751
18675376782
18675376794
18675376804
18675376817
18675376824
18675376840
18675376841
18675376844
18675376847
18675376851
18675376867
18675376880
18675376907
18675376910
18675376912
18675376915
18675376920
18675376924
18675376931
18675376934
18675376940
18675376941
18675376942
18675376943
18675376945
18675376946
18675376947
18675376954
18675376957
18675376971
18675376973
18675377042
18675377043
18675377045
18675377051
18675377064
18675377074
18675377084
18675377106
18675377124
18675377126
18675377128
18675377154
18675377162
18675377184
18675377194
18675377204
18675377205
18675377209
18675377245
18675377249
18675377252
18675377254
18675377261
18675377264
18675377297
18675377314
18675377341
18675377342
18675377343
18675377364
18675377394
18675377403
18675377405
18675377407
18675377412
18675377413
18675377421
18675377426
18675377436
18675377452
18675377462
18675377473
18675377475
18675377481
18675377482
18675377484
18675377492
18675377494
18675377497
18675377502
18675377542
18675377547
18675377549
18675377562
18675377564
18675377592
18675377594
18675377614
18675377624
18675377634
18675377637
18675377642
18675377645
18675377672
18675377804
18675377814
18675377817
18675377836
18675377841
18675377842
18675377845
18675377846
18675377847
18675377859
18675377894
18675377901
18675377904
18675377954
18675377964
18675378014
18675378036
18675378044
18675378046
18675378054
18675378064
18675378071
18675378074
18675378094
18675378104
18675378124
18675378140
18675378143
18675378145
18675378146
18675378162
18675378174
18675378183
18675378194
18675378204
18675378207
18675378214
18675378224
18675378241
18675378242
18675378246
18675378247
18675378257
18675378264
18675378271
18675378294
18675378297
18675378304
18675378314
18675378316
18675378317
18675378324
18675378342
18675378346
18675378347
18675378354
18675378357
18675378363
18675378364
18675378374
18675378390
18675378394
18675378395
18675378402
18675378403
18675378404
18675378405
18675378413
18675378414
18675378415
18675378416
18675378417
18675378421
18675378427
18675378429
18675378431
18675378432
18675378434
18675378441
18675378442
18675378443
18675378450
18675378451
18675378457
18675378461
18675378463
18675378465
18675378467
18675378471
18675378473
18675378475
18675378479
18675378481
18675378491
18675378492
18675378494
18675378526
18675378534
18675378540
18675378541
18675378542
18675378544
18675378572
18675378607
18675378614
18675378624
18675378641
18675378642
18675378643
18675378644
18675378645
18675378647
18675378680
18675378694
18675378714
18675378734
18675378741
18675378742
18675378764
18675378807
18675378847
18675378874
18675378890
18675378902
18675378914
18675378934
18675378942
18675378948
18675378954
18675378974
18675378980
18675378994
18675379024
18675379025
18675379034
18675379041
18675379042
18675379047
18675379071
18675379073
18675379074
18675379104
18675379124
18675379137
18675379140
18675379141
18675379142
18675379143
18675379144
18675379145
18675379146
18675379150
18675379151
18675379152
18675379154
18675379164
18675379174
18675379207
18675379214
18675379215
18675379217
18675379240
18675379241
18675379244
18675379245
18675379247
18675379251
18675379254
18675379257
18675379264
18675379267
18675379274
18675379280
18675379287
18675379294
18675379301
18675379304
18675379307
18675379324
18675379342
18675379344
18675379347
18675379354
18675379364
18675379367
18675379371
18675379374
18675379384
18675379394
18675379403
18675379405
18675379407
18675379412
18675379414
18675379415
18675379416
18675379421
18675379427
18675379430
18675379431
18675379434
18675379436
18675379439
18675379441
18675379442
18675379443
18675379447
18675379450
18675379454
18675379457
18675379458
18675379460
18675379462
18675379463
18675379464
18675379469
18675379470
18675379471
18675379473
18675379474
18675379475
18675379476
18675379479
18675379481
18675379482
18675379483
18675379484
18675379486
18675379489
18675379491
18675379492
18675379493
18675379496
18675379501
18675379503
18675379507
18675379510
18675379512
18675379517
18675379519
18675379521
18675379524
18675379527
18675379530
18675379531
18675379532
18675379534
18675379537
18675379540
18675379541
18675379543
18675379544
18675379547
18675379548
18675379549
18675379551
18675379554
18675379560
18675379561
18675379562
18675379564
18675379571
18675379572
18675379574
18675379576
18675379579
18675379584
18675379587
18675379591
18675379594
18675379597
18675379601
18675379602
18675379604
18675379607
18675379610
18675379612
18675379614
18675379615
18675379617
18675379627
18675379632
18675379634
18675379635
18675379637
18675379640
18675379641
18675379642
18675379643
18675379644
18675379645
18675379646
18675379647
18675379648
18675379651
18675379653
18675379654
18675379657
18675379661
18675379664
18675379672
18675379673
18675379684
18675379685
18675379690
18675379691
18675379702
18675379703
18675379704
18675379706
18675379712
18675379714
18675379715
18675379716
18675379720
18675379721
18675379724
18675379726
18675379727
18675379731
18675379732
18675379734
18675379735
18675379736
18675379741
18675379742
18675379743
18675379744
18675379745
18675379746
18675379749
18675379750
18675379752
18675379753
18675379754
18675379756
18675379759
18675379760
18675379762
18675379763
18675379764
18675379771
18675379772
18675379774
18675379782
18675379784
18675379785
18675379787
18675379804
18675379805
18675379814
18675379827
18675379829
18675379830
18675379831
18675379832
18675379834
18675379836
18675379837
18675379840
18675379841
18675379843
18675379844
18675379845
18675379846
18675379847
18675379848
18675379849
18675379850
18675379851
18675379852
18675379853
18675379854
18675379858
18675379859
18675379860
18675379862
18675379863
18675379864
18675379865
18675379870
18675379871
18675379873
18675379874
18675379875
18675379876
18675379884
18675379887
18675379890
18675379895
18675379897
18675379901
18675379903
18675379904
18675379907
18675379912
18675379913
18675379914
18675379915
18675379916
18675379917
18675379924
18675379925
18675379930
18675379931
18675379932
18675379934
18675379935
18675379939
18675379941
18675379943
18675379946
18675379947
18675379949
18675379950
18675379952
18675379953
18675379954
18675379957
18675379960
18675379963
18675379964
18675379965
18675379970
18675379971
18675379972
18675379973
18675379974
18675379975
18675379984
18675379987
18688530043
18688530045
18688530079
18688530084
18688530094
18688530140
18688530143
18688530145
18688530149
18688530151
18688530154
18688530165
18688530171
18688530184
18688530224
18688530241
18688530254
18688530261
18688530265
18688530276
18688530291
18688530319
18688530331
18688530334
18688530341
18688530342
18688530346
18688530347
18688530348
18688530357
18688530371
18688530374
18688530410
18688530419
18688530423
18688530425
18688530432
18688530434
18688530440
18688530442
18688530443
18688530446
18688530453
18688530454
18688530457
18688530458
18688530460
18688530463
18688530464
18688530465
18688530471
18688530478
18688530480
18688530491
18688530496
18688530503
18688530527
18688530531
18688530532
18688530542
18688530546
18688530572
18688530574
18688530579
18688530583
18688530643
18688537605
18688537697
18688537714
18688537784
18688537810
18688537825
18688537901
18688537903
18688537934
18688537941
18688537961
18688537994
18688538015
18688538046
18688538140
18688538143
18688538145
18688538157
18688538167
18688538184
18688538294
18688538314
18688538361
18688538426
18688538427
18688538431
18688538441
18688538449
18688538451
18688538461
18688538472
18688538474
18688538475
18688538476
18688538479
18688538496
18688538512
18688538554
18688538570
18688538578
18688538613
18688538624
18688538704
18688538751
18688538934
25449345176
42433351159
81384890582
