13005810635
13005821041
13005824371
13005824643
13005834176
13005861971
13005865701
13005867902
13005868325
13005869173
13025800167
13025800241
13025800248
13025800297
13025800347
13025800453
13025800684
13025800734
13025800841
13025800914
13025800946
13025800984
13025801046
13025801047
13025801049
13025801094
13025801194
13025801244
13025801249
13025801403
13025801429
13025801432
13025801435
13025801437
13025801451
13025801472
13025801475
13025801476
13025801481
13025801487
13025801496
13025801548
13025801554
13025801564
13025801642
13025801674
13025801749
13025801784
13025801794
13025801824
13025801894
13025801904
13025801934
13025801943
13025801947
13025801954
13025802034
13025802054
13025802064
13025802134
13025802137
13025802143
13025802149
13025802154
13025802174
13025802197
13025802264
13025802342
13025802346
13025802364
13025802407
13025802413
13025802451
13025802452
13025802497
13025802549
13025802564
13025802594
13025802615
13025802634
13025802641
13025802649
13025802703
13025802714
13025802742
13025803167
13025803175
13025803201
13025805279
13025805892
13025806075
13025806107
13025806195
13025806532
13025807193
13025807201
13025807217
13025807921
13025807952
13025808207
13025808217
13025808315
13025808573
13025808671
13025808675
13025808751
13025808908
13025808917
13025808952
13025809125
13025809137
13025809179
13025809197
13025809251
13025809252
13025809257
13025809275
13025809285
13025809317
13025809326
13025809395
13025809512
13025809572
13025809576
13025809581
13025809601
13025809612
13025809651
13025809715
13025809753
13025809761
13025810256
13025810381
13025810630
13025810675
13025810679
13025810716
13025810783
13025810821
13025810935
13025811037
13025811079
13025811272
13025811279
13025811605
13025811891
13025811912
13025811939
13025811971
13025812036
13025812037
13025812056
13025812057
13025812085
13025812161
13025812357
13025812536
13025812573
13025812867
13025812975
13025813195
13025813275
13025813281
13025813370
13025813593
13025813676
13025813801
13025813807
13025813913
13025813925
13025813957
13025815035
13025815127
13025815270
13025815603
13025815627
13025815637
13025815715
13025815960
13025816020
13025816093
13025816263
13025816351
13025816513
13025816873
13025816952
13025817097
13025817131
13025817182
13025817210
13025817215
13025817391
13025817515
13025817516
13025817623
13025817627
13025817695
13025817932
13025817963
13025818035
13025818250
13025818291
13025818507
13025818936
13025819031
13025819357
13025819390
13025819523
13025819539
13025819579
13025819775
13025820356
13025820619
13025820814
13025821259
13025821352
13025821576
13025821593
13025821751
13025821767
13025821793
13025821795
13025821965
13025822042
13025822064
13025822071
13025822124
13025822364
13025822394
13025822407
13025822416
13025822417
13025822452
13025822457
13025822461
13025822465
13025822493
13025822497
13025822541
13025822546
13025822547
13025822573
13025822579
13025822590
13025822607
13025822671
13025822679
13025822731
13025822750
13025822754
13025822843
13025822964
13025823034
13025823104
13025823127
13025823142
13025823174
13025823175
13025823190
13025823204
13025823207
13025823271
13025823284
13025823304
13025823327
13025823347
13025823401
13025823403
13025823407
13025823412
13025823419
13025823457
13025823472
13025823473
13025823481
13025823487
13025823497
13025823534
13025823542
13025823554
13025823564
13025823594
13025823604
13025823607
13025823634
13025823644
13025823647
13025823648
13025823674
13025823684
13025823740
13025823742
13025823745
13025823754
13025823764
13025823862
13025823914
13025823924
13025823941
13025823942
13025823943
13025823944
13025823964
13025823984
13025824013
13025824025
13025824027
13025824051
13025824057
13025824059
13025824071
13025824072
13025824073
13025824075
13025824076
13025824106
13025824107
13025824109
13025824136
13025824156
13025824167
13025824175
13025824176
13025824180
13025824183
13025824187
13025824195
13025824196
13025824206
13025824207
13025824256
13025824275
13025824276
13025824285
13025824302
13025824317
13025824350
13025824360
13025824376
13025824416
13025824419
13025824421
13025824429
13025824485
13025824496
13025824516
13025824517
13025824529
13025824532
13025824539
13025824578
13025824591
13025824597
13025824601
13025824615
13025824631
13025824651
13025824671
13025824673
13025824692
13025824715
13025824716
13025824719
13025824736
13025824737
13025824752
13025824760
13025824769
13025824780
13025824857
13025824915
13025824957
13025824961
13025825034
13025825074
13025825120
13025825134
13025825146
13025825149
13025825164
13025825264
13025825274
13025825324
13025825346
13025825347
13025825394
13025825401
13025825427
13025825472
13025825473
13025825491
13025825497
13025825540
13025825543
13025825634
13025825647
13025830027
13025830031
13025830067
13025830119
13025830125
13025830131
13025830137
13025830167
13025830170
13025830173
13025830175
13025830176
13025830197
13025830205
13025830216
13025830217
13025830236
13025830270
13025830289
13025830291
13025830295
13025830297
13025830317
13025830351
13025830353
13025830356
13025830357
13025830362
13025830375
13025830523
13025830529
13025830532
13025830562
13025830570
13025830575
13025830595
13025830596
13025830601
13025830625
13025830627
13025830629
13025830635
13025830639
13025830652
13025830653
13025830659
13025830673
13025830691
13025830692
13025830693
13025830697
13025830716
13025830735
13025830776
13025830781
13025830793
13025830795
13025830837
13025830852
13025830862
13025830865
13025830875
13025830876
13025830896
13025830897
13025830925
13025830927
13025830931
13025830937
13025830951
13025830956
13025830971
13025830976
13025831021
13025831051
13025831061
13025831062
13025831063
13025831069
13025831072
13025831076
13025831095
13025831105
13025831135
13025831153
13025831165
13025831171
13025831176
13025831185
13025831195
13025831201
13025831219
13025831250
13025831252
13025831253
13025831257
13025831267
13025831269
13025831271
13025831275
13025831285
13025831295
13025831297
13025831307
13025831325
13025831326
13025831327
13025831352
13025831359
13025831363
13025831375
13025831387
13025831390
13025831397
13025831503
13025831539
13025831557
13025831576
13025831592
13025831597
13025831602
13025831617
13025831619
13025831629
13025831653
13025831656
13025831657
13025831659
13025831667
13025831670
13025831675
13025831676
13025831685
13025831692
13025831697
13025831702
13025831705
13025831709
13025831715
13025831720
13025831725
13025831726
13025831730
13025831731
13025831732
13025831756
13025831760
13025831765
13025831770
13025831772
13025831773
13025831796
13025831803
13025831805
13025831807
13025831809
13025831825
13025831830
13025831837
13025831857
13025831867
13025831872
13025831891
13025831892
13025831897
13025831901
13025831907
13025831915
13025831917
13025831921
13025831926
13025831930
13025831932
13025831935
13025831936
13025831953
13025831962
13025840021
13025840027
13025840031
13025840035
13025840062
13025840068
13025840072
13025840087
13025840095
13025840097
13025840103
13025840119
13025840120
13025840126
13025840127
13025840132
13025840135
13025840137
13025840150
13025840151
13025840152
13025840153
13025840156
13025840161
13025840162
13025840167
13025840169
13025840173
13025840175
13025840179
13025840180
13025840183
13025840187
13025840191
13025840193
13025840195
13025840205
13025840216
13025840217
13025840219
13025840229
13025840231
13025840236
13025840250
13025840251
13025840261
13025840262
13025840263
13025840267
13025840271
13025840272
13025840275
13025840276
13025840291
13025840297
13025840301
13025840307
13025840308
13025840325
13025840337
13025840351
13025840357
13025840375
13025840379
13025840382
13025840385
13025840386
13025840393
13025840396
13025840501
13025840503
13025840509
13025840512
13025840523
13025840530
13025840531
13025840532
13025840536
13025840538
13025840539
13025840553
13025840565
13025840572
13025840575
13025840585
13025840589
13025840590
13025840591
13025840593
13025840596
13025840601
13025840609
13025840617
13025840625
13025840630
13025840631
13025840635
13025840637
13025840638
13025840639
13025840650
13025840652
13025840653
13025840671
13025840672
13025840673
13025840675
13025840680
13025840682
13025840687
13025840691
13025840692
13025840703
13025840723
13025840726
13025840735
13025840737
13025840739
13025840752
13025840753
13025840756
13025840758
13025840761
13025840763
13025840776
13025840782
13025840785
13025840791
13025840792
13025840793
13025840795
13025840797
13025840831
13025840852
13025840859
13025840862
13025840865
13025840867
13025840870
13025840871
13025840873
13025840876
13025840879
13025840891
13025840893
13025840895
13025840902
13025840936
13025840937
13025840951
13025840953
13025840956
13025840957
13025840960
13025840962
13025840963
13025840965
13025840967
13025840970
13025840971
13025840973
13025840975
13025840976
13025840978
13025840979
13025840983
13025840985
13025840991
13025840995
13025841006
13025841015
13025841016
13025841017
13025841026
13025841029
13025841035
13025841036
13025841037
13025841039
13025841050
13025841053
13025841060
13025841061
13025841063
13025841067
13025841069
13025841071
13025841072
13025841073
13025841075
13025841076
13025841079
13025841082
13025841083
13025841087
13025841090
13025841097
13025841109
13025841120
13025841127
13025841131
13025841151
13025841152
13025841153
13025841157
13025841159
13025841160
13025841162
13025841167
13025841169
13025841170
13025841176
13025841189
13025841197
13025841201
13025841205
13025841223
13025841236
13025841237
13025841239
13025841251
13025841252
13025841253
13025841256
13025841257
13025841261
13025841269
13025841271
13025841273
13025841275
13025841278
13025841279
13025841283
13025841286
13025841290
13025841291
13025841293
13025841295
13025841308
13025841309
13025841325
13025841326
13025841327
13025841329
13025841330
13025841335
13025841337
13025841339
13025841351
13025841352
13025841356
13025841359
13025841361
13025841365
13025841367
13025841371
13025841379
13025841381
13025841385
13025841390
13025841392
13025841397
13025841502
13025841503
13025841507
13025841509
13025841513
13025841517
13025850034
13025850041
13025850047
13025850124
13025850147
13025850149
13025850154
13025850240
13025850246
13025850248
13025850284
13025850314
13025850341
13025850344
13025850347
13025850364
13025850374
13025850394
13025850431
13025850439
13025850453
13025850457
13025850460
13025850461
13025850465
13025850491
13025850541
13025850647
13025850674
13025850684
13025850694
13025850741
13025850742
13025850754
13025850794
13025850845
13025850846
13025850894
13025850934
13025850941
13025850942
13025850943
13025850947
13025850949
13025850964
13025850974
13025850984
13025851034
13025851042
13025851046
13025851047
13025851143
13025851145
13025851147
13025851174
13025851204
13025851242
13025851245
13025851246
13025851274
13025851294
13025851304
13025851341
13025851342
13025851343
13025851394
13025851403
13025851405
13025851410
13025851415
13025851431
13025851437
13025851439
13025851450
13025851451
13025851460
13025851465
13025851467
13025851472
13025851476
13025851481
13025851483
13025851485
13025851504
13025851542
13025851546
13025851547
13025851574
13025851634
13025851640
13025860137
13025860243
13025860253
13025860549
13025861154
13025861164
13025861764
13025862164
13025862907
13025863187
13025863413
13025863590
13025863651
13025863841
13025864723
13025864795
13025865224
13025866253
13025871035
13025871051
13025871297
13025871321
13025871526
13025871637
13025871685
13025871751
13025871752
13025871791
13025871876
13025871971
13025872061
13025872716
13025872753
13025872912
13025872931
13025873027
13025873062
13025873105
13025873106
13025873172
13025873259
13025873371
13025873619
13025873671
13025873716
13025873762
13025873781
13025875061
13025875113
13025875276
13025875291
13025875361
13025875372
13025875391
13025875630
13025875706
13025875720
13025875723
13025876037
13025876137
13025876205
13025876287
13025876357
13025876360
13025876371
13025876507
13025876537
13025892705
13048100139
13048100357
13048100531
13048100597
13048100631
13048149815
13048149817
13048149820
13048149825
13048149826
13048149837
13048149839
13048149860
13048149862
13048149863
13048149865
13048149871
13048149916
13048149935
13048149936
13048149953
13048149967
13048149972
13048149973
13048150534
13048150792
13048150826
13048151056
13048151159
13048151287
13048151341
13048151490
13048152107
13048152362
13048152370
13048152427
13048152485
13059250126
13059250761
13059251573
13059251603
13059251710
13059253765
13059255763
13059256210
13059256271
13059256712
13059256907
13059260593
13059260672
13059260852
13059260861
13059260953
13059260972
13059261252
13059261279
13059261291
13059261305
13059261329
13059261379
13059261392
13059268201
13059268215
13059268291
13059268327
13059268351
13059268376
13059268392
13059268513
13059268571
13059268671
13059268695
13059268713
13059268763
13059268793
13059280267
13059280671
13059280761
13059280937
13059281062
13059281067
13059281072
13059281259
13059281371
13059281570
13059281593
13059281670
13059281671
13059281692
13059281731
13059281761
13059281770
13059282192
13059282353
13059282375
13059282530
13059282601
13059282697
13059282705
13059282751
13059283152
13059283207
13059283272
13059283572
13059283601
13059283657
13059283671
13059283720
13059283751
13059283752
13059283915
13059283937
13059283957
13059285063
13059285071
13059285127
13059285172
13059285175
13059285236
13059285837
13059286075
13059286097
13059286120
13059286121
13059286251
13059286307
13059286375
13059286503
13059286571
13059286871
13059286951
13059287091
13059287105
13059287351
13059287356
13059287385
13059287527
13059287530
13059287561
13059287695
13059288176
13059289121
13059289152
13059289167
13059289170
13059289173
13059289207
13059289265
13059289275
13059289536
13059289605
13066200479
13066200481
13066200574
13066201043
13066201249
13066201276
13066201297
13066201343
13066201421
13066201427
13066201435
13066201491
13066201504
13066201526
13066201535
13066201539
13066201542
13066201571
13066201594
13066201624
13066201713
13066201741
13066201747
13066201754
13066201767
13066201784
13066201837
13066201840
13066201854
13066201914
13066213157
13066230014
13066230043
13066230045
13066230047
13066230049
13066230134
13066230142
13066230144
13066230145
13066230146
13066230147
13066230148
13066230154
13066230164
13066230174
13066230184
13066230194
13066230214
13066230243
13066230247
13066230249
13066230284
13066230294
13066230342
13066230346
13066230347
13066230364
13066230374
13066230384
13066230394
13066230402
13066230410
13066230414
13066230419
13066230429
13066230432
13066230436
13066230437
13066230440
13066230441
13066230442
13066230443
13066230445
13066230452
13066230454
13066230457
13066230459
13066230461
13066230462
13066230463
13066230465
13066230470
13066230472
13066230473
13066230476
13066230478
13066230480
13066230481
13066230485
13066230489
13066230494
13066230504
13066230540
13066230541
13066230542
13066230545
13066230547
13066230548
13066230564
13066230574
13066230584
13066230594
13066230634
13066230642
13066230644
13066230645
13066230647
13066230648
13066230649
13066230694
13066230704
13066230714
13066230734
13066230741
13066230743
13066230749
13066230754
13066230764
13066230774
13066230794
13066230814
13066230824
13066230841
13066230842
13066230843
13066230844
13066230846
13066230847
13066230854
13066230864
13066230941
13066230943
13066230964
13066230974
13066231043
13066231049
13066231064
13066231174
13066231342
13066231401
13066231405
13066231406
13066231407
13066231409
13066231410
13066231419
13066231420
13066231421
13066231423
13066231426
13066231427
13066231430
13066231431
13066231435
13066231436
13066231437
13066231446
13066231450
13066231459
13066231460
13066231462
13066231465
13066231467
13066231468
13066231471
13066231472
13066231473
13066231476
13066231481
13066231485
13066231487
13066231491
13066231492
13066231493
13066231495
13066231496
13066231497
13066231574
13066231614
13066231645
13066231647
13066231704
13066231734
13066231745
13066231784
13066231804
13066231840
13066231874
13066231894
13066231904
13066231944
13066231945
13066231964
13066232014
13066232045
13066232054
13066232094
13066232104
13066232114
13066232142
13066232144
13066232145
13066232147
13066232148
13066232149
13066232164
13066232174
13066232184
13066232194
13066232214
13066232240
13066232246
13066232247
13066232254
13066232274
13066232314
13066232347
13066232374
13066232402
13066232405
13066232407
13066232408
13066232409
13066232413
13066232414
13066232427
13066232437
13066232440
13066232442
13066232446
13066232447
13066232449
13066232450
13066232454
13066232457
13066232458
13066232459
13066232461
13066232462
13066232465
13066232469
13066232470
13066232472
13066232473
13066232474
13066232475
13066232479
13066232481
13066232482
13066232485
13066232487
13066232491
13066232492
13066232495
13066232498
13066232514
13066232534
13066232540
13066232541
13066232543
13066232545
13066232549
13066232564
13066232574
13066232614
13066232624
13066232640
13066232642
13066232647
13066232649
13066232654
13066232694
13066232724
13066232740
13066232742
13066232743
13066232746
13066232749
13066232804
13066232814
13066232840
13066232842
13066232845
13066232846
13066232847
13066232849
13066232894
13066232914
13066232924
13066232934
13066232941
13066232942
13066232945
13066232946
13066232948
13066232949
13066232964
13066232974
13066232984
13066233014
13066233046
13066233049
13066233074
13066233084
13066233134
13066233140
13066233141
13066233145
13066233148
13066233149
13066233164
13066233184
13066233194
13066233214
13066233240
13066233241
13066233242
13066233254
13066233284
13066233401
13066233403
13066233406
13066233410
13066233419
13066233421
13066233424
13066233425
13066233427
13066233429
13066233439
13066233446
13066233451
13066233452
13066233457
13066233460
13066233461
13066233465
13066290151
13066290153
13066290162
13066290175
13066290192
13066290279
13066290325
13066290517
13066290573
13066290635
13066290651
13066290785
13066290793
13066290895
13066290925
13066290956
13066291051
13066291071
13066291073
13066291263
13066291293
13066291325
13066291327
13066291356
13066291371
13066291392
13066291530
13066291571
13066291581
13066291587
13066291605
13066291650
13066291720
13066291730
13066291732
13066291761
13066292087
13066292175
13066292351
13066292371
13066292517
13066292561
13066292571
13066292572
13066292736
13066292756
13066292761
13066292792
13066292795
13066293076
13066293102
13066293159
13066293171
13066293176
13066293207
13066293217
13066293237
13066293252
13066293272
13066293502
13066293512
13066293592
13066293671
13066293697
13066293703
13066293751
13066293752
13066293760
13066293795
13066293807
13066293871
13066400547
13066401258
13066401421
13066401472
13066401549
13066401726
13066401926
13066401953
13066401975
13066402087
13066402307
13066402354
13066402365
13066402537
13066402673
13066402745
13066402793
13066402841
13066402845
13066402961
13066402973
13066403041
13066403069
13066403159
13066403162
13066403169
13066403170
13066403172
13066403194
13066403195
13066403197
13066403204
13066403212
13066403215
13066403217
13066403219
13066403235
13066403251
13066403254
13066403261
13066403262
13066403263
13066403271
13066403272
13066403285
13066403293
13066403295
13066403296
13066403341
13066403405
13066403407
13066403421
13066403425
13066403457
13066403461
13066403467
13066403485
13066403490
13066403491
13066403492
13066403497
13066403514
13066403525
13066403561
13066403576
13066403584
13066403615
13066403627
13066403629
13066403634
13066403642
13066403656
13066403674
13066403675
13066403681
13066403693
13066403695
13066403701
13066403706
13066403710
13066403712
13066403714
13066403716
13066403719
13066403723
13066403726
13066403731
13066403732
13066403734
13066403742
13066403749
13066403751
13066403752
13066403757
13066403759
13066403762
13066403764
13066403765
13066403781
13066403785
13066403817
13066403823
13066403831
13066403841
13066403845
13066403852
13066403853
13066403863
13066403867
13066403870
13066403872
13066403879
13066403891
13066403893
13066403905
13066403907
13066403912
13066403927
13066403931
13066403937
13066403947
13066403950
13066403952
13066403956
13066403957
13066403961
13066403975
13066403976
13066404062
13066404119
13066404120
13066404127
13066404129
13066404137
13066404152
13066404153
13066404158
13066404159
13106959703
13106959761
13106959937
13113466912
13113467190
13119630017
13119630021
13119630023
13119630031
13119630065
13119630067
13119630073
13119630075
13119630076
13119630085
13119630095
13119630105
13119630107
13119630109
13119630117
13119630121
13119630126
13119630129
13119630132
13119630136
13119630152
13119630153
13119630157
13119630158
13119630175
13119630179
13119630185
13119630186
13119630190
13119630191
13119630193
13119630195
13119630196
13119630197
13119630201
13119630205
13119630216
13119630217
13119630218
13119630220
13119630223
13119630225
13119630226
13119630227
13119630229
13119630231
13119630235
13119630237
13119630250
13119630251
13119630252
13119630253
13119630256
13119630257
13119630259
13119630260
13119630265
13119630270
13119630271
13119630272
13119630273
13119630275
13119630281
13119630282
13119630287
13119630290
13119630291
13119630292
13119630293
13119630295
13119630297
13119630312
13119630321
13119630326
13119630327
13119630351
13119630352
13119630356
13119630365
13119630373
13119630375
13119630379
13119630381
13119630385
13119630387
13119630390
13119630392
13119630395
13119630506
13119630507
13119630517
13119630526
13119630530
13119630531
13119630532
13119630535
13119630536
13119630551
13119630556
13119630559
13119630560
13119630561
13119630562
13119630571
13119630572
13119630579
13119630582
13119630585
13119630586
13119630589
13119630590
13119630591
13119630595
13119630596
13119630601
13119630610
13119630623
13119630627
13119630631
13119630632
13119630635
13119630637
13119630639
13119630650
13119630653
13119630659
13119630661
13119630670
13119630675
13119630676
13119630679
13119630681
13119630685
13119630693
13119630702
13119630703
13119630712
13119630721
13119630725
13119630726
13119630731
13119630732
13119630735
13119630737
13119630752
13119630756
13119630761
13119630763
13119630765
13119630769
13119630772
13119630776
13119630779
13119630781
13119630782
13119630786
13119630793
13119630795
13119630812
13119630813
13119630823
13119630826
13119630837
13119630851
13119630853
13119630856
13119630857
13119630862
13119630865
13119630871
13119630872
13119630873
13119630875
13119630876
13119630879
13119630892
13119630893
13119630896
13119630901
13119630916
13119630917
13119630925
13119630927
13119630931
13119630938
13119630950
13119630953
13119630957
13119630960
13119630962
13119630967
13119630969
13119630971
13119630973
13119630979
13119630980
13119630981
13119630982
13119630987
13119630993
13119630997
13119631009
13119631016
13119631023
13119631025
13119631030
13119631032
13119631035
13119631050
13119631057
13119631059
13119631062
13119631069
13119631070
13119631072
13119631073
13119631078
13119631093
13119631097
13119631125
13119631135
13119631139
13119631152
13119631153
13119631156
13119631159
13119631162
13119631165
13119631167
13119631170
13119631172
13119631176
13119631179
13119631182
13119631185
13119631190
13119631195
13119631201
13119631202
13119631203
13119631207
13119631216
13119631232
13119631235
13119631251
13119631252
13119631256
13119631259
13119631265
13119631267
13119631269
13119631271
13119631272
13119631275
13119631280
13119631281
13119631286
13119631287
13119631290
13119631291
13119631295
13119631306
13119631325
13119631337
13119631356
13119631359
13119631360
13119631362
13119631365
13119631376
13119631382
13119631386
13119631391
13119631507
13119631513
13119631516
13119631517
13119631521
13119631523
13119631526
13119631530
13119631532
13119631539
13119631550
13119631560
13119631562
13119631563
13119631572
13119631573
13119631579
13119631580
13119631581
13119631585
13119631591
13119631593
13119631595
13119631601
13119631602
13119631603
13119631605
13119631612
13119631615
13119631617
13119631620
13119631621
13119631623
13119631625
13119631627
13119631635
13119631652
13119631653
13119631670
13119631671
13119631673
13119631679
13119631687
13119631692
13119631697
13119631702
13119631705
13119631706
13119631708
13119631710
13119631713
13119631716
13119631720
13119631723
13119631727
13119631729
13119631731
13119631735
13119631736
13119631739
13119631752
13119631756
13119631757
13119631760
13119631761
13119631770
13119631775
13119631782
13119631785
13119631787
13119631792
13119631795
13119631806
13119631823
13119631825
13119631827
13119631829
13119631835
13119631837
13119631851
13119631853
13119631857
13119631865
13119631869
13119631876
13119631879
13119631890
13119631891
13119631893
13119631896
13119631901
13119631903
13119631905
13119631907
13119631909
13119631910
13119631916
13119631917
13119631926
13119631927
13119631931
13119631937
13119631952
13119631959
13119631962
13119631971
13119631981
13119631983
13119632010
13119632013
13119632027
13119632029
13119632030
13119632031
13119632037
13119632051
13119632052
13119632056
13119632057
13119632058
13119632061
13119632063
13119632072
13119632073
13119632075
13119632081
13119632090
13119632091
13119632097
13119632102
13119632103
13119632105
13119632107
13119632109
13119632112
13119632116
13119632117
13119632126
13119632132
13119632137
13119632151
13119632153
13119632156
13119632157
13119632161
13119632165
13119632167
13119632179
13119632181
13119632195
13119632205
13119632210
13119632216
13119632219
13119632237
13119632250
13119632251
13119632261
13119632263
13119632265
13119632278
13119632285
13119632297
13119632302
13119632305
13119632309
13119632310
13119632312
13119632315
13119632317
13119632319
13119632321
13119632326
13119632335
13119632350
13119632351
13119632352
13119632357
13119632359
13119632365
13119632367
13119632370
13119632371
13119632376
13119632378
13119632381
13119632390
13119632391
13119632395
13119632501
13119632502
13119632503
13119632506
13119632508
13119632512
13119632515
13119632516
13119632519
13119632527
13119632531
13119632532
13119632535
13119632537
13119632553
13119632556
13119632561
13119632562
13119632563
13119632565
13119632569
13119632570
13119632571
13119632573
13119632575
13119632579
13119692709
13119695265
13119697053
13119698572
13119698726
13126200164
13126200412
13126200452
13126200468
13126200531
13126200594
13126200654
13126200674
13126200794
13126200817
13126200852
13126200914
13126200925
13126201074
13126201120
13126201165
13126201194
13126201244
13126201254
13126201256
13126201274
13126201372
13126201374
13126201379
13126201392
13126201397
13126201407
13126201476
13126201479
13126201493
13126201514
13126201524
13126201527
13126201542
13126201543
13126201564
13126201571
13126201579
13126201581
13126201597
13126201624
13126201632
13126201636
13126201643
13126201653
13126201670
13126201672
13126201674
13126201693
13126201694
13126201704
13126201747
13126201750
13126201754
13126201757
13126201762
13126201763
13126201764
13126201794
13126201864
13126201875
13126201902
13126201914
13126201916
13126201937
13126201953
13126201971
13126202104
13126202173
13126202174
13126202184
13126202352
13126202357
13126202362
13126202367
13126202417
13126202462
13126202542
13126202547
13126202554
13126202572
13126202573
13126202719
13126202734
13126202749
13126202759
13126202784
13126202834
13126202847
13126202894
13126202901
13126202914
13126202931
13126202943
13126202947
13126202964
13126202984
13126203041
13126203051
13126203054
13126203065
13126203067
13126203071
13126203074
13126203084
13126203125
13126203146
13126203172
13126203174
13126203175
13126203195
13126203247
13126203249
13168510395
13168510561
13168510587
13168510672
13168511367
13168511387
13168511627
13168511723
13168511726
13168511727
13168511790
13168512015
13168512092
13168512175
13168512305
13168512587
13168512652
13168512791
13168513062
13168513117
13168513572
13168513621
13168513673
13168513901
13168515037
13168515173
13168521726
13169803431
13169803475
13169803597
13169803727
13169803957
13169804051
13169804152
13169804205
13169804231
13169804337
13169804362
13169804475
13169804506
13169804510
13169804572
13169804591
13169804923
13169805094
13169805302
13169830967
13172210152
13172210243
13172210249
13172210347
13172210374
13172210376
13172210459
13172210461
13172210463
13172210469
13172210472
13172210492
13172210494
13172210541
13172210543
13172210594
13172210634
13172210684
13172210741
13172210764
13172210931
13172210940
13172210945
13172210984
13172211279
13172211342
13172211486
13172211496
13172211584
13172211624
13172211634
13172211640
13172211740
13172211847
13172211941
13172212047
13172212094
13172212436
13172212461
13172212469
13172212519
13172212530
13172212545
13172212604
13172212615
13172212648
13172212674
13172212691
13172212741
13172212746
13172212879
13172212964
13172213051
13172213094
13172213097
13172213243
13172213265
13172213284
13172213304
13172213347
13172213394
13172213407
13172213409
13172213470
13172213494
13172213507
13172213524
13172213584
13172213592
13172213594
13172213604
13172213724
13172213734
13172213760
13172213784
13172213834
13172213954
13172213974
13172214032
13172214042
13172214045
13172214054
13172214065
13172214072
13172214074
13172214076
13172214097
13172214101
13172214104
13172214107
13172214120
13172214190
13172214254
13172214256
13172214275
13172214325
13172214439
13172214453
13172214479
13172214542
13172214543
13172214594
13172214634
13172214641
13172214647
13172214683
13172214704
13172214706
13172214743
13172214853
13172214854
13172214921
13172214953
13172214962
13172215054
13172215064
13172215107
13172215147
13172215164
13172215294
13172215303
13172215334
13172215385
13172215426
13172215451
13172215459
13172215465
13172215471
13172215601
13172215642
13172215644
13172215704
13172215719
13172215732
13172215736
13172215742
13172215784
13172215785
13172215795
13172215843
13172215845
13172215852
13172215872
13172215901
13172215940
13172215943
13172215972
13172215984
13172216045
13172216094
13172216137
13172216152
13172216174
13172216273
13172216284
13172216324
13172216343
13172216347
13172216352
13172216356
13172216357
13172216364
13172216384
13172216394
13172216401
13172216415
13172216451
13172216481
13172216501
13172216701
13172216702
13172216714
13172216724
13172216749
13172216763
13172216842
13172216894
13172216925
13172216945
13172216946
13172216947
13172216970
13172216972
13172216974
13172217034
13172217092
13172217135
13172217153
13172217164
13172217314
13172217341
13172217357
13172217364
13172217385
13172217631
13172217810
13172218256
13172218573
13172218593
13172218670
13172219052
13172250157
13172250164
13172250237
13172250241
13172250259
13172250496
13172250561
13172250673
13172250734
13172250837
13172250843
13172250849
13172250857
13172250951
13172251274
13172251352
13172251453
13172251492
13172251740
13172251781
13172251840
13172251842
13172251904
13189410872
13189411245
13189412156
13189412420
13189412825
13189413056
13189872841
13189872842
13189872945
13189872947
13189872974
13189873014
13189873034
13189873046
13189873076
13189873094
13189873125
13189873147
13189873149
13189873175
13189873182
13189873184
13189873190
13189873207
13189873247
13189873257
13189873264
13189873275
13189873291
13189873294
13189873403
13189873409
13189873441
13189873461
13189873487
13189873496
13189873503
13189873504
13189873547
13189873625
13189873641
13211261705
13211262691
13211265535
13211265607
13211265612
13211265615
13211265617
13211265673
13211265692
13211265693
13211265702
13211265703
13211265705
13211265719
13211265721
13211265736
13211265761
13211265783
13211265790
13211265792
13211265793
13211265797
13211265807
13211265812
13211265823
13211265832
13211265836
13211265862
13211265869
13211265871
13211265872
13211265893
13211265902
13211265903
13211265907
13211265915
13211265921
13211265927
13211265936
13211265961
13211265971
13211265973
13211265975
13211266032
13211266071
13211266072
13211266079
13211266095
13211266097
13211266173
13211266176
13211266217
13211266259
13211266315
13211266327
13211266351
13211266362
13211266370
13211266372
13211266391
13211266396
13211266397
13211266526
13211266531
13211266535
13211266537
13211266539
13211266570
13211266572
13211266575
13211266576
13211266590
13211270074
13211270105
13211270124
13211270142
13211270143
13211270145
13211270146
13211270147
13211270152
13211270175
13211270243
13211270246
13211270247
13211270249
13211270274
13211270394
13211270416
13211270451
13211270453
13211270457
13211270461
13211270476
13211270478
13211270483
13211270496
13211270532
13211270540
13211270541
13211270545
13211270549
13211270640
13211270642
13211270646
13211270664
13211270672
13211270692
13211270735
13211270749
13211270762
13211270764
13211270784
13211270837
13211270894
13211270934
13211270944
13211270945
13211270948
13211270964
13211270967
13211271042
13211271043
13211271044
13211271064
13211271094
13211271204
13211271242
13211271249
13211271263
13211271307
13211271374
13211271402
13211271409
13211271410
13211271423
13211271425
13211271426
13211271436
13211271450
13211271452
13211271453
13211271459
13211271460
13211271462
13211271470
13211271572
13211271579
13211271675
13211271960
13211272052
13211272053
13211272159
13211272201
13211272651
13211272815
13211272903
13211273071
13211273207
13211273795
13211273970
13211273975
13211275092
13211275251
13211275265
13211275286
13211275302
13211275306
13211275350
13211275361
13211275367
13211275391
13211275601
13211275603
13211275617
13211275861
13211275902
13211276037
13211276253
13211276295
13211276507
13211276563
13211276591
13211276732
13211276961
13211277032
13211277513
13211277629
13211277962
13211278015
13211278252
13211278260
13211278397
13211278535
13211278625
13211278631
13211278651
13211278935
13211279063
13211279153
13211279159
13211279363
13211279371
13211279372
13211279375
13211279576
13211279671
13211280167
13211280271
13211280627
13211280653
13211280739
13211280895
13211280925
13211280952
13211280956
13211280972
13211280973
13211281059
13211281071
13211281087
13211281095
13211281526
13211281527
13211281537
13211281572
13211281573
13211281593
13211281673
13211281751
13211281759
13226930117
13226930125
13226930135
13226930165
13226930171
13226930176
13226930212
13226930287
13226930297
13226930397
13226930519
13226930531
13226930576
13226930592
13226930595
13226930631
13226930652
13226950176
13226950185
13226950251
13226950357
13226950392
13226950531
13232890265
13232891273
13232893107
13232893571
13232893671
13232893751
13232896571
13232896752
13232896975
13232897092
13232897105
13232897250
13232897261
13232897385
13232897519
13232897572
13232897593
13232897671
13232898529
13232899171
13232900104
13232900154
13232900294
13232900415
13232900481
13232900546
13232900684
13232900724
13232900741
13232900854
13232900857
13232901034
13232901043
13232901047
13232901094
13232901124
13232901154
13232901195
13232901241
13232901254
13232901274
13232901276
13232901327
13232901364
13232901375
13232901406
13232901425
13232901457
13232901459
13232901462
13232901475
13232901493
13232901497
13232901534
13232901541
13232901542
13232901546
13232901627
13232901634
13232901674
13232901734
13232901741
13232901749
13232901754
13232901764
13232901824
13232901827
13232901845
13232901973
13232902104
13232902107
13232902141
13232902144
13232902249
13232902257
13232902305
13232902364
13232902401
13232902404
13232902410
13232902417
13232902431
13232902450
13232902451
13232902457
13232902459
13232902461
13232902465
13232902471
13232902487
13232902495
13232902497
13232902501
13232902504
13232902541
13232902546
13232902564
13232902571
13232902604
13232902634
13232902745
13232902794
13232902851
13232902874
13232902964
13232903043
13232903044
13232903054
13232903074
13232903152
13232903169
13232903173
13232903174
13232903176
13232903341
13232903384
13232903447
13232903451
13232903452
13232903473
13232903481
13232903564
13232903597
13232903640
13232903645
13232903647
13232903654
13232903684
13232903724
13232903740
13232903741
13232903745
13232903746
13232903774
13232903842
13232903849
13232903914
13232903941
13232903945
13232903946
13232903947
13232904014
13232904021
13232904027
13232904035
13232904051
13232904057
13232904063
13232904097
13232904103
13232904126
13232904157
13232904161
13232904187
13232904196
13232904259
13232904260
13232904263
13232904275
13232904312
13232904327
13232904350
13232904370
13232904451
13232904459
13232904475
13232904496
13232904561
13232904605
13232904751
13232904756
13232904762
13232904781
13232904785
13232904792
13232904796
13232904856
13232904871
13232904916
13232904917
13232904921
13232904925
13232905031
13232905092
13232905171
13232905176
13232905236
13232906307
13232906702
13232907503
13232908597
13232908636
13232908751
13232909852
13267690015
13267690035
13267690067
13267690119
13267690120
13267690125
13267690130
13267690139
13267690151
13267690153
13267690156
13267690157
13267690159
13267690161
13267690169
13267690173
13267690179
13267690192
13267690195
13267690205
13267690213
13267690217
13267690225
13267690229
13267690231
13267690251
13267690257
13267690265
13267690267
13267690271
13267690272
13267690276
13267690278
13267690279
13267690281
13267690282
13267690285
13267690291
13267690293
13267690301
13267690309
13267690323
13267690326
13267690331
13267690352
13267690353
13267690358
13267690362
13267690375
13267690379
13267690391
13267690396
13267690516
13267690517
13267690526
13267690527
13267690528
13267690539
13267690557
13267690561
13267690576
13267690579
13267690583
13267690587
13267690591
13267690615
13267690616
13267690617
13267690631
13267690635
13267690638
13267690659
13267690670
13267690675
13267690676
13267690681
13267690693
13267690705
13267690712
13267690713
13267690715
13267690723
13267690732
13267690737
13267690761
13267690762
13267690776
13267690791
13267690820
13267690821
13267690826
13267690830
13267690835
13267690836
13267690857
13267690872
13267690873
13267690891
13267690892
13267690897
13267690912
13267690915
13267690925
13267690935
13267690939
13267690982
13267691005
13267691030
13267691032
13267691035
13267691039
13267691050
13267691052
13267691056
13267691063
13267691065
13267691078
13267691087
13267691092
13267691093
13267691095
13267691097
13267691120
13267691125
13267691127
13267691156
13267691157
13267691159
13267691167
13267691169
13267691175
13267691187
13267691192
13267691213
13267691216
13267691217
13267691236
13267691267
13267691270
13267691273
13267691287
13267691291
13267691295
13267691310
13267691320
13267691326
13267691327
13267691329
13267691332
13267691335
13267691353
13267691356
13267691359
13267691360
13267691362
13267691365
13267691367
13267691371
13267691373
13267691375
13267691376
13267691381
13267691390
13267691395
13267691396
13267691501
13267691505
13267691509
13267691526
13267691527
13267691535
13267691537
13267691538
13267691539
13267691563
13267691571
13267691578
13267691579
13267691585
13267691598
13267691608
13267691609
13267691627
13267691629
13267691631
13267691637
13267691651
13267691656
13267691657
13267691659
13267691672
13267691673
13267691690
13267691693
13267691701
13267691703
13267691712
13267691715
13267691716
13267691720
13267691725
13267691726
13267691735
13267691757
13267691759
13267691761
13267691762
13267691772
13267691780
13267691783
13267691815
13267691825
13267691827
13267691835
13267691836
13267691853
13267691857
13267691871
13267691873
13267691903
13267691921
13267691926
13267691927
13267691931
13267691935
13267691952
13267691953
13267691960
13267691963
13267691972
13267691975
13267691979
13267691983
13267691985
13267692017
13267692025
13267692031
13267692035
13267692037
13267692052
13267692053
13267692056
13267692065
13267692069
13267692072
13267692087
13267692091
13267692092
13267692103
13267692105
13267692106
13267692130
13267692135
13267692139
13267692153
13267692165
13267692167
13267692169
13267692180
13267692181
13267692183
13267692191
13267692197
13267692236
13267692237
13267692251
13267692270
13267692271
13267692272
13267692285
13267692290
13267692296
13267692302
13267692306
13267692317
13267692328
13267692329
13267692337
13267692361
13267692367
13267692371
13267692503
13267692506
13267692508
13267692530
13267692539
13267692551
13267692556
13267692561
13267692569
13267692571
13267692572
13267692575
13267692579
13267692580
13267692581
13267692582
13267692587
13267692591
13267692593
13267692597
13267692605
13267692607
13267692613
13267692615
13267692617
13267692619
13267692621
13267692627
13267692651
13267692659
13267692667
13267692671
13267692673
13267692675
13267692679
13267692683
13267692693
13267692695
13267692696
13267692702
13267692703
13267692705
13267692707
13267692709
13267692710
13267692719
13267692720
13267692725
13267692732
13267692750
13267692751
13267692756
13267692759
13267692763
13267692765
13267692768
13267692769
13267692771
13267692775
13267692780
13267692781
13267692785
13267692791
13267692792
13267692793
13267692801
13267692803
13267692806
13267692810
13267692815
13267692816
13267692821
13267692827
13267692831
13267692835
13267692851
13267692857
13267692862
13267692867
13267692871
13267692875
13267692893
13267692901
13267692907
13267692912
13267692916
13267692917
13267692936
13267692937
13267692953
13267692959
13267692961
13267692965
13267692971
13267692976
13267692992
13267693002
13267693015
13267693023
13267693032
13267693035
13267693050
13267693051
13267693057
13267693063
13267693068
13267693069
13267693071
13267693073
13267693076
13267693078
13267693081
13267693083
13267693085
13267693089
13267693090
13267693095
13267693101
13267693102
13267693105
13267693106
13267693112
13267693116
13267693127
13267693152
13267693156
13267693157
13267693161
13267693162
13267693171
13267693173
13267693176
13267693179
13267693183
13267693185
13267693187
13267693192
13267693196
13267693206
13267693212
13267693215
13267693216
13267693226
13267693230
13267693231
13267693236
13267693250
13267693252
13267693253
13267693258
13267693259
13267693260
13267693262
13267693263
13267693267
13267693273
13267693276
13267693281
13267693285
13267693290
13267693291
13267693293
13267693297
13267693302
13267693315
13267693317
13267693319
13267693327
13267693361
13267693365
13267693372
13267693376
13267693386
13267693501
13267693502
13267693503
13267693505
13267693516
13267693519
13267693523
13267693529
13267693536
13267693551
13267693560
13267693561
13267693563
13267693572
13267693575
13267693576
13267693583
13267693587
13267693598
13267693601
13267693603
13267693607
13267693608
13267693609
13267693610
13267693615
13267693623
13267693625
13267693651
13267693657
13267693658
13267693670
13267693671
13267693673
13267693695
13267693701
13267693705
13267693706
13267693707
13267693713
13267693719
13267693727
13267693729
13267693752
13267693753
13267693756
13267693757
13267693758
13267693759
13267693767
13267693780
13267693781
13267693783
13267693785
13267693787
13267693791
13267693792
13267693793
13267693795
13286195693
13286196317
15602551450
15602552149
15602554061
15602580679
15602589157
16607501045
16675001402
16675001741
16675005101
16675005841
16675030745
16675031594
16675036830
18575021604
18575023214
18575024461
18575025413
18575027064
18575027472
18575029737
18575030135
18575030142
18575030715
18575031071
18575031290
18575031450
18575031452
18575031467
18575031479
18575031481
18575031483
18575031492
18575031604
18575031637
18575031675
18575031752
18575031795
18575032027
18575032072
18575032094
18575032149
18575032154
18575032175
18575032251
18575032371
18575032743
18575032751
18575032769
18575033173
18575034542
18575035113
18575035167
18575035197
18575035237
18575035270
18575035296
18575035297
18575035363
18575035679
18575035731
18575035771
18575035781
18575035782
18575035871
18575036021
18575036069
18575036126
18575036215
18575036279
18575036301
18575036579
18575036730
18575036793
18575037036
18575037182
18575037310
18575037315
18575037316
18575037356
18575037501
18575038914
18575070445
18575070858
18575071464
18575071634
18575072475
18575073640
18575076084
18575078946
18575079347
18675027453
18675039157
18675045964
18688523694
19326165712