13025315672
13058468721
13076430142
13076430154
13076430241
13076430257
13076430265
13076430274
13076430357
13076430415
13076430467
13076430582
13076430745
13076430791
13076430854
13076430879
13076430941
13076430942
13076430965
13076431081
13076431173
13076431174
13076431253
13076431264
13076431274
13076431276
13076431291
13076431346
13076431384
13076431490
13076431493
13076431507
13076431579
13076431627
13076431634
13076431643
13076431704
13076431767
13076431774
13076431970
13076432074
13076432137
13076453674
13112500452
13112500492
13112500571
13112501062
13112501249
13112501281
13112501662
13112501694
13112501714
13112501894
13112501904
13112502140
13112502293
13112502343
13112502417
13112502443
13112502451
13112502452
13112502469
13112502564
13112502594
13112502814
13112502957
13112503273
13112503594
13112503634
13112503644
13112503681
13112503702
13112503708
13112503744
13112503753
13112503781
13112503814
13112503923
13112503973
13112504013
13112504052
13112504071
13112504078
13112504137
13112504143
13112504161
13112504223
13112504271
13112504393
13112504471
13112504492
13112504504
13112504542
13112504575
13112504581
13112504617
13112504632
13112504674
13112504719
13112504730
13112504744
13112504781
13112504785
13112504801
13112504865
13112505219
13112505273
13112505275
13112505347
13112505478
13112505495
13112505814
13112505974
13112506094
13112506184
13112506294
13112506315
13112506387
13112506485
13112506717
13112506854
13112506930
13112507109
13112507191
13112507214
13112507237
13112507271
13112507374
13112507391
13112507402
13112507404
13112507420
13112507492
13112507494
13112507495
13112507504
13112507764
13112507903
13112507924
13112507932
13112507972
13112508144
13112508265
13112508312
13112508314
13112508340
13112508364
13112508414
13112508417
13112508424
13112508427
13112508437
13112508457
13112508475
13112508491
13112508504
13112508514
13112508590
13112508591
13112508597
13112508604
13112508634
13112508721
13112508734
13112508743
13112508746
13112508973
13112509041
13112509103
13112509216
13112509248
13112509264
13112509401
13112509424
13112509448
13112509471
13112509472
13112509483
13112509487
13112509491
13112509514
13112509534
13112509537
13112509554
13112509594
13112509634
13112509643
13112509654
13112509705
13112509741
13112509784
13112509814
13112510047
13112510130
13112510281
13112510514
13112510574
13112510742
13112510847
13112511093
13112511465
13112511469
13112511563
13112511649
13112512290
13112512614
13112512715
13112512752
13112512774
13112512783
13112512817
13112512874
13112512976
13112513067
13112513214
13112513340
13112513401
13112513486
13112513607
13112513613
13112513624
13112513641
13112513810
13112513823
13112513834
13112513861
13112513864
13112513974
13112514032
13112514058
13112514230
13112514245
13112514305
13112514347
13112514374
13112514407
13112514425
13112514427
13112514547
13112514579
13112514652
13112514753
13112514792
13112514831
13112514943
13112514944
13112515047
13112515136
13112515241
13112515346
13112515361
13112515381
13112515491
13112515537
13112515640
13112515653
13112515712
13112515744
13112515754
13112515763
13112515844
13112515862
13112515874
13112515940
13112516054
13112516225
13112516281
13112516359
13112516534
13112516539
13112516548
13112516731
13112516739
13112516824
13112516827
13112516834
13112516872
13112516874
13112516914
13112517005
13112517025
13112517045
13112517097
13112517154
13112517192
13112517254
13112517329
13112517354
13112517375
13112517382
13112517441
13112517454
13112517475
13112517544
13112517597
13112517640
13112517644
13112517704
13112517726
13112517984
13112517994
13112518043
13112518237
13112518371
13112518413
13112518703
13112518724
13112518774
13112518914
13112518927
13112518982
13112519094
13112519104
13112519134
13112519156
13112519214
13112519230
13112519244
13112519254
13112519304
13112519325
13112519354
13112519361
13112519384
13112519754
13112519764
13112519945
13112520354
13112520449
13112520482
13112520498
13112520572
13112520582
13112520640
13112520728
13112520732
13112520744
13112520750
13112520751
13112520774
13112521163
13112521424
13112521452
13112521463
13112521494
13112521529
13112521614
13112521649
13112521670
13112521682
13112521742
13112521781
13112521794
13112521804
13112521948
13112522047
13112522136
13112522142
13112522154
13112522184
13112522314
13112522361
13112522457
13112522492
13112522592
13112522804
13112522953
13112522954
13112522967
13112523047
13112523127
13112523194
13112523304
13112523467
13112523548
13112523644
13112523673
13112523684
13112523710
13112523744
13112523753
13112523805
13112523854
13112523945
13112523973
13112524014
13112524034
13112524071
13112524074
13112524127
13112524147
13112524178
13112524195
13112524204
13112524304
13112524314
13112524381
13112524394
13112524420
13112524475
13112524514
13112524574
13112524584
13112524634
13112524721
13112524738
13112524743
13112524787
13112524793
13112524914
13112524924
13112524976
13112525147
13112525264
13112525406
13112525574
13112525716
13112525719
13112526041
13112526073
13112526410
13112526537
13112526587
13112526829
13112526843
13112527048
13112527072
13112527104
13112527287
13112527309
13112527360
13112527524
13112527649
13112527709
13112527782
13112527993
13112528031
13112528127
13112528154
13112528254
13112528342
13112528354
13112528410
13112528415
13112528450
13112528753
13112529031
13112530437
13112530487
13112530653
13112530846
13112531271
13112531469
13112531509
13112531544
13112531549
13112531584
13112531651
13112531682
13112531834
13112531847
13112531924
13112531926
13112532247
13112532294
13112532297
13112532341
13112532584
13112532704
13112532773
13112533059
13112533194
13112533243
13112533264
13112533459
13112533524
13112533617
13112533679
13112533814
13112533861
13112534071
13112534092
13112534130
13112534146
13112534171
13112534178
13112534203
13112534275
13112534341
13112534410
13112534420
13112534430
13112534514
13112534526
13112534551
13112534763
13112534819
13112534874
13112534902
13112534964
13112534967
13112535149
13112535190
13112535237
13112535239
13112535401
13112535429
13112535487
13112535593
13112535731
13112535738
13112535867
13112535873
13112535967
13112536025
13112536044
13112536094
13112536097
13112536104
13112536175
13112536267
13112536279
13112536317
13112536469
13112536479
13112536534
13112536569
13112536708
13112536792
13112536814
13112536844
13112536852
13112536864
13112536914
13112536921
13112537085
13112537109
13112537174
13112537183
13112537192
13112537213
13112537364
13112537372
13112537404
13112537415
13112537423
13112537424
13112537457
13112537486
13112537509
13112537592
13112537593
13112537614
13112537734
13112537740
13112537947
13112538047
13112538079
13112538191
13112538261
13112538359
13112538412
13112538452
13112538469
13112538481
13112538561
13112538594
13112538694
13112538723
13112538941
13112539046
13112539151
13112539217
13112539224
13112539241
13112539284
13112539425
13112539465
13112539485
13112539574
13112539653
13112539674
13112539735
13112539774
13112539791
13112539834
13112539836
13118600141
13118600387
13118600736
13118601064
13118601264
13118601275
13118601284
13118601307
13118601337
13118601354
13118601373
13118601434
13118601438
13118601454
13118601483
13118601554
13118601583
13118601624
13118601625
13118601659
13118601784
13118601844
13118601957
13118602197
13118602287
13118602310
13118602451
13118602457
13118602481
13118602494
13118602504
13118602547
13118602624
13118602647
13118602674
13118602704
13118602841
13118602894
13118602943
13118603051
13118603124
13118603184
13118603216
13118603263
13118603347
13118603397
13118603419
13118603473
13118603482
13118603584
13118603617
13118603647
13118603664
13118603751
13118603761
13118603852
13118603943
13118603984
13118604017
13118604034
13118604064
13118604081
13118604175
13118604193
13118604212
13118604240
13118604264
13118604285
13118604301
13118604337
13118604357
13118604371
13118604389
13118604417
13118604470
13118604489
13118604502
13118604561
13118604571
13118604631
13118604674
13118604693
13118604714
13118604732
13118604739
13118604751
13118604769
13118604801
13118604843
13118604849
13118604924
13118604934
13118604940
13118604943
13118604995
13118605034
13118605037
13118605093
13118605140
13118605187
13118605294
13118605441
13118605457
13118605484
13118605634
13118605674
13118605697
13118605724
13118605964
13118606184
13118606209
13118606247
13118606307
13118606453
13118606464
13118606752
13118606931
13118606947
13118607135
13118607281
13118607291
13118607403
13118607441
13118607716
13118607721
13118607857
13118607944
13118607995
13118608025
13118608049
13118608104
13118608175
13118608214
13118608247
13118608257
13118608317
13118608394
13118608397
13118608445
13118608447
13118608451
13118608453
13118608497
13118608546
13118608702
13118608759
13118608946
13118609014
13118609034
13118609402
13118609415
13118609425
13118609431
13118609441
13118609446
13118609447
13118609450
13118609504
13118609514
13118609516
13118609534
13118609542
13118609547
13118609644
13118609726
13118609745
13118609747
13118609750
13118609774
13118609804
13118610067
13118610240
13118610264
13118610387
13118610774
13118611254
13118612064
13118612416
13118612429
13118612604
13118612714
13118612965
13118613052
13118613058
13118613094
13118613142
13118613167
13118613484
13118613604
13118613917
13118614670
13118614734
13118614834
13118615458
13118615639
13118615713
13118616034
13118616254
13118616482
13118617036
13118617106
13118617184
13118617214
13118617582
13118617749
13118617832
13118618094
13118618164
13118618344
13118618784
13118618976
13118619052
13118619127
13118619270
13118619434
13118619464
13118619524
13118619753
13118619847
13118620124
13118620163
13118620421
13118620484
13118620514
13118620872
13118620943
13118620974
13118621040
13118621059
13118621082
13118621326
13118621329
13118621361
13118621391
13118621503
13118621640
13118621709
13118621824
13118621934
13118622149
13118622429
13118622573
13118622584
13118622752
13118622821
13118622984
13118623081
13118623387
13118623425
13118623840
13118623844
13118623935
13118623950
13118623974
13118624037
13118624063
13118624091
13118624146
13118624171
13118624284
13118624340
13118624383
13118624493
13118624501
13118624521
13118624663
13118624724
13118624744
13118625031
13118625054
13118625124
13118625249
13118625263
13118625514
13118625582
13118625761
13118625845
13118626071
13118626141
13118626144
13118626284
13118626703
13118626708
13118626782
13118626834
13118626844
13118626845
13118626905
13118626985
13118627084
13118627142
13118627184
13118627259
13118627301
13118627394
13118627485
13118627497
13118627507
13118627714
13118627731
13118627872
13118627941
13118628174
13118628461
13118628491
13118628551
13118628644
13118628654
13118628706
13118628735
13118628745
13118628940
13118629034
13118629041
13118629072
13118629082
13118629406
13118629426
13118629641
13118629734
13118629782
13118629794
13118629834
13118629841
13118629952
13118630097
13118630209
13118630393
13118630454
13118630463
13118630545
13118630569
13118630751
13118630942
13118630944
13118630971
13118631041
13118631081
13118631205
13118631403
13118631446
13118631453
13118631492
13118631504
13118631542
13118631574
13118631712
13118631729
13118632067
13118632192
13118632447
13118632484
13118632694
13118632725
13118632791
13118633176
13118633584
13118633674
13118633754
13118634075
13118634214
13118634241
13118634247
13118634254
13118634263
13118634274
13118634284
13118634331
13118634341
13118634344
13118634372
13118634392
13118634409
13118634421
13118634437
13118634467
13118634475
13118634491
13118634493
13118634507
13118634524
13118634604
13118634649
13118634694
13118634707
13118634710
13118634729
13118634740
13118634742
13118634753
13118634754
13118634792
13118634794
13118634825
13118634835
13118634837
13118634862
13118634871
13118634893
13118634894
13118634907
13118634964
13118635034
13118635041
13118635042
13118635075
13118635117
13118635160
13118635164
13118635245
13118635271
13118635272
13118635317
13118635340
13118635371
13118635461
13118635479
13118635484
13118635574
13118635641
13118635643
13118635784
13118635790
13118635792
13118635843
13118635917
13118635942
13118635947
13118635971
13118636024
13118636054
13118636107
13118636127
13118636149
13118636157
13118636240
13118636244
13118636245
13118636254
13118636271
13118636405
13118636410
13118636434
13118636436
13118636441
13118636483
13118636491
13118636541
13118636548
13118636564
13118636571
13118636573
13118636634
13118636640
13118636740
13118636817
13118636840
13118636914
13118636934
13118636948
13118637014
13118637049
13118637086
13118637104
13118637164
13118637176
13118637189
13118637213
13118637249
13118637252
13118637344
13118637361
13118637394
13118637405
13118637414
13118637431
13118637438
13118637449
13118637454
13118637469
13118637487
13118637494
13118637495
13118637503
13118637507
13118637592
13118637627
13118637631
13118637641
13118637642
13118637649
13118637704
13118637743
13118637749
13118637794
13118637804
13118637814
13118637817
13118637821
13118637824
13118637843
13118637851
13118637864
13118637874
13118637926
13118637943
13118637954
13118637957
13118637962
13118637964
13118637970
13118637974
13118637975
13118637984
13118638021
13118638027
13118638031
13118638037
13118638064
13118638071
13118638094
13118638104
13118638137
13118638141
13118638145
13118638241
13118638249
13118638407
13118638434
13118638453
13118638465
13118638534
13118638547
13118638744
13118638745
13118638943
13118639041
13118639044
13118639045
13118639046
13118639064
13118639084
13118639094
13118639143
13118639154
13118639194
13118639213
13118639242
13118639243
13118639324
13118639347
13118639364
13118639374
13118639404
13118639412
13118639425
13118639436
13118639437
13118639454
13118639478
13118639534
13118639548
13118639564
13118639634
13118639643
13118639647
13118639648
13118639657
13118639702
13118639703
13118639734
13118639736
13118639743
13118639746
13118639747
13118639748
13118639752
13118639784
13118639837
13118639841
13118639844
13118639974
13128404371
13128410387
13128410637
13128411305
13128411748
13128415793
13128415794
13128415795
13128415796
13128415797
13128415804
13128415806
13128415807
13128415810
13128415812
13128415815
13128415816
13128415817
13128415820
13128415821
13128415824
13128415834
13128415836
13128415845
13128415846
13128415848
13128415851
13128415852
13128415854
13128415860
13128415863
13128415865
13128415867
13128415868
13128415871
13128415874
13128415875
13128415876
13128415882
13128415884
13128415887
13128415890
13128415893
13128415894
13128415898
13128415901
13128415903
13128415904
13128415906
13128415908
13128415912
13128415915
13128415918
13128415920
13128415921
13128415924
13128415931
13128415942
13128415947
13128415948
13128415951
13128415954
13128415956
13128415958
13128415967
13128415970
13128415972
13128415973
13128415975
13128415978
13128415981
13128415982
13128415983
13128415986
13128415987
13128415989
13128415994
13128415996
13128416007
13128416015
13128416028
13128416029
13128416032
13128416036
13128416037
13128416041
13128416047
13128416049
13128416053
13128416058
13128416062
13128416064
13128416070
13128416074
13128416075
13128416078
13128416082
13128416085
13128416093
13128416104
13128416105
13128416106
13128416108
13128416117
13128416118
13128416125
13128416126
13128416129
13128416134
13128416140
13128416146
13128416148
13128416149
13128416151
13128416152
13128416158
13128416160
13128416164
13128416171
13128416174
13128416176
13128416179
13128416181
13128416185
13128416190
13128416193
13128416198
13128416207
13128416212
13128416216
13128416221
13128416223
13128416225
13128416227
13128416234
13128416238
13128416240
13128416243
13128416247
13128416251
13128416257
13128416258
13128416263
13128416264
13128416271
13128416273
13128416274
13128416276
13128416278
13128416279
13128416280
13128416283
13128416286
13128416289
13128416295
13128416302
13128416303
13128416304
13128416314
13128416315
13128416319
13128416320
13128416326
13128416328
13128416329
13128416331
13128416332
13128416334
13128416337
13128416340
13128416341
13128416343
13128416345
13128416348
13128416353
13128416362
13128416367
13128416374
13128416380
13128416386
13128416398
13128416401
13128416405
13128416413
13128416416
13128416417
13128416418
13128416420
13128416421
13128416423
13128416425
13128416427
13128416430
13128416432
13128416434
13128416435
13128416436
13128416438
13128416439
13128416440
13128416443
13128416458
13128416460
13128416469
13128416474
13128416479
13128416481
13128416484
13128416486
13128416487
13128416494
13128416498
13128416503
13128416506
13128416507
13128416508
13128416509
13128416517
13128416518
13128416521
13128416523
13128416526
13128416530
13128416536
13128416542
13128416543
13128416545
13128416551
13128416552
13128416558
13128416564
13128416569
13128416572
13128416578
13128416582
13128416586
13128416590
13128416598
13128416609
13128416614
13128416615
13128416624
13128416631
13128416637
13128416643
13128416654
13128416657
13128416671
13128416672
13128416684
13128416691
13128416694
13128416701
13128416703
13128416712
13128416715
13128416718
13128416723
13128416725
13128416729
13128416736
13128416739
13128416741
13128416744
13128416745
13128416746
13128416751
13128416754
13128416759
13128416771
13128416773
13128416775
13128416782
13128416787
13128416792
13128416793
13128416796
13128416802
13128416806
13128416814
13128416815
13128416820
13128416824
13128416825
13128416827
13128416830
13128416832
13128416834
13128416839
13128416841
13128416845
13128416846
13128416847
13128416849
13128416853
13128416854
13128416856
13128416858
13128416859
13128416861
13128416862
13128416864
13128416870
13128416871
13128416879
13128416884
13128416885
13128416889
13128416895
13128416902
13128416903
13128416905
13128416913
13128416914
13128416918
13128416920
13128416926
13128416932
13128416934
13128416940
13128416943
13128416946
13128416947
13128416948
13128416951
13128416954
13128416962
13128416963
13128416964
13128416967
13128416970
13128416976
13128416979
13128416980
13128416981
13128416985
13128416989
13128417004
13128417016
13128417018
13128417019
13128417024
13128417027
13128417029
13128417031
13128417034
13128417035
13128417040
13128417041
13128417047
13128417053
13128417056
13128417058
13128417064
13128417072
13128417084
13128417085
13128417087
13128417105
13128417107
13128417109
13128417120
13128417125
13128417126
13128417128
13128417129
13128417132
13128417137
13128417139
13128417145
13128417152
13128417156
13128417161
13128417163
13128417164
13128417167
13128417173
13128417178
13128417181
13128417182
13128417191
13128417198
13128417203
13128417205
13128417207
13128417208
13128417215
13128417218
13128417219
13128417221
13128417237
13128417238
13128417241
13128417244
13128417245
13128417248
13128417250
13128417254
13128417256
13128417258
13128417261
13128417269
13128417270
13128417274
13128417275
13128417279
13128417283
13128417284
13128417289
13128417295
13128417297
13128417302
13128417305
13128417306
13128417307
13128417316
13128417320
13128417328
13128417329
13128417331
13128417332
13128417334
13128417335
13128417339
13128417346
13128417347
13128417349
13128417350
13128417354
13128417357
13128417361
13128417362
13128417364
13128417368
13128417371
13128417382
13128417385
13128417392
13128417393
13128417394
13128417396
13128417405
13128417408
13128417409
13128417410
13128417413
13128417414
13128417416
13128417419
13128417423
13128417427
13128417436
13128417438
13128417440
13128417441
13128417445
13128417446
13128417451
13128417452
13128417458
13128417459
13128417464
13128417469
13128417475
13128417476
13128417479
13128417486
13128417487
13128417489
13128417494
13128417503
13128417504
13128417509
13128417516
13128417518
13128417523
13128417525
13128417526
13128417527
13128417528
13144462192
13144462193
13144462194
13144462235
13144462259
13144462263
13144462301
13144462303
13144462334
13144462347
13144462356
13144462363
13144462373
13144462402
13144462421
13144462425
13144462430
13144462436
13144462450
13144462461
13144462472
13144462475
13144462493
13144462495
13144462559
13144462560
13144462575
13144462590
13144462592
13144462614
13144462641
13144462642
13144462653
13144462680
13144462689
13144462695
13144462698
13144462704
13144462719
13144462723
13144462725
13144462726
13144462734
13144462735
13144462764
13144462773
13144462774
13144462780
13144462792
13144462793
13144462794
13144462802
13144462803
13144462805
13144462824
13144462825
13144462847
13144462854
13144462856
13144462872
13144462891
13144462896
13144462905
13144462921
13144462934
13144462937
13144462940
13144462941
13144462943
13144462950
13144462954
13144462956
13144462970
13144462972
13144462981
13144462985
13144462986
13144462993
13144462997
13144463013
13144463029
13144463031
13144463032
13144463039
13144463052
13144463062
13144463063
13144463067
13144463120
13144463135
13144463139
13144463145
13144463147
13144463148
13144463149
13144463160
13144463162
13144463164
13144463173
13144463184
13144463204
13144463214
13144463219
13144463227
13144463238
13144463242
13144463251
13144463262
13144463265
13144463267
13144463270
13144463281
13144463282
13144463285
13144463294
13144463295
13144463303
13144463342
13144463348
13144463371
13144463374
13144463381
13144463385
13144463390
13144463406
13144463413
13144463420
13144463421
13144463423
13144463434
13144463448
13144463450
13144463451
13144463452
13144463460
13144463478
13144463482
13144463486
13144463487
13144463490
13144463498
13144463507
13144463509
13144463519
13144463526
13144463537
13144463541
13144463558
13144463587
13144463589
13144463590
13144463591
13144463617
13144463620
13144463621
13144463624
13144463628
13144463659
13144463695
13144463728
13144463729
13144463731
13144463740
13144463749
13144463754
13144463760
13144463763
13144463765
13144463769
13144463773
13144463784
13144463785
13144463790
13144463792
13144463794
13144463795
13144463816
13144463823
13144463834
13144463837
13144463840
13144463841
13144463847
13144463854
13144463857
13144463859
13144463864
13144463869
13144463891
13144463892
13144463918
13144463923
13144463925
13144463947
13144463958
13144463964
13144463973
13144463974
13144463980
13144463982
13144463989
13144464002
13144464007
13144464009
13144464018
13144464019
13144464036
13144464039
13144464046
13144464047
13144464054
13144464058
13144464059
13144464062
13144464063
13144464067
13144464076
13144464078
13144464079
13144464083
13144464085
13144464087
13144464089
13144464094
13144464098
13144464112
13144464113
13144464117
13144464128
13144464129
13144464134
13144464135
13144464139
13144464142
13144464145
13144464151
13144464152
13144464157
13144464165
13144464167
13144464170
13144464171
13144464178
13144464181
13144464182
13144464194
13144464195
13144464202
13144464203
13144464205
13144464207
13144464209
13144464210
13144464216
13144464217
13144464219
13144464238
13144464239
13144464249
13144464251
13144464252
13144464254
13144464256
13144464257
13144464258
13144464259
13144464261
13144464263
13144464267
13144464268
13144464269
13144464270
13144464272
13144464273
13144464274
13144464279
13144464283
13144464284
13144464286
13144464287
13144464292
13144464293
13144464298
13144464304
13144464308
13144464312
13144464314
13144464316
13144464318
13144464328
13144464329
13144464339
13144464340
13144464342
13144464347
13144464351
13144464352
13144464353
13144464356
13144464359
13144464360
13144464361
13144464362
13144464363
13144464364
13144464367
13144464370
13144464373
13144464375
13144464383
13144464384
13144464385
13144464390
13144464391
13144464392
13144464397
13144464415
13144464420
13144464423
13144464429
13144464451
13144464452
13144464507
13144464526
13144464536
13144464540
13144464541
13144464542
13144464557
13144464570
13144464571
13144464573
13144464575
13144464576
13144464579
13144464583
13144464591
13144464594
13144464596
13144464602
13144464603
13144464614
13144464619
13144464628
13144464632
13144464639
13144464647
13144464654
13144464671
13144464673
13144464684
13144464691
13144464697
13144464701
13144464709
13144464725
13144464739
13144464745
13144464749
13144464751
13144464760
13144464761
13144464762
13144464763
13144464775
13144464785
13144464792
13144464802
13144464804
13144464809
13144464810
13144464813
13144464820
13144464831
13144464835
13144464841
13144464851
13144464856
13144464857
13144464859
13144464864
13144464872
13144464874
13144464879
13144464881
13144464907
13144464908
13144464912
13144464913
13144464914
13144464915
13144464916
13144464918
13144464920
13144464928
13144464930
13144464932
13144464936
13144464940
13144464945
13144464946
13144464953
13144464956
13144464957
13144464958
13144464972
13144464975
13144464980
13144464984
13144464987
13144464992
13144464996
13144465020
13144465023
13144465025
13144465027
13144465030
13144465035
13144465036
13144465048
13144465052
13144465058
13144465070
13144465071
13144465072
13144465074
13144465076
13144465078
13144465084
13144465086
13144465090
13144465097
13144465102
13144465103
13144465109
13144465127
13144465129
13144465139
13144465142
13144465143
13144465145
13144465148
13144465152
13144465153
13144465159
13144465163
13144465165
13144465169
13144465172
13144465174
13144465179
13144465182
13144465184
13144465185
13144465198
13144465207
13144465218
13144465219
13144465224
13144465228
13144465230
13144465241
13144465242
13144465246
13144465247
13144465249
13144465254
13144465259
13144465260
13144465264
13144465269
13144465273
13144465275
13144465276
13144465283
13144465284
13144465307
13144465308
13144465309
13144465320
13144465325
13144465327
13144465328
13144465331
13144465338
13144465340
13144465341
13144465357
13144465361
13144465372
13144465374
13144465375
13144465376
13144465386
13144465396
13144465397
13144465403
13144465412
13144465413
13144465420
13144465443
13144465451
13144465452
13144465460
13144465487
13144465497
13144465501
13144465502
13144465540
13144465547
13144465582
13144465584
13144465591
13144465601
13144465602
13144465605
13144465607
13144465614
13144465621
13144465629
13144465630
13144465632
13144465637
13144465642
13144465645
13144465648
13144465649
13144465661
13144465683
13144465690
13144465693
13144465702
13144465709
13144465726
13144465740
13144465744
13144465747
13144465749
13144465750
13144465751
13144465763
13144465772
13144465775
13144465776
13144465779
13144465783
13144465791
13144465797
13144465803
13144465806
13144465819
13144465823
13144465825
13144465830
13144465844
13144465847
13144465854
13144465857
13144465874
13144465890
13144465892
13144465893
13144465907
13144465910
13144465915
13144465927
13144465942
13144465964
13144465972
13144465975
13144465982
13144465985
13144466014
13144466028
13144466029
13144466039
13144466041
13144466043
13144466046
13144466049
13144466051
13144466071
13144466074
13144466078
13144466109
13144466128
13144466134
13144466140
13144466141
13144466142
13144466143
13144466152
13144466154
13144466164
13144466170
13144466174
13144466175
13144466179
13144466184
13144466192
13144466193
13144466197
13144466215
13144466217
13144466223
13144466230
13144466231
13144466235
13144466239
13144466241
13144466242
13144466248
13144466253
13144466267
13144466273
13144466274
13144466294
13144466307
13144466317
13144466341
13144466342
13144466343
13144466347
13144466351
13144466357
13144466370
13144466372
13144466374
13144466375
13144466378
13144466384
13144466390
13144466391
13144466392
13144466394
13144466403
13144466410
13144466417
13144466421
13144466423
13144466431
13144466435
13144466436
13144466457
13144466461
13144466465
13144466473
13144466474
13144466475
13144466476
13144466483
13144466492
13144466531
13144466570
13144466574
13144466614
13144466679
13144466695
13144466871
13144466879
13144466924
13144466935
13144466945
13144466951
13144466960
13144466970
13144466983
13144466994
13144467017
13144467025
13144467062
13144467090
13144467130
13144467152
13144467181
13144467191
13144467224
13144467487
13144467510
13144467529
13144467543
13144467554
13144467565
13144467583
13144467593
13144467631
13144467645
13144467665
13144467681
13144467694
13144467710
13144467810
13144467823
13144467862
13144468019
13144468074
13144468120
13144468139
13144468152
13144468171
13144468182
13144468204
13144468214
13144468247
13144468275
13144468287
13144468321
13144468350
13144468361
13144468397
13144468461
13144468480
13144468504
13144468514
13144468529
13144468549
13144468569
13144468620
13144468681
13144468694
13144468735
13144468771
13144469092
13144469115
13144469131
13144469136
13144469138
13144469149
13144469167
13144469173
13144469212
13144469215
13144469230
13144469245
13144469253
13144469262
13144469274
13144469289
13144469302
13144469304
13144469314
13144469340
13144469350
13144469352
13144469353
13144469354
13144469363
13144469371
13144469372
13144469373
13144469375
13144469379
13144469382
13144469383
13144469384
13144469385
13144469386
13144469391
13144469394
13144469403
13144469405
13144469410
13144469413
13144469414
13144469421
13144469424
13144469427
13144469430
13144469432
13144469437
13144469440
13144469442
13144469443
13144469448
13144469449
13144469450
13144469454
13144469457
13144469463
13144469464
13144469465
13144469467
13144469471
13144469473
13144469474
13144469487
13144469491
13144469493
13144469507
13144469510
13144469512
13144469513
13144469514
13144469517
13144469521
13144469523
13144469524
13144469527
13144469534
13144469537
13144469541
13144469542
13144469552
13144469553
13144469560
13144469563
13144469564
13144469571
13144469572
13144469575
13144469576
13144469578
13144469581
13144469582
13144469584
13144469586
13144469592
13144469601
13144469602
13144469603
13144469623
13144469624
13144469632
13144469634
13144469635
13144469637
13144469640
13144469641
13144469643
13144469647
13144469648
13144469649
13144469652
13144469664
13144469665
13144469670
13144469671
13144469682
13144469685
13144469693
13144469701
13144469704
13144469706
13144469707
13144469710
13144469712
13144469713
13144469714
13144469716
13144469718
13144469720
13144469723
13144469724
13144469725
13144469728
13144469734
13144469736
13144469740
13144469742
13144469745
13144469746
13144469754
13144469762
13144469765
13144469771
13144469778
13144469787
13144469793
13144469795
13144469802
13144469804
13144469807
13144469815
13144469816
13144469820
13144469823
13144469824
13144469825
13144469831
13144469834
13144469843
13144469845
13144469846
13144469850
13144469851
13144469854
13144469864
13144469865
13144469870
13144469874
13144469879
13144469892
13144469904
13144469907
13144469915
13144469916
13144469918
13144469925
13144469932
13144469935
13144469937
13144469938
13144469940
13144469941
13144469946
13144469947
13144469948
13144469951
13144469957
13144469961
13144469964
13144469970
13144469971
13144469974
13168270013
13168270014
13168270016
13168270019
13168270031
13168270040
13168270043
13168270045
13168270046
13168270049
13168270051
13168270052
13168270062
13168270063
13168270082
13168270084
13168270094
13168270114
13168270115
13168270117
13168270125
13168270128
13168270138
13168270144
13168270145
13168270146
13168270150
13168270151
13168270154
13168270164
13168270174
13168270178
13168270182
13168270184
13168270193
13168270194
13168270195
13168270204
13168270206
13168270208
13168270215
13168270229
13168270237
13168270246
13168270247
13168270249
13168270250
13168270253
13168270254
13168270260
13168270262
13168270263
13168270267
13168270284
13168270291
13168270293
13168270315
13168270317
13168270325
13168270326
13168270334
13168270340
13168270347
13168270348
13168270350
13168270354
13168270356
13168270359
13168270362
13168270374
13168270385
13168270387
13168270394
13168270397
13168270410
13168270414
13168270416
13168270426
13168270430
13168270434
13168270437
13168270446
13168270447
13168270449
13168270457
13168270471
13168270474
13168270482
13168270487
13168270491
13168270493
13168270496
13168270497
13168270509
13168270537
13168270540
13168270542
13168270547
13168270554
13168270557
13168270559
13168270574
13168270595
13168270609
13168270613
13168270627
13168270637
13168270643
13168270644
13168270648
13168270657
13168270663
13168270673
13168270674
13168270676
13168270683
13168270712
13168270728
13168270732
13168270735
13168270736
13168270741
13168270744
13168270753
13168270762
13168270765
13168270772
13168270775
13168270783
13168270784
13168270796
13168270801
13168270805
13168270809
13168270834
13168270840
13168270842
13168270854
13168270867
13168270872
13168270884
13168270894
13168270896
13168270904
13168270925
13168270931
13168270937
13168270942
13168270944
13168270945
13168270947
13168270950
13168270953
13168270954
13168270956
13168270964
13168270971
13168270973
13168270974
13168270976
13168270978
13168270995
13168271004
13168271025
13168271027
13168271042
13168271045
13168271048
13168271049
13168271054
13168271062
13168271064
13168271072
13168271076
13168271082
13168271087
13168271134
13168271135
13168271140
13168271143
13168271146
13168271149
13168271153
13168271162
13168271167
13168271175
13168271176
13168271179
13168271184
13168271187
13168271196
13168271197
13168271214
13168271221
13168271224
13168271230
13168271235
13168271239
13168271243
13168271244
13168271246
13168271254
13168271256
13168271259
13168271263
13168271276
13168271279
13168271283
13168271286
13168271289
13168271301
13168271304
13168271310
13168271324
13168271325
13168271339
13168271341
13168271344
13168271346
13168271348
13168271350
13168271354
13168271356
13168271363
13168271364
13168271365
13168271369
13168271370
13168271371
13168271372
13168271374
13168271375
13168271380
13168271381
13168271384
13168271385
13168271394
13168271396
13168271397
13168271403
13168271404
13168271412
13168271417
13168271423
13168271424
13168271427
13168271429
13168271430
13168271434
13168271449
13168271462
13168271464
13168271467
13168271473
13168271474
13168271476
13168271478
13168271482
13168271483
13168271485
13168271490
13168271492
13168271493
13168271497
13168271504
13168271507
13168271514
13168271523
13168271524
13168271527
13168271534
13168271539
13168271540
13168271541
13168271543
13168271544
13168271549
13168271564
13168271573
13168271574
13168271578
13168271586
13168271592
13168271594
13168271595
13168271596
13168271602
13168271610
13168271612
13168271614
13168271615
13168271624
13168271627
13168271630
13168271634
13168271638
13168271640
13168271642
13168271644
13168271657
13168271659
13168271664
13168271671
13168271682
13168271683
13168271684
13168271687
13168271691
13168271693
13168271702
13168271703
13168271709
13168271710
13168271715
13168271719
13168271721
13168271723
13168271724
13168271725
13168271726
13168271730
13168271736
13168271740
13168271741
13168271742
13168271744
13168271745
13168271747
13168271751
13168271758
13168271764
13168271765
13168271767
13168271773
13168271778
13168271783
13168271784
13168271785
13168271790
13168271792
13168271794
13168271796
13168271806
13168271812
13168271820
13168271821
13168271827
13168271840
13168271842
13168271844
13168271846
13168271847
13168271852
13168271854
13168271856
13168271864
13168271865
13168271874
13168271885
13168271905
13168271908
13168271912
13168271914
13168271916
13168271917
13168271920
13168271931
13168271932
13168271941
13168271943
13168271944
13168271952
13168271954
13168271957
13168271958
13168271960
13168271970
13168271971
13168271972
13168271984
13168271994
13168272001
13168272004
13168272005
13168272016
13168272024
13168272032
13168272034
13168272038
13168272039
13168272042
13168272043
13168272044
13168272045
13168272046
13168272049
13168272052
13168272056
13168272065
13168272082
13168272085
13168272094
13168272103
13168272104
13168272107
13168272110
13168272113
13168272114
13168272124
13168272134
13168272136
13168272140
13168272142
13168272146
13168272148
13168272149
13168272156
13168272160
13168272170
13168272171
13168272184
13168272191
13168272192
13168272194
13168272195
13168272205
13168272207
13168272232
13168272235
13168272241
13168272248
13168272249
13168272254
13168272260
13168272274
13168272283
13168272307
13168272314
13168272319
13168272340
13168272346
13168272348
13168272352
13168272354
13168272364
13168272374
13168272376
13168272380
13168272381
13168272383
13168272385
13168272387
13168272394
13168272404
13168272406
13168272412
13168272414
13168272415
13168272416
13168272418
13168272419
13168272423
13168272425
13168272426
13168272429
13168272431
13168272443
13168272450
13168272454
13168272462
13168272463
13168272464
13168272465
13168272470
13168272471
13168272473
13168272476
13168272481
13168272482
13168272483
13168272484
13168272490
13168272491
13168272492
13168272526
13168272537
13168272538
13168272541
13168272543
13168272544
13168272545
13168272553
13168272557
13168272560
13168272562
13168272565
13168272574
13168272581
13168272584
13168272585
13168272586
13168272587
13168272592
13168272595
13168272601
13168272604
13168272618
13168272619
13168272624
13168272638
13168272641
13168272642
13168272646
13168272650
13168272664
13168272665
13168272671
13168272673
13168272674
13168272675
13168272676
13168272681
13168272684
13168272691
13168272710
13168272714
13168272723
13168272726
13168272744
13168272745
13168272746
13168272747
13168272748
13168272753
13168272754
13168272761
13168272762
13168272769
13168272774
13168272776
13168272784
13168272785
13168272793
13168272794
13168272795
13168272805
13168272812
13168272817
13168272825
13168272834
13168272844
13168272845
13168272849
13168272854
13168272856
13168272862
13168272864
13168272875
13168272883
13168272891
13168272892
13168272894
13168272897
13168272903
13168272907
13168272909
13168272916
13168272923
13168272924
13168272925
13168272930
13168272931
13168272934
13168272935
13168272941
13168272942
13168272944
13168272945
13168272946
13168272947
13168272953
13168272956
13168272961
13168272964
13168272965
13168272971
13168272972
13168272974
13168272984
13168272994
13168272996
13168272997
13168273004
13168273007
13168273013
13168273014
13168273024
13168273044
13168273045
13168273046
13168273049
13168273050
13168273054
13168273057
13168273061
13168273062
13168273063
13168273064
13168273067
13168273069
13168273072
13168273074
13168273075
13168273080
13168273081
13168273094
13168273095
13168273096
13168273103
13168273104
13168273105
13168273107
13168273109
13168273112
13168273114
13168273116
13168273120
13168273127
13168273130
13168273134
13168273135
13168273138
13168273140
13168273141
13168273142
13168273144
13168273145
13169054930
13192112672
13217670874
13217671342
13217671503
13217671561
13217671564
13217671609
13217671635
13217671791
13217671794
13217671871
13217671973
13217672071
13217672094
13217672139
13217672241
13217672254
13217672392
13217672517
13217672674
13217672875
13217680241
13217680441
13217680443
13217680461
13217680473
13217680474
13217680479
13217680485
13217680491
13217680494
13217680497
13217680514
13217680534
13217680541
13217680544
13217680557
13217680559
13217680570
13217680572
13217680585
13217680597
13217680614
13217680641
13217680642
13217680643
13217680682
13217680945
13217681135
13217681162
13217681253
13217681283
13217681285
13217681325
13217681457
13217681467
13217681471
13217681472
13217681473
13217681474
13217681475
13217681480
13217681483
13217681495
13217681503
13217681504
13217681514
13217681531
13217681542
13217681545
13217681549
13217681572
13217681579
13217681642
13217681645
13217681649
13217681657
13217681671
13217681674
13217681675
13217681679
13217681694
13217681695
13217681701
13217681704
13217681713
13217681714
13217681745
13217681747
13217681774
13217681823
13217681827
13217681834
13217681835
13217681837
13217681841
13217681843
13217681846
13217681847
13217681857
13217681874
13217681904
13217681912
13217681937
13217681941
13217681943
13217681957
13217681964
13217681970
13217682041
13217682063
13217682072
13217682073
13217682094
13217682095
13217682114
13217682131
13217682143
13217682149
13217682151
13217682153
13217682154
13217682197
13217682213
13217682214
13217682217
13217682243
13217682249
13217682273
13217682374
13217682381
13217682384
13217682385
13217682402
13217682403
13217682417
13217682441
13217682459
13217682462
13217682464
13217682469
13217682472
13217682474
13217682479
13217682494
13217682514
13217682541
13217682544
13217682545
13217682554
13217682565
13217682593
13217682634
13217682635
13217682641
13217682654
13217682684
13217682734
13217682740
13217682745
13217682774
13217682780
13217682810
13217682814
13217682817
13217682854
13217682857
13217682859
13217682874
13217682875
13217682879
13217682914
13217682927
13217682937
13217682940
13217682951
13217682962
13217682984
13217682994
13217683017
13217683024
13217683027
13217683037
13217683043
13217683049
13217683057
13217683094
13217683097
13217683102
13217683121
13217683124
13217683147
13217683157
13217683167
13217683184
13217683207
13217683214
13217683219
13217683247
13217683252
13217683254
13217683264
13217683349
13217683361
13217683362
13217683384
13217683394
13217683405
13217683454
13217683462
13217683507
13217683514
13217683515
13217683541
13217683595
13217683597
13217683602
13217683613
13217683637
13217683674
13217683681
13217683697
13217683701
13217683704
13217683705
13217683712
13217683713
13217683724
13217683741
13217683752
13217683754
13217683814
13217683829
13217683841
13217683847
13217683874
13217683917
13217683924
13217683927
13217683934
13217683957
13217683984
13217683997
13217684025
13217684059
13217684107
13217684121
13217684134
13217684135
13217684145
13217684187
13217684232
13217684259
13217684317
13217684349
13217684361
13217684394
13217684415
13217684439
13217684472
13217684482
13217684595
13217684661
13217684735
13217684764
13217684902
13217684944
13217685021
13217685061
13217685141
13217685152
13217685174
13217685175
13217685224
13217685237
13217685262
13217685293
13217685307
13217685442
13217685461
13217685470
13217685492
13217685531
13217685573
13217685594
13217685683
13217685692
13217685760
13217685903
13217685944
13217686047
13217686091
13217686150
13217686193
13217686201
13217686237
13217686275
13217686310
13217686312
13217686352
13217686354
13217686361
13217686365
13217686449
13217686472
13217686523
13217686539
13217686549
13217686563
13217686564
13217686583
13217686587
13217686670
13217686674
13217686704
13217686715
13217686721
13217686724
13217686737
13217686741
13217686749
13217686754
13217686761
13217686783
13217686794
13217686843
13217686874
13217686904
13217686943
13217686944
13217686953
13217686962
13217686971
13217686981
13217686994
13217687017
13217687024
13217687041
13217687043
13217687044
13217687059
13217687094
13217687103
13217687109
13217687134
13217687141
13217687145
13217687147
13217687149
13217687154
13217687164
13217687167
13217687175
13217687182
13217687184
13217687194
13217687195
13217687240
13217687244
13217687247
13217687251
13217687273
13217687285
13217687287
13217687292
13217687295
13217687297
13217687305
13217687341
13217687349
13217687351
13217687362
13217687364
13217687382
13217687393
13217687394
13217687412
13217687419
13217687427
13217687437
13217687442
13217687449
13217687450
13217687471
13217687475
13217687494
13217687543
13217687547
13217687570
13217687573
13217687574
13217687609
13217687624
13217687640
13217687673
13217687740
13217687742
13217687784
13217687790
13217687804
13217687821
13217687832
13217687834
13217687849
13217687854
13226100154
13226100357
13226100384
13226100742
13226100941
13226100957
13226100984
13226101054
13226101137
13226101164
13226101184
13226101247
13226101287
13226101424
13226101457
13226101461
13226101560
13226101754
13226101794
13226101846
13226101871
13226101874
13226101897
13226101904
13226101924
13226101942
13226101952
13226101957
13226101963
13226101971
13226101976
13226102072
13226102103
13226102104
13226102117
13226102141
13226102143
13226102145
13226102149
13226102154
13226102173
13226102176
13226102195
13226102197
13226102247
13226102275
13226102367
13226102371
13226102387
13226102401
13226102414
13226102415
13226102419
13226102440
13226102447
13226102454
13226102491
13226102497
13226102504
13226102572
13226102574
13226102575
13226102584
13226102624
13226102625
13226102637
13226102675
13226102714
13226102715
13226102725
13226102742
13226102747
13226102749
13226102764
13226102781
13226102782
13226102784
13226102795
13226102817
13226102821
13226102842
13226102869
13226102871
13226102874
13226102875
13226102973
13226102984
13226103049
13226103071
13226103074
13226103092
13226103104
13226103124
13226103142
13226103143
13226103149
13226130141
13226130284
13226130301
13226130384
13226130474
13226130492
13226130544
13226130684
13226130874
13226131064
13226131071
13226131275
13226131347
13226131462
13226131496
13226131701
13226131747
13226131795
13226132041
13226132067
13226132354
13226132363
13226132395
13226132447
13226132451
13226132493
13226132726
13226132872
13226132942
13226133204
13226133471
13226133473
13226133547
13226134052
13226134246
13226134251
13226134254
13226134281
13226134460
13226134467
13226134473
13226134475
13226134481
13226134547
13226134637
13226134647
13226134651
13226134671
13226134694
13226134704
13226134707
13226134791
13226134794
13226134797
13226134807
13226134814
13226134851
13226134894
13226134912
13226134957
13226134976
13226135282
13226135341
13226135443
13226135446
13226135458
13226135631
13226135637
13226135693
13226135761
13226135873
13226136102
13226136174
13226136184
13226136192
13226136254
13226136274
13226136295
13226136314
13226136337
13226136341
13226136342
13226136346
13226136364
13226136384
13226136394
13226136395
13226136404
13226136407
13226136409
13226136410
13226136426
13226136441
13226136442
13226136447
13226136467
13226136471
13226136472
13226136475
13226136484
13226136490
13226136496
13226136514
13226136516
13226136524
13226136525
13226136544
13226136557
13226136645
13226136647
13226136649
13226136704
13226136714
13226136741
13226136744
13226136747
13226136757
13226136761
13226136773
13226136774
13226136782
13226136791
13226136804
13226136817
13226136824
13226136834
13226136840
13226136851
13226136870
13226136873
13226136894
13226136895
13226136912
13226136913
13226136927
13226136932
13226136934
13226136940
13226136941
13226136942
13226136944
13226136954
13226136957
13226136967
13226136972
13226137013
13226137024
13226137026
13226137034
13226137036
13226137042
13226137045
13226137048
13226140857
13226145267
13242571135
13242571947
13242571963
13242572087
13242572185
13242573762
13242573834
13242591271
13242596085
13242596093
13242596136
13242596179
13242596251
13242596273
13242596275
13242596301
13242596379
13242596517
13242596709
13242597385
13242597390
13242597428
13242597475
13242597476
13242597482
13242597495
13242597501
13242597519
13242597615
13242597621
13242597651
13242597709
13242597746
13242597785
13242597807
13242597840
13242597851
13242597925
13242597941
13242597943
13242598019
13242598053
13242598071
13242598073
13242598096
13242598104
13242598119
13242598131
13242598135
13242598212
13242598245
13242598279
13242598304
13242598307
13242598347
13242598376
13242598403
13242598410
13242598431
13242598450
13242598453
13242598461
13242598462
13242598561
13242598605
13242598641
13242598740
13242598745
13242599357
13242599651
13242599724
13242599731
13242599737
13242599751
13242599794
15521610137
15521610165
15521610317
15521610324
15521610360
15521610364
15521610439
15521610472
15521610692
15521610715
15521610743
15521610780
15521610852
15521610941
15521610965
15521610967
15521611034
15521611096
15521611223
15521611309
15521611436
15521611473
15521611634
15521611854
15521611954
15521611957
15521611964
15521612075
15521612079
15521612094
15521612145
15521612187
15521612276
15521612283
15521612317
15521612327
15521612381
15521612417
15521612420
15521612434
15521612521
15521612546
15521612597
15521612627
15521612664
15521612687
15521612794
15521612844
15521613043
15521613479
15521613514
15521613724
15521614067
15521614106
15521614172
15521614249
15521614264
15521614326
15521614329
15521614374
15521614396
15521614404
15521614406
15521614427
15521614434
15521614464
15521614474
15521614485
15521614493
15521614494
15521614497
15521614524
15521614554
15521614594
15521614632
15521614634
15521614644
15521614649
15521614653
15521614685
15521614739
15521614742
15521614759
15521614761
15521614764
15521614921
15521614936
15521614947
15521614948
15521614954
15521614961
15521614965
15521614973
15521614984
15521615073
15521615097
15521615243
15521615291
15521615324
15521615344
15521615401
15521615403
15521615413
15521615436
15521615437
15521615475
15521615480
15521615542
15521615547
15521615574
15521615584
15521615674
15521615721
15521615744
15521615754
15521615845
15521615874
15521616094
15521616365
15521616407
15521616473
15521616526
15521616735
15521616741
15521616907
15521616984
15521617073
15521617084
15521617103
15521617186
15521617229
15521617230
15521617304
15521617367
15521617369
15521617439
15521617449
15521617576
15521617593
15521617705
15521617756
15521617835
15521617836
15521617927
15521617943
15521617953
15521618572
15521621531
15521621784
15521622057
15521623027
15521623105
15521623594
15521623634
15521623894
15521623946
15521624034
15521624041
15521624065
15521626837
15521627902
15521628142
15521628342
15521628347
15521628404
15521628429
15521628451
15521628452
15521628465
15521628470
15521628471
15546780126
15546780130
15546780164
15546780285
15546780331
15546780361
15546780362
15546780364
15546780370
15546780372
15546780373
15546780374
15546780375
15546780376
15546780384
15546780397
15546780413
15546780417
15546780436
15546780495
15546780516
15546780524
15546780597
15546780605
15546780673
15546780743
15546780971
15546780995
15546781071
15546781074
15546781145
15546781151
15546781387
15546781504
15546781637
15546781951
15546782442
15546782514
15546782542
15546782674
15546782681
15546782751
15546782761
15546782967
15546782982
15546783042
15546783379
15546783392
15546783560
15546783627
15546783663
15546783705
15546783864
15546783937
15546784062
15546784136
15546784183
15546784193
15546784295
15546784424
15546784527
15546785004
15546785175
15546785441
15546785442
15546785443
15546785579
15546785705
15546785845
15546786195
15546786206
15546786271
15546786306
15546786720
15546787927
15546788063
15546788143
15546788643
15546789751
15546789812
15546790297
15546790471
15546790474
15546790491
15546790493
15546790531
15546790537
15546790632
15546790642
15546790721
15546790724
15546790743
15546790746
15546790763
15546790784
15546790874
15546790894
15546790964
15546790973
15546791045
15546791064
15546791092
15546791241
15546791334
15546791394
15546791427
15546791457
15546791534
15546791547
15546791659
15546791749
15546791837
15546791842
15546791954
15546791964
15546791982
15546792657
15546793404
15546793406
15546793417
15546793571
15546793607
15546793612
15546793617
15546793627
15546793643
15546793644
15546793652
15546793705
15546793720
15546793734
15546793745
15546793748
15546793803
15546793894
15546793912
15546793927
15546793951
15546793964
15546793975
15546794015
15546794023
15546794037
15546794043
15546794052
15546794084
15546794091
15546794109
15546794167
15546794178
15546794213
15546794253
15546794273
15546794361
15546794362
15546794367
15546794405
15546794427
15546794429
15546794437
15546794583
15546794607
15546794641
15546794682
15546794703
15546794712
15546794714
15546794726
15546794729
15546794752
15546794753
15546794764
15546794783
15546794791
15546794792
15546794793
15546794810
15546794814
15546794821
15546794823
15546794847
15546794852
15546794864
15546794871
15546794894
15546794905
15546794924
15546794936
15546794941
15546794954
15546794957
15546794964
15546794973
15546794985
15546795041
15546795064
15546795092
15546795142
15546795149
15546795184
15546795197
15546795274
15546795294
15546795357
15546795361
15546795407
15546795472
15546795487
15546795515
15546795525
15546795565
15546795603
15546795674
15546795691
15546795693
15546795715
15546795742
15546795743
15546795745
15546795784
15546795792
15546795814
15546795917
15546795927
15546795943
15546796109
15546796142
15546796151
15546796170
15546796174
15546796215
15546796230
15546796254
15546796279
15546796281
15546796352
15546796374
15546796390
15546796401
15546796409
15546796419
15546796425
15546796426
15546796474
15546796494
15546796514
15546796542
15546796549
15546796584
15546796714
15546796724
15546796740
15546796741
15546796744
15546796764
15546796794
15546796804
15546796824
15546796841
15546796844
15546796847
15546796849
15546796894
15546796940
15546796945
15546796954
15546797014
15546797043
15546797045
15546797094
15546797104
15546797143
15546797194
15546797240
15546797245
15546797304
15546797342
15546797344
15546797394
15546797441
15546797454
15546797524
15546797531
15546797541
15546797542
15546797543
15546797624
15546797640
15546797649
15546797664
15546797714
15546797754
15546797794
15546797844
15546797954
15546797984
15546798023
15546798044
15546798047
15546798051
15546798067
15546798104
15546798131
15546798135
15546798143
15546798145
15546798147
15546798150
15546798164
15546798172
15546798175
15546798197
15546798213
15546798244
15546798261
15546798314
15546798317
15546798325
15546798342
15546798358
15546798361
15546798373
15546798394
15546798402
15546798409
15546798413
15546798419
15546798421
15546798424
15546798439
15546798454
15546798461
15546798474
15546798493
15546798525
15546798537
15546798557
15546798584
15546798590
15546798592
15546798605
15546798640
15546798647
15546798652
15546798670
15546798713
15546798732
15546798741
15546798745
15546798752
15546798772
15546798774
15546798794
15546798854
15546798931
15546798943
15546798975
15546799024
15546799124
15546799127
15546799142
15546799145
15546799152
15546799165
15546799172
15546799204
15546799280
15546799312
15546799402
15546799415
15546799421
15546799463
15546799464
15546799483
15546799485
15546799491
15546799503
15546799532
15546799542
15546940024
15546940134
15546940257
15546940289
15546940291
15546940314
15546940324
15546940374
15546940375
15546940454
15546940463
15546940541
15546940559
15546940563
15546940761
15546941042
15546941046
15546941431
15546941463
15546941481
15546941572
15546941608
15546941673
15546941736
15546941741
15546941932
15546942431
15546942457
15546942463
15546942496
15546942546
15546942592
15546942641
15546942742
15546942751
15546942904
15546943461
15546944139
15546944780
15546944815
15546944832
15546945101
15546945136
15546945170
15546945174
15546945244
15546945249
15546945283
15546945372
15546945491
15546945684
15546945691
15546945716
15546945761
15546946019
15546946032
15546946105
15546946147
15546946171
15546946179
15546946217
15546946249
15546946273
15546946283
15546947015
15546947025
15546947102
15546947204
15546947213
15546947223
15546947253
15546947257
15546947293
15546947651
15546947671
15546947923
15546948025
15546948419
15546948625
15546948632
15546948732
15546948916
15546948923
15546949173
15546949217
15546949517
15546949647
15546949712
15546949713
15546949735
15546949743
15546970343
15546970393
15546970483
15546970544
15546970582
15546970584
15546971045
15546971064
15546971363
15546971367
15546971384
15546971454
15546971462
15546971470
15546971474
15546971490
15546971497
15546971524
15546971540
15546971562
15546971629
15546971644
15546971649
15546971674
15546971701
15546972149
15546972153
15546972165
15546972174
15546972184
15546972259
15546972304
15546972342
15546972394
15546972407
15546972414
15546972421
15546972447
15546972617
15546972642
15546972644
15546972647
15546972673
15546972707
15546972735
15546972740
15546972751
15546972764
15546972784
15546972809
15546972831
15546972834
15546972842
15546972849
15546972854
15546972864
15546972873
15546972903
15546972914
15546972934
15546972974
15546973043
15546973049
15546973051
15546973081
15546973151
15546973161
15546973164
15546973187
15546973217
15546973251
15546973257
15546973294
15546973384
15546973426
15546973432
15546973487
15546973504
15546973527
15546973534
15546973540
15546973546
15546973645
15546973675
15546973706
15546973794
15546973814
15546973824
15546973847
15546973871
15546973894
15546973914
15546973943
15546973972
15546973975
15546974015
15546974064
15546974083
15546974084
15546974094
15546974095
15546974121
15546974127
15546974143
15546974152
15546974153
15546974165
15546974169
15546974215
15546974235
15546974238
15546974246
15546974264
15546974280
15546974281
15546974301
15546974314
15546974347
15546974362
15546974373
15546974375
15546974391
15546974392
15546974461
15546974491
15546974513
15546974517
15546974532
15546974534
15546974557
15546974572
15546974573
15546974594
15546974601
15546974607
15546974614
15546974623
15546974637
15546974672
15546974683
15546974705
15546974712
15546974749
15546974751
15546974782
15546974783
15546974784
15546974804
15546974807
15546974831
15546974835
15546974864
15546974871
15546974873
15546974906
15546974907
15546974931
15546974934
15546974937
15546974942
15546974954
15546974963
15546974974
15546974975
15546974982
15546975024
15546975046
15546975104
15546975134
15546975140
15546975143
15546975192
15546975194
15546975197
15546975244
15546975247
15546975254
15546975261
15546975264
15546975274
15546975324
15546975334
15546975374
15546975401
15546975402
15546975406
15546975425
15546975464
15546975467
15546975472
15546975486
15546975615
15546975629
15546975645
15546975646
15546975649
15546975694
15546975702
15546975713
15546975723
15546975831
15546975834
15546975842
15546975845
15546975854
15546975872
15546975873
15546975902
15546975913
15546975914
15546975941
15546975942
15546975943
15546975947
15546976014
15546976021
15546976034
15546976043
15546976044
15546976047
15546976049
15546976103
15546976129
15546976134
15546976141
15546976146
15546976193
15546976194
15546976203
15546976204
15546976207
15546976240
15546976243
15546976249
15546976257
15546976281
15546976302
15546976304
15546976312
15546976314
15546976319
15546976367
15546976374
15546976392
15546976401
15546976404
15546976409
15546976427
15546976434
15546976442
15546976443
15546976452
15546976454
15546976459
15546976481
15546976495
15546976504
15546976521
15546976534
15546976542
15546976547
15546976557
15546976564
15546976571
15546976572
15546976581
15546976591
15546976592
15546976647
15546976671
15546976704
15546976724
15546976732
15546976742
15546976744
15546976781
15546976794
15546976835
15546976847
15546976853
15546976864
15546976871
15546976893
15546977034
15546977143
15546977145
15546977146
15546977149
15546977153
15546977315
15546977319
15546977324
15546977334
15546977341
15546977342
15546977349
15546977358
15546977362
15546977374
15546977384
15546977394
15546977401
15546977402
15546977425
15546977442
15546977453
15546977457
15546977462
15546977465
15546977467
15546977469
15546977485
15546977491
15546977493
15546977504
15546977524
15546977541
15546977547
15546977561
15546977597
15546977621
15546977631
15546977634
15546977641
15546977647
15546977801
15546977843
15546977845
15546977854
15546977857
15546977914
15546977951
15546977980
15546977984
15546977985
15546978004
15546978021
15546978031
15546978034
15546978037
15546978044
15546978049
15546978061
15546978064
15546978092
15546978094
15546978097
15546978107
15546978142
15546978143
15546978146
15546978147
15546978167
15546978174
15546978716
15546978725
15546978735
15546978744
15546978749
15546978750
15546978762
15546978764
15546978792
15546978874
15546978903
15546978905
15546978907
15546978927
15546978931
15546978941
15546978951
15546978952
15546978960
15546978961
15546979031
15546979041
15546979057
15546979062
15546979065
15546979072
15546979075
15546979087
15546979094
15546979101
15546979104
15546979120
15546979124
15546979127
15546979130
15546979132
15546979134
15546979136
15546979140
15546979143
15546979148
15546979152
15546979154
15546979163
15546979194
15546979252
15546979274
15546979307
15546979340
15546979341
15546979343
15546979352
15546979361
15546979401
15546979402
15546979403
15546979417
15546979421
15546979424
15546979431
15546979434
15546979442
15546979482
15546979487
15546979504
15546979507
15546979516
15546979524
15546979562
15546979572
15546979574
15546979601
15546979624
15546979625
15546979653
15546979674
15546979704
15546979743
15546979754
15546979840
15546979841
15546979934
15546979946
15602790463
15602790484
15602791241
15602791542
15602791574
15602791640
15602791735
15602791736
15602792570
15602792769
15602792795
15602793043
15602793140
15602793273
15602793854
15602793957
15602793974
15602795062
15602795072
15602795374
15602796024
15602796045
15602796094
15602796269
15602796481
15602796645
15602797134
15602797451
15602797513
15602797641
15602797834
15602797847
15602798204
15602798243
15602798640
15602798714
15602798904
15602798946
15602798974
15602799243
15602799312
15602799324
15602799357
15602799403
15602799404
15627950273
15627951651
15627952393
15627953732
15627955632
15627957362
15627957592
15627957807
15627957825
15627957829
15627957831
15627957853
15627957862
15627957913
15627958136
15697680352
15697680931
15697681032
15697681506
15697682391
15697682857
15697683107
15697686223
15697687152
15697687262
15697688297
16607673149
16607674035
16676873045
16676873154
16676873404
16676873846
16676875401
18676096357
18676098541