13046105713
13046105761
13046106796
13046107265
13046107596
13046107856
13046108149
13046108571
13046110253
13046110516
13046110532
13046110753
13046110935
13046112163
13046112178
13046112382
13046112576
13046112659
13046112805
13046113109
13046113225
13046113261
13046113935
13046115743
13046115832
13046115841
13046115896
13046117258
13046117896
13046118553
13046119132
13046119263
13046119272
13046119321
13046119805
13046119823
13046120152
13046120171
13046120192
13046120272
13046120376
13046120562
13046120586
13046120596
13046120659
13046120671
13046120739
13046120786
13046120932
13046121032
13046121056
13046121061
13046121125
13046121135
13046121150
13046121151
13046121503
13046121506
13046121538
13046121592
13046121772
13046121826
13046121836
13046121976
13046122072
13046122073
13046122079
13046122672
13046122675
13046122716
13046122719
13046122743
13046122793
13046122890
13046123026
13046123592
13046123643
13046123736
13046125075
13046125256
13046125663
13046125731
13046125871
13046125985
13046126078
13046126085
13046126371
13046126513
13046126552
13046126571
13046126572
13046126653
13046127052
13046127162
13046127172
13046127196
13046127525
13046127580
13046127816
13046127819
13046127869
13046127960
13046128353
13046128570
13046128583
13046128679
13046128775
13046128930
13046128952
13046129213
13046129215
13046129279
13046129359
13046129371
13046129661
13046129783
13058241782
13058241783
13058242335
13058242336
13058242771
13058243775
13058245565
13058245585
13058245772
13058245776
13058246771
13058246773
13058246996
13058247115
13058247331
13058249301
13058249531
13060513820
13060517013
13060517297
13060517621
13060517657
13060517726
13060519593
13060519603
13060519762
13071501692
13071501720
13071501963
13071502072
13071503179
13071503707
13071503917
13071504257
13071504267
13071504297
13071504947
13071505395
13071505682
13071506093
13071506491
13071506595
13071506927
13071507208
13071507279
13071507819
13071508217
13071508587
13071508627
13071508729
13071508783
13071509063
13071509252
13071509347
13071509397
13071509437
13071509547
13071509976
13071510162
13071510187
13071510558
13071510647
13071510661
13071510721
13071511391
13071511537
13071512106
13071512387
13071512457
13071512467
13071512521
13071512547
13071513873
13071513937
13071515295
13071515867
13071515879
13071516427
13071516497
13071516607
13071516821
13071516940
13071517810
13071517835
13071517960
13071517975
13071517982
13071518059
13071518120
13071518260
13071518269
13071518270
13071518295
13071518371
13071518392
13071518595
13071518673
13071518703
13071518760
13071518915
13071519025
13071519026
13071519086
13071519175
13071519632
13071520129
13071520176
13071520179
13071520229
13071520257
13071520363
13071520375
13071520376
13071520563
13071520632
13071520647
13071520691
13071520763
13071520781
13071520795
13071520801
13071520839
13071520916
13071521053
13071521259
13071521281
13071521290
13071521329
13071521351
13071521376
13071521380
13071521457
13071521467
13071521506
13071521531
13071521539
13071521573
13071521581
13071521751
13071521791
13071521813
13071521932
13071521962
13071522031
13071522172
13071522175
13071522306
13071522370
13071522379
13071522537
13071522539
13071522738
13071522827
13071522870
13071522891
13071522895
13071522906
13071523026
13071523051
13071523071
13071523082
13071523136
13071523172
13071523173
13071523176
13071523190
13071523192
13071523259
13071523301
13071523306
13071523327
13071523572
13071523609
13071523619
13071523651
13071523652
13071523671
13071523751
13071523761
13071523787
13071523875
13071523876
13071523971
13071524517
13071524627
13071525089
13071525121
13071525191
13071525371
13071525391
13071525531
13071525562
13071525647
13071525706
13071525815
13071525823
13071525893
13071525935
13071525947
13071526087
13071526179
13071526217
13071526219
13071526231
13071526295
13071526310
13071526381
13071526390
13071526417
13071526502
13071526905
13071526976
13071527043
13071527139
13071527257
13071527340
13071527342
13071527457
13071527607
13071528125
13071528153
13071528251
13071528260
13071528303
13071528370
13071528372
13071528591
13071528692
13071528703
13071528735
13071528796
13071528935
13071528982
13071529071
13071529076
13071529106
13071529170
13071529305
13071529320
13071529552
13071529650
13071529739
13071529753
13071529769
13071529773
13071529782
13071529810
13071529865
13071530165
13071530169
13071530172
13071530192
13071530235
13071530251
13071530253
13071530256
13071530257
13071530275
13071530457
13071530497
13071530591
13071530593
13071530642
13071530653
13071530681
13071530685
13071530735
13071530739
13071530861
13071530873
13071531076
13071531079
13071531081
13071531082
13071531156
13071531195
13071531202
13071531209
13071531262
13071531265
13071531325
13071531350
13071531395
13071531512
13071531560
13071531563
13071531579
13071531631
13071531679
13071531739
13071531741
13071531751
13071531760
13071531781
13071531795
13071531873
13071531874
13071531967
13071531971
13071532025
13071532061
13071532069
13071532171
13071532310
13071532385
13071532517
13071532647
13071532732
13071532736
13071532750
13071532761
13071532769
13071532781
13071532801
13071532804
13071532805
13071532863
13071532916
13071532921
13071533056
13071533081
13071533172
13071533205
13071533502
13071533687
13071533763
13071533829
13071534947
13071535026
13071535081
13071535103
13071535121
13071535159
13071535163
13071535169
13071535178
13071535179
13071535216
13071535236
13071535261
13071535281
13071535615
13071535631
13071535693
13071535702
13071535703
13071535716
13071535721
13071535730
13071535736
13071535750
13071535786
13071535795
13071535812
13071535819
13071535825
13071535826
13071535870
13071535872
13071535876
13071535892
13071535916
13071535951
13071535970
13071536013
13071536051
13071536179
13071536202
13071536213
13071536239
13071536252
13071536270
13071536319
13071536326
13071536381
13071536503
13071536505
13071536509
13071536513
13071536672
13071536679
13071536721
13071536729
13071536753
13071536756
13071536802
13071536805
13071536821
13071536861
13071536932
13071536985
13071537039
13071537056
13071537089
13071537136
13071537215
13071537252
13071537283
13071537298
13071537501
13071537503
13071537516
13071537562
13071537581
13071537592
13071537595
13071537613
13071537621
13071537635
13071537656
13071537682
13071537691
13071537692
13071537721
13071537781
13071537812
13071537836
13071537852
13071537863
13071537912
13071537916
13071537925
13071537939
13071537983
13071538056
13071538178
13071538253
13071538390
13071538513
13071538516
13071538571
13071538579
13071538603
13071538615
13071538621
13071538653
13071538695
13071538721
13071538736
13071538751
13071538762
13071538792
13071538935
13071538951
13071538965
13071538975
13071539021
13071539076
13071539121
13071539165
13071539195
13071539197
13071539256
13071539526
13071539605
13071539631
13071539785
13071539863
13071539872
13071541085
13071541487
13071541607
13071541647
13071542317
13071542547
13071542657
13071543027
13071543627
13071545027
13071545791
13071545942
13071545967
13071546307
13071546407
13071546470
13071546507
13071546747
13071563791
13071565972
13071565973
13071566172
13071566201
13071566235
13071566376
13071566701
13071566709
13071566725
13071566732
13071566751
13071566791
13071566792
13071566793
13071567051
13071567127
13071567163
13071567210
13071567262
13071567361
13071567381
13071567382
13071567502
13071567509
13071567512
13071567513
13071567526
13071567532
13071567561
13071567571
13071567583
13071567721
13071567725
13071567759
13071567762
13071567873
13071567902
13071567952
13071567963
13071567965
13071567971
13071567972
13071567973
13071567981
13071568025
13071568073
13071568105
13071568162
13071568193
13071568196
13071568206
13071568269
13071568275
13071568278
13071568316
13071568350
13071568351
13071568381
13071568393
13071568395
13071568509
13071568572
13071568579
13071568623
13071568652
13071568716
13071568751
13071568752
13071568756
13071568762
13071568791
13071568902
13071568916
13071568926
13071568956
13071568962
13071568970
13071568975
13071568981
13071569026
13071569050
13071569172
13071569201
13071569239
13071569251
13071569280
13071569359
13071569375
13071569561
13071569576
13071569586
13071569631
13071569672
13071569673
13071569706
13071569719
13071569739
13071569760
13071569782
13071569785
13071569796
13071569803
13071569823
13071569825
13071569831
13071569870
13071570769
13071570792
13071570835
13071570892
13071571732
13071571831
13071571926
13071572015
13071572109
13071572113
13071572193
13071572576
13071572590
13071572605
13071572635
13071572681
13071572701
13071572759
13071572795
13071572891
13071572931
13071573025
13071573051
13071573106
13071573169
13071573263
13071573652
13071573683
13071573912
13071573915
13071573981
13071575231
13071575302
13071575639
13071575936
13071575963
13071576063
13071576159
13071576163
13071576260
13071576293
13071576325
13071576362
13071576585
13071576718
13071576831
13071576835
13071576905
13071576912
13071576923
13071577083
13071577219
13071577263
13071577325
13071577392
13071577396
13071577621
13071577652
13071578069
13071578269
13071578325
13071578362
13071578379
13071578593
13071578629
13071579026
13071579056
13071579075
13071579081
13071579150
13071579176
13071579325
13071579336
13071579352
13071579612
13071579635
13071579652
13071579810
13168210232
13168210251
13168210262
13168210265
13168210290
13168210292
13168210296
13168210371
13168210392
13168210395
13168210562
13168210572
13168210581
13168210591
13168210631
13168210639
13168210653
13168210676
13168210679
13168210751
13168210763
13168210765
13168210837
13168210870
13168210875
13168210879
13168210931
13168210961
13168210970
13168210971
13168210972
13168211038
13168211053
13168211071
13168211072
13168211073
13168211256
13168211259
13168211278
13168211362
13168211501
13168211536
13168211569
13168211573
13168211578
13168211603
13168211657
13168211670
13168211690
13168211706
13168211783
13168211872
13168211925
13168211935
13168211956
13168212056
13168212061
13168212257
13168212352
13168212353
13168212357
13168212371
13168212392
13168212503
13168212530
13168212596
13168212683
13168212702
13168212716
13168212731
13168212732
13168212751
13168212759
13168212763
13168212782
13168212857
13168212907
13168212951
13168212963
13168212965
13168212971
13168213061
13168213102
13168213160
13168213165
13168213191
13168213291
13168213365
13168213371
13168213515
13168213519
13168213569
13168213592
13168213652
13168213691
13168213706
13168213708
13168213729
13168213861
13168213870
13168215016
13168215030
13168215193
13168215195
13168215293
13168215306
13168215309
13168215350
13168215370
13168215375
13168215709
13168215731
13168215739
13168215752
13168215772
13168215781
13168215829
13168215837
13168215862
13168215930
13168215965
13168216109
13168216193
13168216230
13168216351
13168216517
13168216715
13168216719
13168216907
13168216975
13168217015
13168217021
13168217026
13168217052
13168217059
13168217062
13168217063
13168217075
13168217517
13168217812
13168217829
13168217871
13168217913
13168217932
13168218017
13168218062
13168218175
13168218203
13168218231
13168218235
13168218290
13168218293
13168218372
13168218395
13168218512
13168218517
13168218535
13168218539
13168218562
13168218578
13168218591
13168218592
13168218593
13168218676
13168218705
13168218715
13168218723
13168218732
13168218735
13168218751
13168218790
13168218793
13168218905
13168218932
13168218953
13168219032
13168219053
13168219073
13168219207
13168219260
13168219263
13168219306
13168219530
13168219562
13168219563
13168219572
13168219581
13168219691
13168219705
13168219720
13168219723
13168219831
13168219839
13168219956
13168219975
13168220572
13169486872
13169486890
13169486912
13169486923
13169486932
13169486952
13169487015
13169487023
13169487036
13169487138
13169487139
13169487156
13169487170
13169487192
13169487203
13169487205
13169487206
13169487259
13169487263
13169487278
13169487293
13169487313
13169487353
13169487395
13169487510
13169487531
13169487532
13169487538
13169487560
13169487565
13169487571
13169487576
13169487580
13169487602
13169487603
13169487605
13169487608
13169487612
13169487621
13169487629
13169487632
13169487639
13169487681
13169487701
13169487735
13169487738
13169487765
13169487801
13169487810
13169487812
13169487850
13169487852
13169487861
13169487863
13169487891
13169487903
13169487912
13169487950
13169487952
13169487965
13169487980
13169487981
13169488087
13169488091
13169488130
13169488173
13169488232
13169488263
13169488276
13169488370
13169488391
13169488395
13169488506
13169488531
13169488560
13169488563
13169488630
13169488631
13169488675
13169488702
13169488705
13169488713
13169488726
13169488730
13169488732
13169488753
13169488763
13169488781
13169488905
13169488951
13169489013
13169489025
13169489031
13169489069
13169489081
13169489086
13169489106
13169489128
13169489150
13169489151
13169489156
13169489161
13169489163
13169489170
13169489172
13169489181
13169489201
13169489203
13169489209
13169489212
13169489216
13169489231
13169489236
13169489265
13169489273
13169489280
13169489281
13169489285
13169489301
13169489302
13169489303
13169489310
13172850136
13172850139
13172850150
13172850153
13172850169
13172850191
13172850231
13172850236
13172850256
13172850263
13172850286
13172850290
13172850298
13172850352
13172850361
13172850363
13172850365
13172850371
13172850532
13172850539
13172850561
13172850570
13172850572
13172850650
13172850656
13172850671
13172850672
13172850691
13172850736
13172850739
13172850750
13172850751
13172850752
13172850763
13172850782
13172850783
13172850785
13172850793
13172850893
13172850935
13172850982
13172851050
13172851056
13172851061
13172851063
13172851085
13172851152
13172851160
13172851182
13172851193
13172851252
13172851262
13172851281
13172851292
13172851293
13172851305
13172851352
13172851360
13172851365
13172851376
13172851381
13172851382
13172851582
13172851593
13172851596
13172851603
13172851610
13172851625
13172851631
13172851652
13172851672
13172851675
13172851695
13172851705
13172851709
13172851726
13172851739
13172851750
13172851781
13172851791
13172851793
13172851796
13172851803
13172851823
13172851825
13172851836
13172851861
13172851862
13172851870
13172851890
13172851903
13172851905
13172851906
13172851909
13172851921
13172851932
13172851935
13172851950
13172851959
13172851960
13172851963
13172851975
13172851979
13172852013
13172852017
13172852026
13172852031
13172852071
13172852073
13172852093
13172852101
13172852105
13172852125
13172852132
13172852156
13172852160
13172852169
13172852170
13172852173
13172852176
13172852219
13172852263
13172852302
13172852305
13172852309
13172852312
13172852316
13172852326
13172852327
13172852503
13172852512
13172852531
13172852536
13172852539
13172852562
13172852572
13172852575
13172852590
13172852596
13172852613
13172852652
13172852670
13172852675
13172852676
13172852690
13172852702
13172852718
13172852725
13172852751
13172852756
13172852759
13172852763
13172852780
13172852790
13172852792
13172852803
13172852805
13172852870
13172852892
13172852902
13172852903
13172852907
13172852923
13172852963
13172853021
13172853072
13172853073
13172853076
13172853083
13172853093
13172853121
13172853150
13172853170
13172853183
13172853185
13172853219
13172853270
13172853272
13172853280
13172853290
13172853293
13172853309
13172853352
13172853356
13172853361
13172853370
13172853391
13172853395
13172853502
13172853510
13172853537
13172853561
13172853573
13172853576
13172853579
13172853591
13172853601
13172853602
13172853613
13172853619
13172853621
13172853629
13172853670
13172853673
13172853679
13172853680
13172853696
13172853706
13172853739
13172853756
13172853758
13172853759
13172853785
13172853790
13172853806
13172853812
13172853825
13172853826
13172853860
13172853870
13172853896
13172853901
13172853902
13172853910
13172853917
13172853923
13172853971
13172853973
13172853978
13172855015
13172855016
13172855023
13172855032
13172855036
13172855062
13172855076
13172870381
13172871057
13172871291
13172871361
13172871672
13172872016
13172872135
13172872383
13172872650
13172873013
13172873091
13172873121
13172873259
13172873320
13172873626
13172873629
13172873671
13172873805
13172873975
13172873985
13172875126
13172875195
13172875635
13172875639
13172876125
13172876329
13172876758
13172877039
13172877236
13172877301
13172877651
13172877673
13172877895
13172878126
13172878307
13172878605
13172878926
13172878952
13172879151
13172879257
13172879307
13172879361
13184881057
13184881063
13184881087
13184881267
13184881317
13184881601
13184881602
13184881603
13184881637
13184881726
13184881735
13184881736
13184881753
13184881763
13184881773
13184881790
13184881873
13184881957
13184881961
13184881965
13184882051
13184882056
13184882059
13184882070
13184882085
13184882102
13184882115
13184882126
13184882129
13184882136
13184882162
13184882173
13184882175
13184882176
13184882179
13184882193
13184882207
13184882301
13184882319
13184882321
13184882325
13184882327
13184882365
13184882387
13184882503
13184882507
13184882516
13184882531
13184882557
13184882561
13184882563
13184882565
13184882573
13184882575
13184882652
13184883692
13192505937
13192506570
13192508167
13192509107
13192510019
13192510031
13192510057
13192510063
13192510067
13192510097
13192510137
13192510187
13192510197
13192510230
13192510231
13192510232
13192510235
13192510236
13192510237
13192510252
13192510256
13192510258
13192510259
13192510260
13192510261
13192510263
13192510267
13192510270
13192510271
13192510272
13192510273
13192510275
13192510279
13192510280
13192510281
13192510283
13192510287
13192510292
13192510293
13192510298
13192510351
13192510356
13192510361
13192510363
13192510365
13192510371
13192510372
13192510375
13192510379
13192510380
13192510382
13192510385
13192510386
13192510391
13192510532
13192510535
13192510536
13192510539
13192510560
13192510561
13192510570
13192510571
13192510573
13192510576
13192510585
13192510587
13192510591
13192510592
13192510631
13192510639
13192510650
13192510651
13192510656
13192510659
13192510679
13192510680
13192510681
13192510683
13192510692
13192510695
13192510696
13192510738
13192510739
13192510750
13192510751
13192510752
13192510756
13192510760
13192510765
13192510780
13192510782
13192510783
13192510786
13192510790
13192510836
13192510851
13192510852
13192510853
13192510861
13192510867
13192510875
13192510892
13192510896
13192510935
13192510936
13192510938
13192510950
13192510958
13192510960
13192510962
13192510969
13192510975
13192510976
13192510983
13192510986
13192511060
13192511061
13192511076
13192511079
13192511085
13192511089
13192511256
13192511286
13192511287
13192511296
13192511315
13192511326
13192511327
13192511350
13192511351
13192511359
13192511362
13192511363
13192511365
13192511373
13192511380
13192511383
13192511385
13192511386
13192511387
13192511389
13192511390
13192511395
13192511397
13192511502
13192511523
13192511570
13192511572
13192511581
13192511589
13192511602
13192511605
13192511610
13192511621
13192511627
13192511635
13192511651
13192511671
13192511685
13192511690
13192511692
13192511695
13192511715
13192511730
13192511738
13192511752
13192511759
13192511763
13192511769
13192511785
13192511792
13192511798
13192511807
13192511821
13192511825
13192511861
13192511875
13192511896
13192511936
13192511958
13192512056
13192512059
13192512073
13192512080
13192512091
13192512095
13192512096
13192512098
13192512103
13192512105
13192512109
13192512163
13192512169
13192512172
13192512189
13192512192
13192512195
13192512205
13192512231
13192512237
13192512253
13192512259
13192512265
13192512316
13192512329
13192512359
13192512371
13192512373
13192512382
13192512390
13192512398
13192512508
13192512523
13192512526
13192512529
13192512530
13192512535
13192512536
13192512562
13192512571
13192512572
13192512579
13192512583
13192512603
13192512609
13192512670
13192512676
13192512682
13192512687
13192512702
13192512721
13192512723
13192512781
13192512783
13192512793
13192512796
13192512798
13192512810
13192512813
13192512816
13192512825
13192512835
13192512836
13192512858
13192512859
13192512861
13192512873
13192512875
13192512890
13192512891
13192512901
13192512905
13192512908
13192512910
13192512916
13192512925
13192512935
13192512951
13192512971
13192512985
13192512986
13192513019
13192513026
13192513032
13192513035
13192513039
13192513053
13192513059
13192513073
13192513075
13192513092
13192513156
13192513169
13192513170
13192513180
13192513181
13192513182
13192513196
13192513203
13192513212
13192513215
13192513218
13192513231
13192513250
13192513251
13192513256
13192513263
13192513265
13192513272
13192513286
13192513293
13192513295
13192513296
13192513308
13192513312
13192513319
13192513351
13192513356
13192513391
13192513501
13192513508
13192513519
13192513525
13192513526
13192513530
13192513572
13192513580
13192513582
13192513591
13192513595
13192513603
13192513609
13192513619
13192513651
13192513673
13192513675
13192513691
13192513701
13192513708
13192513709
13192513710
13192513713
13192513716
13192513735
13192513739
13192513753
13192513761
13192513763
13192513786
13192513801
13192513806
13192513809
13192513856
13192513870
13192513873
13192513878
13192513890
13192513893
13192513903
13192513909
13192513910
13192513915
13192513927
13192513928
13192513929
13192513932
13192513938
13192513953
13192513956
13192513959
13192513971
13192513976
13192513978
13192515019
13192515021
13192515023
13192515027
13192515031
13192515038
13192515057
13192515073
13192515082
13192515083
13192515087
13192515091
13192515102
13192515109
13192515165
13192515190
13192515191
13192515230
13192515231
13192515239
13192515250
13192515259
13192515262
13192515267
13192515273
13192515293
13192515297
13192515307
13192515312
13192515313
13192515316
13192515317
13192515321
13192515323
13192515326
13192515376
13192515378
13192515390
13192515523
13192515527
13192515537
13192515562
13192515563
13192515572
13192515590
13192515602
13192515603
13192515605
13192515609
13192515612
13192515629
13192515639
13192515650
13192515651
13192515653
13192515675
13192515697
13192515706
13192515716
13192515719
13192515721
13192515727
13192515728
13192515736
13192515739
13192515751
13192515756
13192515762
13192515765
13192515767
13192515787
13192515793
13192515797
13192515803
13192515812
13192515823
13192515830
13192515850
13192515856
13192515857
13192515861
13192515865
13192515870
13192515879
13192515890
13192515893
13192515896
13192515903
13192515907
13192515910
13192515912
13192515915
13192515925
13192515930
13192515935
13192515936
13192515937
13192515939
13192515951
13192515962
13192515965
13192515970
13192515972
13192515979
13192515980
13192516010
13192516017
13192516019
13192516021
13192516031
13192516075
13192516076
13192516079
13192516080
13192516093
13192516096
13192516102
13192516109
13192516121
13192516187
13192516196
13192516201
13192516209
13192516212
13192516216
13192516272
13192516301
13192516302
13192516303
13192516305
13192516308
13192516320
13192516329
13192516356
13192516360
13192516365
13192516387
13192516505
13192516523
13192516525
13192516531
13192516532
13192516560
13192516562
13192516563
13192516575
13192516581
13192516583
13192516587
13192516590
13192516603
13192516609
13192516610
13192516617
13192516620
13192516623
13192516629
13192516631
13192516637
13192516657
13192516670
13192516671
13192516672
13192516673
13192516687
13192516690
13192516697
13192516702
13192516703
13192516710
13192516717
13192516728
13192516731
13192516732
13192516751
13192516756
13192516759
13192516760
13192516761
13192516763
13192516768
13192516769
13192516780
13192516782
13192516787
13192516791
13192516792
13192516802
13192516812
13192516813
13192516815
13192516817
13192516820
13192516836
13192516837
13192516839
13192516852
13192516859
13192516867
13192516891
13192516892
13192516893
13192516910
13192516915
13192516920
13192516926
13192516928
13192516937
13192516957
13192516972
13192516976
13192517017
13192517025
13192517026
13192517028
13192517029
13192517031
13192517032
13192517051
13192517056
13192517059
13192517062
13192517063
13192517065
13192517073
13192517075
13192517079
13192517080
13192517082
13192517083
13192517107
13192517136
13192517137
13192517139
13192517151
13192517153
13192517159
13192517160
13192517161
13192517163
13192517169
13192517175
13192517178
13192517179
13192517193
13192517195
13192517196
13192517202
13192517212
13192517215
13192517216
13192517219
13192517235
13192517238
13192517253
13192517260
13192517262
13192517263
13192517265
13192517270
13192517285
13192517292
13192517329
13192517353
13192517360
13192517365
13192517376
13192517379
13192517381
13192517389
13192517392
13192517528
13192517535
13192517536
13192517568
13192517569
13192517571
13192517573
13192517578
13192517585
13192517586
13192517601
13192517612
13192517613
13192517615
13192517619
13192517625
13192517629
13192517630
13192517653
13192517656
13192517671
13192517672
13192517675
13192517691
13192517706
13192517708
13192517719
13192517720
13192517721
13192517725
13192517730
13192517735
13192517750
13192517752
13192517753
13192517759
13192517763
13192517783
13192517785
13192517792
13192517796
13192517801
13192517805
13192517806
13192517807
13192517816
13192517820
13192517826
13192517839
13192519562
13192519587
13192522327
13192522381
13192522385
13192522396
13192522397
13192522503
13192522517
13192522519
13192522576
13192522585
13192522586
13192522605
13192522609
13192522612
13192522613
13192522619
13192522651
13192522652
13192522670
13192522675
13192522697
13192522703
13192522752
13192522780
13192522783
13192522785
13192522791
13192522793
13192522796
13192522851
13192522852
13192522853
13192522860
13192522875
13192522876
13192522890
13192522905
13192522913
13192522951
13192522960
13192522981
13192523013
13192523016
13192523018
13192523028
13192523053
13192523071
13192523093
13192523103
13192523106
13192523108
13192523120
13192523125
13192523153
13192523157
13192523176
13192523180
13192523185
13192523187
13192523191
13192523197
13192523219
13192523256
13192523265
13192523270
13192523272
13192523275
13192523279
13192523280
13192523281
13192523307
13192523312
13192523315
13192523327
13192523350
13192523351
13192523357
13192523359
13192523365
13192523371
13192523501
13192523502
13192523503
13192523506
13192523517
13192523531
13192523560
13192523562
13192523570
13192523582
13192523596
13192523597
13192523625
13192523630
13192523635
13192523679
13192523680
13192523685
13192523705
13192523708
13192523709
13192523710
13192523716
13192523717
13192523718
13192523720
13192523728
13192523731
13192523752
13192523753
13192523756
13192523757
13192523765
13192523769
13192523782
13192523783
13192523786
13192523790
13192523791
13192523797
13192523802
13192523803
13192523806
13192523809
13192523813
13192523823
13192523837
13192523857
13192523862
13192523871
13192523872
13192523876
13192523890
13192523901
13192523903
13192523932
13192523957
13192523965
13192523967
13192523973
13192523985
13192523987
13192525021
13192525027
13192525120
13192525137
13192525169
13192525193
13192525291
13192525351
13192525362
13192525370
13192525396
13192525503
13192525509
13192532706
13192537265
13192539782
13211021335
13211021571
13211021712
13211021725
13211021753
13211021762
13211021792
13211021851
13211021975
13211022370
13211022536
13211022739
13211022879
13211023095
13211023125
13211023236
13211023506
13211023562
13211023596
13211023606
13211023703
13211023713
13226742595
13226742680
13226742903
13226742912
13226743251
13226743805
13226746102
13226747328
13226750129
13226750136
13226750153
13226750156
13226750173
13226750175
13226750231
13226750261
13226750265
13226750271
13226750272
13226750286
13226750291
13226750335
13226750351
13226750353
13226750356
13226750361
13226750365
13226750370
13226750372
13226750392
13226750552
13226750563
13226750571
13226750572
13226750576
13226750580
13226750631
13226750632
13226750635
13226750639
13226750656
13226750658
13226750673
13226750679
13226750691
13226750693
13226750731
13226750735
13226750753
13226750763
13226750769
13226750781
13226750782
13226750783
13226750792
13226750835
13226750853
13226750865
13226750870
13226750871
13226750875
13226750895
13226750930
13226750952
13226750953
13226750962
13226750963
13226750970
13226750972
13226750981
13226751038
13226751039
13226751050
13226751061
13226751073
13226751076
13226751093
13226751152
13226751163
13226751183
13226751195
13226751259
13226751261
13226751263
13226751269
13226751275
13226751279
13226751283
13226751291
13226751295
13226751302
13226751306
13226751321
13226751323
13226751326
13226751352
13226751362
13226751363
13226751371
13226751375
13226751381
13226751382
13226751391
13226751395
13226751502
13226751503
13226751530
13226751531
13226751561
13226751562
13226751573
13226751576
13226751579
13226751602
13226751603
13226751606
13226751621
13226751623
13226751632
13226751652
13226751672
13226751691
13226751712
13226751721
13226751725
13226751728
13226751736
13226751753
13226751759
13226751763
13226751781
13226751782
13226751792
13226751802
13226751803
13226751821
13226751825
13226751830
13226751831
13226751836
13226751838
13226751853
13226751856
13226751871
13226751872
13226751873
13226751902
13226751905
13226751950
13226751952
13226751960
13226751963
13226751965
13226751971
13226751975
13226752031
13226752071
13226752072
13226752081
13226752091
13226752092
13226752101
13226752103
13226752105
13226752136
13226752151
13226752152
13226752153
13226752163
13226752165
13226752175
13226752189
13226752193
13226752219
13226752262
13226752281
13226752305
13226752310
13226752325
13226752329
13226752350
13226752352
13226752370
13226752371
13226752376
13226752378
13226752392
13226752396
13226752501
13226752509
13226752512
13226752513
13226752532
13226752560
13226752579
13226752583
13226752593
13226752601
13226752619
13226752621
13226752693
13226752703
13226752705
13226752710
13226752713
13226752715
13226752721
13226752731
13226752739
13226752753
13226752761
13226752763
13226752769
13226752783
13226752791
13226752793
13226752796
13226752801
13226752802
13226752810
13226752851
13226752853
13226752862
13226752891
13226752893
13226752902
13226752905
13226752920
13226752931
13226752935
13226752951
13226752961
13226752971
13226752972
13226752986
13226753015
13226753019
13226753021
13226753032
13226753051
13226753056
13226753069
13226753078
13226753083
13226753095
13226753102
13226753121
13226753135
13226753150
13226753152
13226753162
13226753171
13226753172
13226753179
13226753185
13226753192
13226753201
13226753209
13226753212
13226753223
13226753256
13226753259
13226753263
13226753270
13226753271
13226753276
13226753279
13226753281
13226753296
13226753315
13226753350
13226753371
13226753376
13226753381
13226753391
13226753392
13226753512
13226753513
13226753561
13226753570
13226753571
13226753572
13226753592
13226753603
13226753610
13226753615
13226753621
13226753625
13226753629
13226753630
13226753651
13226753652
13226753679
13226753690
13226753695
13226753701
13226753703
13226753706
13226753708
13226753709
13226753713
13226753715
13226753723
13226753730
13226753731
13226753736
13226753739
13226753750
13226753762
13226753765
13226753769
13226753782
13226753793
13226753805
13226753806
13226753810
13226753812
13226753813
13226753816
13226753825
13226753831
13226753861
13226753870
13226753871
13226753872
13226753873
13226753875
13226753876
13226753879
13226753890
13226753895
13226753902
13226753905
13226753910
13226753912
13226753915
13226753921
13226753962
13226753963
13226753970
13226753978
13226755016
13226755019
13226755037
13226755056
13226755072
13226755075
13226755081
13226755165
13226755213
13226755219
13226755271
13226755273
13226755286
13226755301
13226755323
13226755326
13226755373
13226755379
13226755390
13226755395
13226755635
13226755731
13226755739
13226755760
13226755831
13226755871
13226755891
13226755912
13226755921
13226755932
13226755971
13226755972
13226755982
13226756021
13226756031
13226756039
13226756051
13226756053
13226756059
13226756063
13226756075
13226756158
13229690137
13229690165
13229690182
13229690236
13229690265
13229690285
13229690287
13229690339
13229690382
13229690391
13229690562
13229690591
13229690592
13229690695
13229690761
13229690763
13229690783
13229690791
13229690835
13229690893
13229691037
13229691091
13229691096
13229691165
13229691283
13229691291
13229691317
13229691361
13229691362
13229691380
13229691530
13229691532
13229691563
13229691593
13229691632
13229691635
13229691693
13229691736
13229691757
13229691761
13229691790
13229691835
13229691961
13229691973
13229692093
13229692310
13229692357
13229692371
13229692376
13229692381
13229692583
13229692586
13229692635
13229692672
13229692709
13229692735
13229692762
13229692773
13229692781
13229692785
13229692793
13229692853
13229693071
13229693106
13229693183
13229693185
13229693283
13229693285
13229693381
13229693539
13229693573
13229693581
13229693593
13229693695
13229693761
13229693762
13229693763
13229693765
13229693780
13229693782
13229693891
13229695013
13229695063
13229695091
13229695153
13229695160
13229695171
13229695183
13229695293
13229695539
13229695563
13229695729
13229695730
13229695731
13229695760
13229695765
13229695782
13229695791
13229695862
13229695870
13229695872
13229695892
13229695893
13229735715
13229748507
13229749267
13229749357
13229749537
13257611060
13257611063
13257611073
13257611082
13257611216
13257611219
13257611252
13257611271
13257611295
13257611306
13257611362
13257611372
13257611381
13257611501
13257611516
13257611526
13257611529
13257611592
13257611652
13257611670
13257611693
13257611721
13257611723
13257611726
13257611758
13257611790
13257611812
13257611823
13257611825
13257611839
13257611865
13257611872
13257611873
13257611876
13257611915
13257611916
13257611931
13257611952
13257612631
13257615625
13257615803
13257616710
13257617870
13257617893
13257618050
13257618621
13257619350
13267701269
13267701582
13267701585
13267701861
13267701862
13267701863
13267701870
13267701871
13267701873
13267701875
13267701879
13267701892
13267701920
13267701931
13267701932
13267701958
13267701973
13267702036
13267702065
13267702081
13267702085
13267702091
13267702093
13267702095
13267702103
13267702106
13267702139
13267702160
13267702163
13267702170
13267702219
13267702256
13267702275
13267702302
13267702350
13267702362
13267702363
13267702365
13267702382
13267702502
13267702512
13267702519
13267702563
13267702571
13267702576
13267702586
13267702591
13267702592
13267702598
13267702605
13267702615
13267702623
13267702635
13267702639
13267702650
13267702651
13267702652
13267702659
13267702671
13267702672
13267702673
13267702680
13267702693
13267702701
13267702713
13267702730
13267702739
13267702751
13267702753
13267702756
13267702759
13267702761
13267702781
13267702782
13267702791
13267702793
13267702823
13267702852
13267702863
13267702891
13267702915
13267702935
13267702953
13267702972
13267702978
13267702980
13267702986
13267703019
13267703051
13267703065
13267703101
13267703121
13267703136
13267703182
13267703193
13267703212
13267703215
13267703235
13267703268
13267703295
13267703392
13267703532
13267703572
13267703578
13267703595
13267703608
13267703610
13267703695
13267703703
13267703719
13267703721
13267703726
13267703729
13267703732
13267703761
13267703781
13267703785
13267703790
13267703826
13267703832
13267703853
13267703892
13267703905
13267703921
13267703930
13267703959
13267703962
13267703963
13267703965
13267705010
13267705015
13267705035
13267705053
13267705071
13267705073
13267705109
13267705129
13267705152
13267705179
13267705181
13267705193
13267705231
13267705232
13267705239
13267705259
13267705261
13267705265
13267705270
13267705272
13267705276
13267705278
13267705295
13267705301
13267705303
13267705306
13267705319
13267705362
13267705373
13267705376
13267705381
13267705392
13267705536
13267705591
13267705618
13267705632
13267705686
13267705692
13267705703
13267705712
13267705723
13267705732
13267705735
13267705751
13267705761
13267705762
13267705783
13267705785
13267705786
13267705802
13267705816
13267705825
13267705831
13267705862
13267705865
13267705871
13267705872
13267705873
13267705891
13267705892
13267705901
13267705905
13267705906
13267705908
13267705915
13267705923
13267705930
13267705951
13267705960
13267705961
13267705962
13267705963
13267705965
13267705971
13267706010
13267706025
13267706035
13267706072
13267706092
13267706093
13267706105
13267706125
13267706132
13267706136
13267706153
13267706156
13267706159
13267706163
13267706173
13267706178
13267706181
13267706269
13267706508
13267706551
13267706569
13267706629
13267706632
13267706651
13267706652
13267706671
13267706673
13267706681
13267706691
13267706695
13267706703
13267706705
13267706709
13267706710
13267706713
13267706719
13267706723
13267706725
13267706728
13267706730
13267706731
13267706735
13267706753
13267706756
13267706759
13267706761
13267706762
13267706763
13267706781
13267706782
13267706792
13267706796
13267706803
13267706805
13267706810
13267706812
13267706815
13267706819
13267706825
13267706826
13267706835
13267706836
13267706851
13267706852
13267706853
13267706863
13267706865
13267706902
13267706908
13267706912
13267706915
13267706916
13267706919
13267706920
13267706926
13267706928
13267706930
13267706950
13267706952
13267706962
13267706965
13267706970
13267706973
13267706975
13267706976
13267707016
13267707051
13267707056
13267707062
13267707106
13267707109
13267707131
13267707158
13267707159
13267707162
13267707163
13267707165
13267707169
13267707172
13267707173
13267707185
13267707189
13267707190
13267707195
13267707206
13267707209
13267707213
13267707215
13267707218
13267707250
13267707253
13267707261
13267707263
13267707265
13267707269
13267707279
13267707291
13267707295
13267707296
13267707302
13267707318
13267707351
13267707353
13267707356
13267707358
13267707360
13267707365
13267707378
13267707379
13267707380
13267707382
13267707383
13267707390
13267707391
13267707392
13267707393
13267707396
13267707516
13267707528
13267707531
13267707535
13267707536
13267707561
13267707572
13267707579
13267707586
13267707605
13267707610
13267707613
13267707628
13267707629
13267707631
13267707632
13267707638
13267707658
13267707673
13267707675
13267707679
13267707681
13267707683
13267707692
13267707821
13267707825
13267707826
13267707831
13267707835
13267707836
13267707850
13267707851
13267707853
13267707856
13267707860
13267707862
13267707872
13267707916
13267707921
13267707925
13267707928
13267707931
13267707938
13267707950
13267707953
13267707956
13267707960
13267707961
13267707962
13267707972
13267707975
13267707982
13267707986
13267708018
13267708039
13267708051
13267708053
13267708056
13267708059
13267708061
13267708062
13267708065
13267708069
13267708072
13267708076
13267708079
13267708081
13267708103
13267708105
13267708106
13267708109
13267708129
13267708130
13267708135
13267708136
13267708151
13267708153
13267708160
13267708161
13267708169
13267708170
13267708172
13267708175
13267708176
13267708195
13267708198
13267708203
13267708206
13267708209
13267708210
13267708219
13267708230
13267708231
13267708232
13267708250
13267708256
13267708260
13267708262
13267708276
13267708279
13267708281
13267708296
13267708301
13267708306
13267708309
13267708310
13267708315
13267708319
13267708323
13267708352
13267708356
13267708358
13267708360
13267708365
13267708381
13267708390
13267708392
13267708395
13267708398
13267708509
13267708525
13267708526
13267708530
13267708531
13267708536
13267708561
13267708562
13267708572
13267708573
13267708579
13267708580
13267708581
13267708582
13267708586
13267708590
13267708591
13267708593
13267708603
13267708612
13267708613
13267708615
13267708619
13267708621
13267708625
13267708626
13267708629
13267708630
13267708639
13267708652
13267708653
13267708659
13267708670
13267708672
13267708676
13267708693
13267708702
13267708709
13267708712
13267708715
13267708719
13267708721
13267708723
13267708726
13267708739
13267708760
13267708763
13267708782
13267708785
13267708791
13267708863
13267708865
13267708901
13267708903
13267708905
13267708912
13267708913
13267708920
13267708923
13267708925
13267708926
13267708930
13267708935
13267708936
13267708950
13267708953
13267708960
13267708962
13267708970
13267708980
13267708981
13267709013
13267709015
13267709032
13267709035
13267709058
13267709059
13267709061
13267709063
13267709069
13267709076
13267709078
13267709083
13267709085
13267709101
13267709103
13267709108
13267709130
13267709136
13267709139
13267709150
13267709152
13267709153
13267709159
13267709161
13267709165
13267709169
13267709170
13267709175
13267709178
13267709179
13267709180
13267709181
13267709182
13267709189
13267709202
13267709212
13267709215
13267709239
13267709250
13267709253
13267709258
13267709259
13267709262
13267709263
13267709269
13267709271
13267709272
13267709273
13267709276
13267709278
13267709279
13267709281
13267709285
13267709293
13267709301
13267709302
13267709303
13267709309
13267709312
13267709320
13267709321
13267709323
13267709329
13267709356
13267709359
13267709362
13267709365
13267709370
13267709371
13267709375
13267709379
13267709381
13267709383
13267709391
13267709392
13267709501
13267709503
13267709510
13267709512
13267709515
13267709516
13267709519
13267709523
13267709525
13267709529
13267709531
13267709535
13267709536
13267709539
13267709560
13267709561
13267709562
13267709569
13267709571
13267709572
13267709573
13267709579
13267709580
13267709581
13267709582
13267709586
13267709589
13267709591
13267709593
13267709601
13267709602
13267709603
13267709608
13267709612
13267709618
13267709619
13267709621
13267709623
13267709625
13267709626
13267709629
13267709635
13267709636
13267709659
13267709671
13267709672
13267709673
13267709679
13267709681
13267709690
13267709692
13267709695
13267709705
13267709718
13267709719
13267709720
13267709732
13267709736
13267709739
13267709751
13267709753
13267709765
13267709780
13267709783
13267709791
13267709792
13267709795
13267709803
13267709809
13267709825
13267709826
13267709839
13267709850
13267709851
13267709852
13267709853
13267709863
13267709865
13267709895
13267710159
13267710251
13267710261
13267710262
13267710271
13267710275
13267710296
13267710352
13267710378
13267710380
13267710381
13267710385
13267710573
13267710593
13267710596
13267710691
13267710731
13267710750
13267710953
13267711065
13267711973
13267712076
13267712163
13267712173
13267712506
13267712539
13267712561
13267712562
13267712605
13267712609
13267713801
13267713802
13267713812
13267713863
13267715863
13267715873
13267717835
13267717853
13267730210
13267735661
13267738921
13267738956
13267738961
13267738972
13267739072
13267739081
13267739085
13267739103
13267739105
13267739201
13267739351
13267739501
13267739526
13267739536
13267739575
13267739576
13267739580
13267739581
13267739593
13267739596
13267739615
13267739625
13267739820
13267739972
15602670459
15602670461
15602670473
15602670481
15602670483
15602671041
15602671459
15602671497
15602671537
15602671643
15602671647
15602671745
15602671748
15602671796
15602672047
15602672094
15602672304
15602672364
15602672402
15602672412
15602672463
15602672469
15602672964
15602673154
15602673402
15602673453
15602673481
15602673640
15602673643
15602673947
15602673948
15602675375
15602675625
15602675801
15602675932
15602675971
15602675972
15602676305
15602676487
15602677492
15602677540
15602677641
15602678041
15602678047
15602678450
15602678461
15602678469
15602678492
15602678549
15602678651
15602678743
15602678923
15602679150
15602679165
15602679349
15602679419
15602679425
15602679436
15602679451
15602679461
15602679465
15602679469
15602679470
15602679471
15602679473
15627901257
15627901452
15627901462
15627901543
15627901583
15627901602
15627901629
15627901671
15627901743
15627901842
15627901843
15627902367
15627902432
15627902450
15627902461
15627902542
15627902571
15627902637
15627902657
15627902783
15627903067
15627903272
15627904251
15627905723
15627906312
15627906493
15627906857
15627907032
15627907212
15627907631
15627907825
15627908132
15627908561
15627909187
15627909743
15627910341
15627910431
15627910451
15627910453
15627910472
15627910487
15627910497
15627910565
15627910687
15627911245
15627911492
15627911645
15627911745
15627911937
15627912057
15627912140
15627912147
15627912407
15627912457
15627912467
15627912483
15627912541
15627912545
15627912641
15627912642
15627912741
15627912843
15627912847
15627912942
15627913407
15627913467
15627913495
15627913557
15627913641
15627913643
15627913651
15627913742
15627913747
15627913771
15627913941
15627913942
15627914027
15627914043
15627914047
15627914087
15627914132
15627915039
15627915040
15627915047
15627915242
15627915347
15627915417
15627915437
15627915467
15627915497
15627915847
15627915940
15627916040
15627916247
15627916417
15627916457
15627916475
15627916497
15627916541
15627916752
15627916915
15627916942
15627917401
15627917407
15627917437
15627917457
15627917847
15627917907
15627918242
15627918347
15627918405
15627918427
15627918437
15627918462
15627918467
15627918492
15627918542
15627918645
15627919247
15627919407
15627919427
15627919437
15627919647
15627919740
15627919845
15627920147
15627920154
15627920174
15627920264
15627920437
15627920439
15627920457
15627920461
15627920467
15627920493
15627920641
15627920671
15627920674
15627920734
15627920741
15627920764
15627920849
15627920854
15627920945
15627921034
15627921041
15627921054
15627921145
15627921284
15627921417
15627921437
15627921454
15627921472
15627921476
15627921479
15627921482
15627921487
15627921494
15627921497
15627921504
15627921674
15627921694
15627921745
15627921754
15627921784
15627921854
15627921917
15627921964
15627921974
15627922347
15627922807
15627922854
15627923041
15627923043
15627923045
15627923094
15627923184
15627923354
15627923474
15627923494
15627923501
15627923510
15627923564
15627923574
15627923697
15627923714
15627923742
15627923784
15627923857
15627923874
15627923941
15627923943
15627923964
15627924094
15627924174
15627924274
15627924304
15627924354
15627924364
15627924451
15627924547
15627924549
15627924694
15627924784
15627924794
15627924842
15627924894
15627924941
15627924947
15627925047
15627925074
15627925084
15627925140
15627925142
15627925331
15627925340
15627925401
15627925406
15627925417
15627925421
15627925427
15627925452
15627925467
15627925491
15627925549
15627925643
15627925647
15627925782
15627926147
15627926214
15627926247
15627926346
15627926347
15627926405
15627926417
15627926423
15627926471
15627926474
15627926707
15627926742
15627926745
15627926769
15627926894
15627926904
15627926941
15627926947
15627926964
15627927046
15627927084
15627927140
15627927174
15627927249
15627927346
15627927354
15627927384
15627927430
15627927453
15627927485
15627927841
15627928031
15627928047
15627928057
15627928064
15627928174
15627928204
15627928346
15627928347
15627928364
15627928372
15627928404
15627928427
15627928435
15627928451
15627928469
15627928475
15627928497
15627928604
15627928641
15627928701
15627928724
15627928734
15627928931
15627929047
15627929075
15627929340
15627929343
15627929401
15627929457
15627929467
15627929547
15627929604
15627929743
15627929834
15627970173
15627970381
15627970392
15627970637
15627970681
15627970693
15627970857
15627970862
15627971037
15627971053
15627971251
15627971267
15627971365
15627971367
15627971370
15627971507
15627971690
15627971759
15627972371
15627972375
15627972561
15627972809
15627972871
15627972953
15627973076
15627973085
15627973591
15627973605
15627973621
15627973853
15627973897
15627973905
15627973906
15627975239
15627975873
15627975903
15627975912
15627976017
15627976091
15627976093
15627976127
15627976170
15627976172
15627976201
15627976205
15627976253
15627976309
15627976516
15627976537
15627976571
15627976870
15627978032
15627978179
15627978315
15627978371
15627978517
15627978673
15627978951
15627990165
15627990172
15627990253
15627990271
15627990285
15627990357
15627990371
15627990381
15627990572
15627990583
15627990631
15627990657
15627990671
15627990672
15627990739
15627990791
15627990793
15627990862
15627990897
15627991072
15627991271
15627991305
15627991327
15627991353
15627991361
15627991387
15627991501
15627991507
15627991587
15627991653
15627991735
15627991761
15627991873
15627992105
15627992187
15627992395
15627992501
15627992531
15627992573
15627992593
15627992687
15627992703
15627992706
15627992783
15627992835
15627992852
15627992981
15627993071
15627993072
15627993082
15627993105
15627993157
15627993167
15627993170
15627993261
15627993267
15627993516
15627993537
15627993561
15627993569
15627993576
15627993671
15627993723
15627993725
15627993781
15627993791
15627993827
15627993851
15627993861
15627993962
15627995063
15627995067
15627995127
15627995173
15627995197
15627995216
15627995261
15627995273
15627995312
15627995361
15627995376
15627995391
15627995623
15627995732
15627995812
15627995817
15627995872
15627995903
15627996035
15627996083
15627996106
15627996217
15627996352
15627996371
15627996532
15627996725
15627996731
15627996732
15627996736
15627996752
15627996783
15627996791
15627996853
15627997062
15627997103
15627997205
15627997352
15627997365
15627997503
15627997523
15627997593
15627997623
15627997801
15627998071
15627998237
15627998250
15627998257
15627998267
15627998275
15627998293
15627998617
15627998673
15627998710
15627998713
16698090264
16698091459
16698091742
16698091764
16698091872
16698092264
16698092394
16698092974
16698093542
16698094026
16698094053
16698096071
16698096971
16698097065
17520651057
17520655191
17520655291
17520655970
17520656013
17520656017
17520656287
17520656291
17520656375
17520656390
17688075291
17688076937
18607640597
18607640657
18607641292
18607641307
18607641607
18607641801
18607642310
18607642481
18607642795
18607642948
18607643291
18607643493
18607643547
18607643649
18607643725
18607643831
18607643934
18607643943
18607645694
18607645804
18607645841
18607647052
18607647152
18607647265
18607647341
18607647410
18607647420
18607647439
18607647459
18607647584
18607647805
18607647812
18607648971
18607649157
18607649201
18607649419
18607649427
18607649739
18675811730