05477357259
13005660685
13005670381
13005670539
13005670659
13005671073
13005671291
13005671551
13005671632
13005671795
13005671915
13005672056
13005672134
13005672275
13005672593
13005672820
13005672830
13005672835
13005673013
13005673256
13005673615
13005673917
13005674630
13005675071
13005675102
13005675230
13005675782
13005675873
13005676390
13005676815
13005676905
13005676962
13005677026
13005677316
13005677852
13005677925
13005678657
13005679051
13005679153
13005679165
13005679195
13005679253
13005679307
13005679592
13005679601
13005679613
13005679619
13005679630
13005679632
13005679635
13005679653
13005679710
13005679731
13005679735
13005679751
13005679753
13005679759
13005679802
13005679892
13005680153
13005680165
13005680176
13005680193
13005680315
13005680352
13005680372
13005680501
13005680563
13005680571
13005680573
13005680593
13005680596
13005680615
13005680635
13005680691
13005680729
13005680731
13005680751
13005680796
13005680917
13005680931
13005680959
13005680961
13005680971
13005680979
13005681057
13005681060
13005681061
13005681062
13005681156
13005681176
13005681205
13005681256
13005681293
13005681317
13005681346
13005681362
13005681379
13005681397
13005681509
13005681517
13005681523
13005681537
13005681560
13005681575
13005681576
13005681602
13005681621
13005681652
13005681675
13005681690
13005681697
13005681725
13005681727
13005681785
13005681837
13005681867
13005681952
13005682027
13005682037
13005682053
13005682063
13005682079
13005682090
13005682127
13005682139
13005682151
13005682152
13005682157
13005682159
13005682163
13005682179
13005682190
13005682267
13005682309
13005682310
13005682361
13005682369
13005682371
13005682373
13005682391
13005682395
13005682397
13005682509
13005682551
13005682563
13005682572
13005682575
13005682591
13005682593
13005682675
13005682692
13005682713
13005682719
13005682721
13005682756
13005682761
13005682767
13005682915
13005682923
13005682944
13005682956
13005682965
13005683021
13005683026
13005683052
13005683075
13005683076
13005683095
13005683102
13005683103
13005683119
13005683120
13005683171
13005683191
13005683192
13005683195
13005683213
13005683225
13005683236
13005683267
13005683270
13005683271
13005683275
13005683290
13005683293
13005683531
13005683551
13005683561
13005683572
13005683595
13005683601
13005683607
13005683610
13005683612
13005683617
13005683620
13005683627
13005683632
13005683673
13005683679
13005683719
13005683726
13005683729
13005683739
13005683760
13005683761
13005683796
13005683915
13005683920
13005683921
13005683951
13005683965
13005683975
13005683995
13005683997
13005685015
13005685036
13005685059
13005685120
13005685129
13005685131
13005685170
13005685196
13005685197
13005685216
13005685217
13005685225
13005685232
13005685236
13005685250
13005685260
13005685275
13005685291
13005685292
13005685293
13005685295
13005685356
13005685397
13005685537
13005685602
13005685603
13005685607
13005685612
13005685617
13005685625
13005685639
13005685707
13005685721
13005685725
13005685727
13005685730
13005685763
13005685912
13005685927
13005685932
13005685965
13005686013
13005686105
13005686165
13005686179
13005686197
13005686203
13005686217
13005686253
13005686290
13005686327
13005686371
13005686372
13005686375
13005686395
13005686501
13005686512
13005686515
13005686532
13005686713
13005686721
13005686729
13005686751
13005686790
13005686791
13005686795
13005686797
13005686901
13005686907
13005686975
13005687025
13005687051
13005687053
13005687065
13005687097
13005687132
13005687137
13005687160
13005687173
13005687212
13005687219
13005687235
13005687252
13005687261
13005687262
13005687265
13005687270
13005687271
13005687302
13005687306
13005687316
13005687327
13005687336
13005687376
13005687503
13005687531
13005687553
13005687610
13005687632
13005687636
13005687673
13005687679
13005687920
13005687936
13005687965
13005689016
13005689050
13005689053
13005689056
13005689061
13005689067
13005689125
13005689152
13005689157
13005689163
13005689167
13005689170
13005689176
13005689235
13005689261
13005689262
13005689267
13005689295
13005689297
13005689307
13005689312
13005689316
13005689359
13005689379
13005689505
13005689506
13005689515
13005689516
13005689523
13005689526
13005689562
13005689571
13005689572
13005689573
13005689593
13005689615
13005689632
13005689759
13005689761
13005689773
13018500631
13018501375
13018501391
13018501721
13018501730
13018502076
13018502310
13018502792
13018503213
13018503576
13018503659
13018503752
13018503764
13018503821
13018503827
13018503870
13018504163
13018504526
13018505148
13018505165
13018505186
13018505264
13018505297
13018505315
13018505605
13018505932
13018506031
13018506107
13018506203
13018506362
13018506379
13018506384
13018506503
13018506717
13018506875
13018506902
13018506954
13018507252
13018507330
13018507506
13018507629
13018507703
13018507796
13018507823
13018507908
13018507985
13018508297
13018508350
13018508374
13018508434
13018508612
13018508737
13018509036
13018509221
13018509673
13018509765
13018509847
13025664781
13025665385
13025668907
13025668932
13025668935
13025668960
13025668962
13025668970
13025669017
13025669027
13025669030
13025669071
13025669091
13025669105
13025669106
13025669129
13025669165
13025669172
13025669176
13025669202
13025669231
13025669261
13025669267
13025669286
13025669315
13025669353
13025669503
13025669509
13025669563
13025669573
13025669602
13025669632
13025669657
13025669672
13025669676
13025669701
13025669716
13025669717
13025669725
13025669727
13025669730
13025669753
13025669760
13025670185
13025670235
13025670273
13025670291
13025670293
13025670732
13025670753
13025671061
13025671092
13025671259
13025671270
13025671301
13025671531
13025671569
13025671573
13025671905
13025671960
13025672135
13025672170
13025672175
13025672376
13025672395
13025672501
13025672613
13025672850
13025672893
13025672921
13025672965
13025672971
13025672991
13025673051
13025673167
13025673171
13025673190
13025673261
13025673262
13025673623
13025673790
13025673857
13025673872
13025673901
13025673917
13025673951
13025673952
13025675035
13025675085
13025675097
13025675120
13025675163
13025675165
13025675173
13025675235
13025675285
13025675317
13025675481
13025675612
13025675695
13025675907
13025676102
13025676129
13025676157
13025676197
13025676259
13025676296
13025676312
13025676357
13025676590
13025676932
13025676951
13025677152
13025677357
13025677506
13025677521
13025677615
13025677617
13025677957
13025678065
13025678261
13025678265
13025678615
13025678657
13025679031
13025679061
13025679125
13025679207
13025679327
13025679356
13025679357
13025679481
13025679575
13025679736
13025679805
13025680563
13025680629
13025680853
13025681037
13025681061
13025681267
13025681651
13025681970
13025682125
13025682351
13025682442
13025682521
13025682571
13025682579
13025682621
13025682701
13025682707
13025682730
13025682750
13025682757
13025682859
13025682910
13025683025
13025683060
13025683575
13025683673
13025683751
13025683876
13025685015
13025685031
13025685035
13025685057
13025685160
13025685161
13025685272
13025685317
13025685319
13025685571
13025685673
13025685701
13025685710
13025685821
13025685903
13025685926
13025685970
13025686057
13025686217
13025686301
13025686350
13025686720
13025686953
13025686957
13025687056
13025687103
13025687236
13025687317
13025687627
13025687661
13025687825
13025687901
13025688267
13025689161
13025689325
13025689356
13025689575
13025689587
13025689613
13025689620
13025689627
13025689657
13025689671
13025689710
13025689715
13025689717
13025689730
13025689760
13035800162
13035800932
13035801757
13035801765
13035801807
13035802171
13035802251
13035802271
13035803183
13035803227
13035803639
13035803712
13035803725
13035803801
13035803871
13035803873
13035803936
13035803947
13035805182
13035805281
13035805283
13035805313
13035805337
13035805350
13035805387
13035805776
13035805970
13035806093
13035806165
13035806260
13035806297
13035806319
13035806332
13035806579
13035806761
13035807032
13035807207
13035807269
13035807273
13035807283
13035807391
13035807397
13035807517
13035807530
13035807627
13035807692
13035807876
13035807909
13035808056
13035808153
13035808165
13035808193
13035808267
13035808293
13035808353
13035808365
13035808375
13035808396
13035808570
13035808653
13035808679
13035808715
13035808719
13035808720
13035808727
13035808762
13035808793
13035808970
13035809056
13035809073
13035809253
13035809291
13035809309
13035809331
13035809387
13035809565
13035809623
13035809625
13035809667
13035809697
13035809782
13035809860
13035809871
13035809875
13035810065
13035810071
13035810127
13035810253
13035810269
13035810673
13035810695
13035810832
13035810835
13035811063
13035811065
13035811091
13035811206
13035811290
13035811327
13035811361
13035811395
13035811509
13035811531
13035811532
13035811539
13035811625
13035811736
13035811750
13035811760
13035811762
13035811785
13035812023
13035812035
13035812057
13035812067
13035812073
13035812106
13035812162
13035812790
13035812961
13035813197
13035813272
13035813608
13035815170
13035815261
13035815302
13035815351
13035815381
13035815673
13035815793
13035815837
13035815929
13035816075
13035816352
13035816569
13035817015
13035817113
13035817219
13035817675
13035817682
13035817851
13035817867
13035819276
13035819316
13035819513
13035819563
13035819691
13035820259
13035825351
13035826135
13035826357
13035827290
13035827617
13035827953
13035828926
13035829370
13035830037
13035830065
13035830095
13035830119
13035830135
13035830151
13035830152
13035830153
13035830159
13035830161
13035830171
13035830176
13035830190
13035830193
13035830197
13035830259
13035830262
13035830263
13035830272
13035830371
13035830372
13035830373
13035830523
13035830527
13035830535
13035830560
13035830561
13035830562
13035830572
13035830576
13035830579
13035830597
13035830615
13035830621
13035830657
13035830659
13035830672
13035830679
13035830690
13035830701
13035830713
13035830729
13035830752
13035830759
13035830790
13035830791
13035830793
13035830795
13035830797
13035830932
13035830957
13035830961
13035830967
13035830971
13035831021
13035831032
13035831036
13035831037
13035831051
13035831056
13035831057
13035831069
13035831091
13035831093
13035831095
13035831107
13035831132
13035831137
13035831162
13035831173
13035831175
13035831179
13035831192
13035831201
13035831253
13035831261
13035831265
13035831272
13035831291
13035831301
13035831305
13035831327
13035831357
13035831502
13035831507
13035831510
13035831512
13035831529
13035831532
13035831535
13035831539
13035831552
13035831563
13035831571
13035831579
13035831592
13035831610
13035831612
13035831627
13035831657
13035831672
13035831675
13035831691
13035831692
13035831693
13035831697
13035831701
13035831702
13035831706
13035831707
13035831712
13035831716
13035831719
13035831723
13035831727
13035831731
13035831739
13035831753
13035831757
13035831760
13035831762
13035831763
13035831771
13035831773
13035831782
13035831786
13035831792
13035831803
13035831805
13035831807
13035831835
13035831856
13035831857
13035831859
13035831862
13035831901
13035831917
13035831926
13035831927
13035831935
13035831951
13035831970
13035832025
13035832027
13035832035
13035832036
13035832060
13035832063
13035832065
13035832071
13035832072
13035832073
13035832091
13035832093
13035832096
13035832117
13035832127
13035832129
13035832132
13035832136
13035832157
13035832161
13035832163
13035832165
13035832175
13035832193
13035832195
13035832196
13035832203
13035832205
13035832217
13035832250
13035832251
13035832259
13035832296
13035832307
13035832310
13035832312
13035832319
13035832351
13035832361
13035832372
13035832373
13035832379
13035832397
13035832501
13035832505
13035832512
13035832517
13035832519
13035832532
13035832557
13035832562
13035832565
13035832571
13035832579
13035832591
13035832592
13035832593
13035832601
13035832602
13035832607
13035832610
13035832612
13035832613
13035832621
13035832625
13035832630
13035832635
13035832637
13035832653
13035832656
13035832661
13035832670
13035832671
13035832672
13035832676
13035832695
13035832696
13035832697
13035832702
13035832706
13035832713
13035832716
13035832721
13035832730
13035832731
13035832739
13035832750
13035832756
13035832760
13035832761
13035832762
13035832765
13035832767
13035832769
13035832772
13035832775
13035832790
13035832793
13035832795
13035832902
13035832907
13035832910
13035832913
13035832915
13035832916
13035832923
13035832925
13035832927
13035832930
13035832931
13035832936
13035832957
13035832960
13035832961
13035832963
13035832965
13035832970
13035832971
13035832972
13035832979
13035833013
13035833015
13035833025
13035833051
13035833079
13035833091
13035833097
13035833102
13035833105
13035833135
13035833137
13035833153
13035833157
13035833162
13035833192
13035833206
13035833209
13035833237
13035833239
13035833259
13035833276
13035833290
13035833507
13035833509
13035833510
13035833516
13035833519
13035833560
13035833570
13035833573
13035833576
13035833579
13035833620
13035833623
13035833637
13035833650
13035833651
13035833671
13035833675
13035833690
13035833692
13035833709
13035833721
13035833729
13035833757
13035833791
13035833952
13035835015
13035835017
13035835021
13035835023
13035835029
13035835031
13035835037
13035835072
13035835073
13035835075
13035835092
13035835107
13035835116
13035835135
13035835137
13035835160
13035835161
13035835163
13035835167
13035835171
13035835172
13035835193
13035835197
13035835217
13035835219
13035835250
13035835257
13035835261
13035835262
13035835263
13035835275
13035835279
13035835291
13035835292
13035835295
13035835301
13035835307
13035835316
13035835317
13035835327
13035835329
13035835331
13035835352
13035835360
13035835369
13035835395
13035835507
13035835523
13035835526
13035835529
13035835562
13035835570
13035835597
13035835603
13035835612
13035835617
13035835619
13035835631
13035835652
13035835653
13035835673
13035835697
13035835701
13035835709
13035835712
13035835716
13035835720
13035835729
13035835730
13035835731
13035835736
13035835750
13035835767
13035835772
13035835776
13035835790
13035835792
13035835797
13035835920
13035835921
13035835926
13035835930
13035835932
13035835961
13035835962
13035835973
13035835975
13035835991
13035835992
13035836002
13035836013
13035836021
13035836029
13035836039
13035836062
13035836071
13035836095
13035836097
13035836105
13035836109
13035836115
13035836127
13035836129
13035836130
13035836131
13035836132
13035836135
13035836137
13035836151
13035836152
13035836153
13035836157
13035836163
13035836165
13035836172
13035836176
13035836179
13035836190
13035836193
13035836197
13035836202
13035836207
13035836209
13035836210
13035836215
13035836251
13035836252
13035836257
13035836261
13035836265
13035836273
13035836303
13035836305
13035836309
13035836315
13035836350
13035836357
13035836376
13035836379
13035836390
13035836481
13035836502
13035836505
13035836506
13035836507
13035836552
13035836560
13035836571
13035836576
13035836590
13035836591
13035836706
13035836707
13035836709
13035836712
13035836713
13035836725
13035836730
13035836731
13035836736
13035836737
13035836756
13035836757
13035836759
13035836760
13035836772
13035836773
13035836776
13035836791
13035836792
13035836795
13035836906
13035836907
13035836921
13035836923
13035836930
13035836937
13035836950
13035836953
13035836957
13035836960
13035836965
13035836975
13035837013
13035837015
13035837017
13035837021
13035837026
13035837029
13035837030
13035837036
13035837059
13035837061
13035837065
13035837069
13035837079
13035837093
13035837109
13035837113
13035837120
13035837121
13035837126
13035837129
13035837136
13035837137
13035837139
13035837153
13035837156
13035837176
13035837190
13035837195
13035837197
13035837212
13035837215
13035837219
13035837250
13035837251
13035837253
13035837256
13035837260
13035837262
13035837267
13035837271
13035837291
13035837295
13035837305
13035837306
13035837307
13035837325
13035837392
13035837395
13035837502
13035837503
13035837507
13035837513
13035837516
13035837517
13035837521
13035837552
13035837562
13035837569
13035837571
13035837573
13035837576
13035837590
13035837591
13035837596
13035837602
13035837617
13035837620
13035837625
13035837632
13035837653
13035837659
13035837670
13035837679
13035837690
13035837691
13035837709
13035837719
13035837720
13035837732
13035837736
13035837751
13035837761
13035837769
13035837793
13035837905
13035837906
13035837923
13035837926
13035837927
13035837930
13035837937
13035837952
13035837960
13035837962
13035837973
13035839010
13035839023
13035839027
13035839035
13035839036
13035839051
13035839057
13035839067
13035839070
13035839075
13035839076
13035839079
13035839105
13035839113
13035839121
13035839126
13035839127
13035839129
13035839137
13035839150
13035839157
13035839165
13035839172
13035839190
13035839196
13035839197
13035839203
13035839207
13035839209
13035839210
13035839213
13035839215
13035839216
13035839217
13035839219
13035839221
13035839226
13035839232
13035839251
13035839259
13035839262
13035839265
13035839267
13035839273
13035839279
13035839295
13035839296
13035839306
13035839309
13035839310
13035839316
13035839319
13035839329
13035839351
13035839352
13035839360
13035839362
13035839371
13035839372
13035839481
13035839507
13035839510
13035839512
13035839513
13035839531
13035839532
13035839535
13035839537
13035839557
13035839562
13035839569
13035839570
13035839571
13035839573
13035839579
13035839592
13035839605
13035839607
13035839627
13035839652
13035839662
13035839670
13035839690
13035839710
13035839715
13035839720
13035839735
13035839752
13035839753
13035839759
13035839760
13035839762
13035839767
13035839772
13035839790
13035839791
13035839795
13035839796
13035841431
13035841652
13035841734
13035842051
13035843024
13035845096
13035845134
13035845160
13035845174
13035845267
13035845327
13035845439
13035845471
13035845493
13035845507
13035845529
13035845649
13035845704
13035845714
13035845873
13035845923
13035846052
13035846137
13035846219
13035846231
13035846254
13035846346
13035846374
13035846394
13035846407
13035846431
13035846604
13035846743
13035846849
13035846924
13035847034
13035847106
13035847257
13035847284
13035847392
13035847463
13035847824
13035849542
13035849549
13035849672
13035849752
13035849842
13035849892
13035850109
13035850182
13035850576
13035850872
13035851356
13035851367
13035851396
13035851765
13035851910
13035851932
13035852059
13035852095
13035852135
13035852251
13035852261
13035852719
13035853152
13035853260
13035853620
13035853701
13035854281
13035855725
13035856071
13035856105
13035856285
13035856376
13035857096
13035857287
13035857670
13035857892
13035857925
13035857973
13035857975
13035858269
13046250984
13046251049
13046251061
13046251294
13046251381
13046251565
13046252726
13046252741
13046252917
13046253571
13046253594
13046253601
13046253654
13046253794
13046254370
13046254574
13046254964
13046255327
13046255423
13046255497
13046256074
13046256124
13046256249
13046256274
13046256435
13046256465
13046256584
13046256634
13046256974
13046257064
13046257134
13046257162
13046257259
13046257459
13046257495
13046257496
13046257614
13046257634
13046257647
13046257649
13046257953
13046258024
13046258163
13046258215
13046258435
13046258514
13046258604
13046258643
13046258657
13046258675
13046258724
13046258749
13046258927
13046258946
13046259026
13046259074
13046259075
13046259164
13046259247
13046259251
13046259349
13046259354
13046259387
13046259457
13046259554
13046259571
13046259649
13046259654
13046259682
13046259705
13046259714
13046259748
13046259874
13046260015
13046260294
13046260454
13046260574
13046260764
13046261064
13046261147
13046261364
13046261473
13046261582
13046261824
13046263174
13046263254
13046263495
13046263819
13046263916
13046263950
13046263984
13046264034
13046264043
13046264053
13046264071
13046264073
13046264079
13046264097
13046264105
13046264165
13046264173
13046264187
13046264205
13046264223
13046264230
13046264251
13046264280
13046264301
13046264302
13046264307
13046264310
13046264374
13046264595
13046264862
13046264864
13046264891
13046264907
13046264910
13046264965
13046264997
13046265087
13046265142
13046265184
13046265193
13046265259
13046265304
13046265364
13046265374
13046265429
13046265470
13046265475
13046265741
13046265794
13046265873
13046265940
13046265941
13046265943
13046266049
13046266154
13046266171
13046266174
13046266324
13046266344
13046266347
13046266471
13046266481
13046266482
13046266492
13046266534
13046266572
13046266709
13046266745
13046266834
13046266872
13046266915
13046266924
13046267037
13046267104
13046267325
13046267404
13046267430
13046267435
13046267436
13046267491
13046267542
13046267543
13046267742
13046267840
13046267842
13046267974
13046268034
13046268054
13046268064
13046268074
13046268121
13046268154
13046268204
13046268214
13046268247
13046268254
13046268354
13046268374
13046268407
13046268409
13046268425
13046268450
13046268467
13046268497
13046268504
13046268562
13046268654
13046268664
13046268732
13046268954
13046269139
13046269450
13046269471
13046269547
13046269647
13046269749
13046269760
13046269781
13046269864
13046269945
13046270057
13046270093
13046270134
13046270136
13046270140
13046270145
13046270147
13046270237
13046270253
13046270265
13046270276
13046270342
13046270344
13046270360
13046270363
13046270364
13046270394
13046270413
13046270442
13046270446
13046270451
13046270469
13046270492
13046270542
13046270556
13046270647
13046270653
13046270694
13046270741
13046270764
13046270841
13046270851
13046270864
13046270890
13046270893
13046270896
13046270934
13046270942
13046270952
13046271045
13046271049
13046271053
13046271063
13046271064
13046271094
13046271143
13046271148
13046271297
13046271347
13046271353
13046271394
13046271447
13046271451
13046271452
13046271454
13046271456
13046271463
13046271464
13046271487
13046271494
13046271495
13046271513
13046271549
13046271562
13046271572
13046271590
13046271594
13046271647
13046271693
13046271707
13046271742
13046271847
13046271947
13046271983
13046272024
13046272042
13046272047
13046272049
13046272149
13046272214
13046272347
13046272374
13046272414
13046272450
13046272451
13046272474
13046272475
13046272485
13046272534
13046272541
13046272546
13046272547
13046272594
13046272595
13046272657
13046272664
13046272665
13046272690
13046272694
13046272815
13046272914
13046272942
13046272945
13046273014
13046273045
13046273046
13046273074
13046273124
13046273125
13046273146
13046273164
13046273176
13046273194
13046273227
13046273247
13046273249
13046273287
13046273291
13046273341
13046273384
13046273394
13046273440
13046273460
13046273463
13046273469
13046273479
13046273483
13046273491
13046273493
13046273543
13046273620
13046273624
13046273625
13046273641
13046273740
13046273741
13046273753
13046273801
13046273816
13046273841
13046273854
13046273872
13046273907
13046273934
13046274041
13046274046
13046274067
13046274071
13046274094
13046274143
13046274175
13046274190
13046274210
13046274241
13046274251
13046274267
13046274283
13046274292
13046274301
13046274359
13046274361
13046274367
13046274372
13046274374
13046274462
13046274614
13046274642
13046274663
13046274712
13046274762
13046274765
13046274772
13046274803
13046274867
13046274875
13046274907
13046274937
13046274948
13046274951
13046274961
13046274962
13046274963
13046274970
13046274973
13046275014
13046275024
13046275034
13046275054
13046275104
13046275124
13046275146
13046275154
13046275214
13046275241
13046275246
13046275264
13046275271
13046275294
13046275365
13046275371
13046275463
13046275469
13046275475
13046275493
13046275521
13046275621
13046275624
13046275634
13046275649
13046275732
13046275790
13046275892
13046275895
13046275940
13046275946
13046275948
13046275964
13046276032
13046276053
13046276084
13046276103
13046276142
13046276244
13046276247
13046276344
13046276364
13046276394
13046276461
13046276473
13046276497
13046276514
13046276594
13046276824
13046276843
13046276854
13046276894
13046276941
13046277034
13046277084
13046277104
13046277149
13046277214
13046277246
13046277340
13046277394
13046277454
13046277479
13046277481
13046277536
13046277545
13046277570
13046277654
13046277894
13046278054
13046278074
13046278134
13046278146
13046278317
13046278334
13046278450
13046278497
13046278531
13046278532
13046278545
13046278546
13046278549
13046278574
13046278627
13046278649
13046278674
13046278741
13046278743
13046278749
13046278940
13046279034
13046279091
13046279160
13046279172
13046279174
13046279175
13046279241
13046279342
13046279351
13046279354
13046279447
13046279449
13046279461
13046279467
13046279491
13046279543
13046279601
13046279647
13046279674
13046279675
13046279734
13046279747
13046279754
13046279837
13046279846
13046279847
13046279864
13046280264
13046280284
13046280447
13046280454
13046280464
13046280643
13046280645
13046280749
13046280894
13046280946
13046281045
13046281054
13046281264
13046281274
13046281549
13046281635
13046281741
13046281754
13046281942
13046281954
13046282194
13046282374
13046282442
13046282749
13046282794
13046283045
13046283184
13046283746
13046283754
13046283794
13046283845
13046283947
13046283964
13046284324
13046284534
13046284547
13046284584
13046284712
13046284874
13046284894
13046285034
13046285164
13046285174
13046285243
13046285294
13046285324
13046285344
13046285374
13046285494
13046285674
13046285756
13046285764
13046285794
13046286264
13046286342
13046286374
13046286584
13046286724
13046287134
13046287164
13046287694
13046287854
13046287934
13046287954
13046287974
13046288594
13046289214
13046289374
13046289574
13046289594
13046290172
13046290276
13046290667
13046290681
13046290740
13046290794
13046290844
13046291052
13046291074
13046291084
13046291571
13046291574
13046291594
13046291621
13046291624
13046291635
13046291657
13046291660
13046291664
13046291672
13046291673
13046291694
13046291741
13046291743
13046291747
13046291754
13046291785
13046291817
13046291859
13046291941
13046291943
13046291954
13046292027
13046292034
13046292041
13046292043
13046292046
13046292076
13046292148
13046292179
13046292594
13046292634
13046292764
13046293946
13046294067
13046294560
13046294658
13046294759
13046294760
13046294763
13046294784
13046294791
13046294797
13046294814
13046294847
13046294954
13046295094
13046295146
13046295195
13046295246
13046295264
13046295344
13046295370
13046295394
13046295401
13046295441
13046295472
13046295473
13046295475
13046295481
13046295486
13046295493
13046295542
13046295563
13046295631
13046295731
13046295734
13046295745
13046295760
13046295840
13046295845
13046295864
13046295940
13046295941
13046295943
13046295974
13046296047
13046296054
13046296075
13046296234
13046296241
13046296247
13046296313
13046296474
13046296482
13046296484
13046296493
13046296651
13046296764
13046296847
13046297034
13046297047
13046297054
13046297184
13046297214
13046297241
13046297246
13046297324
13046297334
13046297421
13046297451
13046297457
13046297491
13046297495
13046297537
13046297541
13046297617
13046297641
13046297684
13046297752
13046297835
13046297847
13046297861
13046297941
13046298072
13046298194
13046298342
13046298364
13046298421
13046298479
13046298514
13046298531
13046298604
13046298641
13046298694
13046298705
13046299076
13046299547
13068502507
13068503376
13068505462
13068505621
13068505702
13068507190
13068507652
13068509537
13068509871
13068510152
13068511602
13068515830
13068516921
13068517152
13068517971
13068518730
13068519026
13068519761
13068521252
13068521481
13068521631
13068524981
13068526917
13068529172
13068529251
13068529253
13068529754
13068531035
13068531635
13068531721
13068531821
13068533053
13068535937
13068536217
13068536602
13068538975
13068539057
13068539529
13068539562
13071600175
13071600259
13071602608
13071602950
13071603073
13071603703
13071603705
13071603861
13071606301
13071606913
13071607125
13071607363
13071607502
13071607593
13071608720
13071608761
13071608973
13071610075
13071610125
13071610162
13071610196
13071610237
13071610259
13071610265
13071610267
13071610272
13071610282
13071610302
13071610352
13071610387
13071610561
13071610591
13071610632
13071610673
13071610679
13071610736
13071610756
13071610797
13071610829
13071610865
13071610915
13071610979
13071610986
13071611051
13071611065
13071611069
13071611091
13071611272
13071611287
13071611326
13071611331
13071611351
13071611385
13071611503
13071611523
13071611526
13071611587
13071611630
13071611707
13071611727
13071611782
13071611827
13071611836
13071611850
13071611861
13071611970
13071611987
13071612081
13071612137
13071612176
13071612191
13071612265
13071612271
13071612285
13071612376
13071612379
13071612556
13071612585
13071612601
13071612609
13071612615
13071612619
13071612656
13071612687
13071612703
13071612731
13071612790
13071612810
13071612827
13071612836
13071612839
13071612862
13071612901
13071612903
13071612962
13071613029
13071613036
13071613070
13071613126
13071613150
13071613176
13071613201
13071613207
13071613209
13071613221
13071613229
13071613273
13071613291
13071613515
13071613551
13071613583
13071613659
13071613717
13071613719
13071613725
13071613726
13071613727
13071613756
13071613780
13071613793
13071613798
13071613801
13071613802
13071613813
13071613862
13071613903
13071613951
13071613952
13071614042
13071614047
13071614064
13071614184
13071615023
13071615052
13071615056
13071615070
13071615102
13071615132
13071615163
13071615190
13071615195
13071615250
13071615253
13071615257
13071615260
13071615262
13071615282
13071615297
13071615370
13071615395
13071615579
13071615673
13071615712
13071615765
13071615779
13071615783
13071615786
13071615797
13071615806
13071615832
13071615837
13071615872
13071615967
13071615971
13071615986
13071615995
13071616225
13071616387
13071616501
13071616531
13071616539
13071616580
13071616596
13071617059
13071617089
13071617131
13071617136
13071617159
13071617250
13071617259
13071617270
13071617286
13071617287
13071617290
13071617291
13071617297
13071617303
13071617307
13071617309
13071617310
13071617315
13071617323
13071617327
13071617330
13071617356
13071617357
13071617365
13071617367
13071617370
13071617379
13071617521
13071617530
13071617537
13071617550
13071617561
13071617578
13071617595
13071617621
13071617670
13071617710
13071617723
13071617736
13071617793
13071617801
13071617827
13071617862
13071617867
13071617892
13071617897
13071617905
13071617910
13071617912
13071617923
13071617930
13071617931
13071617971
13071617973
13071617987
13071618026
13071618105
13071618135
13071618170
13071618171
13071618172
13071618205
13071618230
13071618253
13071618261
13071618271
13071618307
13071618330
13071618337
13071618351
13071618352
13071618372
13071618373
13071618374
13071618397
13071618517
13071618535
13071618595
13071618603
13071618637
13071618652
13071618657
13071618670
13071618706
13071618753
13071618763
13071618932
13071618951
13071618962
13071619025
13071619156
13071619176
13071619202
13071619203
13071619221
13071619232
13071619236
13071619259
13071619260
13071619271
13071619285
13071619286
13071619287
13071619293
13071619295
13071619303
13071619305
13071619309
13071619310
13071619323
13071619325
13071619332
13071619352
13071619379
13071619386
13071619503
13071619510
13071619570
13071619590
13071619602
13071619615
13071619706
13071619713
13071619719
13071619730
13071619735
13071619736
13071619752
13071619758
13071619776
13071619812
13071619821
13071619863
13071620131
13071620159
13071620161
13071620185
13071620192
13071620287
13071620320
13071620507
13071620569
13071620573
13071620635
13071620732
13071620795
13071620796
13071620797
13071620798
13071620805
13071620831
13071620923
13071620959
13071621032
13071621051
13071621052
13071621057
13071621059
13071621071
13071621075
13071621102
13071621152
13071621176
13071621179
13071621190
13071621215
13071621217
13071621251
13071621263
13071621271
13071621275
13071621276
13071621290
13071621297
13071621302
13071621307
13071621326
13071621350
13071621365
13071621371
13071621375
13071621395
13071621503
13071621508
13071621517
13071621527
13071621531
13071621557
13071621565
13071621580
13071621586
13071621592
13071621595
13071621601
13071621603
13071621607
13071621619
13071621653
13071621705
13071621715
13071621725
13071621726
13071621758
13071621760
13071621769
13071621791
13071621795
13071621798
13071621817
13071621823
13071621835
13071621851
13071621863
13071621865
13071621870
13071621876
13071621890
13071621891
13071621893
13071621925
13071621960
13071621965
13071621971
13071621972
13071621979
13071621987
13071622013
13071622059
13071622107
13071622109
13071622151
13071622157
13071622178
13071622197
13071622275
13071622305
13071622316
13071622351
13071622357
13071622359
13071622360
13071622362
13071622367
13071622372
13071622385
13071622392
13071622393
13071622395
13071622501
13071622519
13071622539
13071622571
13071622573
13071622590
13071622603
13071622605
13071622630
13071622650
13071622653
13071622657
13071622672
13071622675
13071622687
13071622690
13071622696
13071622729
13071622739
13071622807
13071622821
13071622825
13071622835
13071622850
13071622860
13071622872
13071622923
13071622925
13071622937
13071622952
13071622953
13071622962
13071622967
13071622971
13071623021
13071623023
13071623025
13071623037
13071623061
13071623065
13071623072
13071623073
13071623082
13071623085
13071623087
13071623106
13071623121
13071623125
13071623139
13071623152
13071623160
13071623161
13071623171
13071623172
13071623173
13071623191
13071623201
13071623209
13071623225
13071623227
13071623259
13071623265
13071623391
13071623501
13071623506
13071623507
13071623509
13071623513
13071623515
13071623516
13071623519
13071623523
13071623527
13071623528
13071623529
13071623530
13071623531
13071623532
13071623536
13071623537
13071623550
13071623562
13071623563
13071623571
13071623573
13071623576
13071623579
13071623580
13071623582
13071623585
13071623586
13071623587
13071623590
13071623591
13071623595
13071623596
13071623597
13071623609
13071623685
13071623862
13071623878
13071623958
13071625001
13071625002
13071625015
13071625016
13071625021
13071640507
13071641151
13071641191
13071650541
13071657492
13071658657
13071664475
13071665764
13071668904
13071670945
13071673201
13071674034
13071674371
13071675024
13071677192
13071677492
13071679364
13071683457
13071684042
13071684749
13071685490
13071690343
13071690394
13071690754
13071692746
13071693460
13071693474
13071693594
13071694171
13071695946
13071696084
13071696549
13071697481
13071699484
13071699514
13071699643
13071699724
13071699740
13071699744
13071699841
13071699847
13071699854
13104980149
13104980285
13104980643
13104981145
13104981449
13104981464
13104981547
13104982084
13104982274
13104982391
13104982506
13104982535
13104982674
13104982943
13104983147
13104983291
13104983943
13104984240
13104984325
13104984676
13104984714
13104984825
13104984914
13104984961
13104985040
13104985196
13104985342
13104985349
13104985461
13104985465
13104985651
13104985967
13104986331
13104987204
13104987846
13104989164
13104989203
13104989235
13104989654
13104989724
13104989731
13126045079
13126045191
13126045359
13126045375
13126046352
13126046549
13126047230
13126047246
13126047560
13126047590
13126047591
13126047841
13126047941
13126047943
13126048149
13126048541
13126049441
13126049672
13126049753
13126053942
13126054049
13126054349
13126056072
13126057259
13126059735
13126079684
13126097481
13138725341
13138730492
13138740021
13138740132
13138740135
13138740187
13138740281
13138740290
13138740372
13138740382
13138740385
13138740387
13138740553
13138740585
13138740736
13138740756
13138740953
13138740957
13138741265
13138741320
13138741325
13138741525
13138741565
13138741581
13138741970
13138742052
13138742101
13138742320
13138742510
13138742529
13138742579
13138742607
13138742703
13138742973
13138743075
13138743175
13138743251
13138743291
13138743302
13138743507
13138743509
13138743525
13138743579
13138743586
13138743625
13138743670
13138743736
13138743765
13138743975
13138745187
13138745250
13138745306
13138745307
13138745605
13138745736
13138746291
13138746293
13138746513
13138746590
13138746731
13138746752
13138746761
13138746873
13138747073
13138747092
13138747251
13138747262
13138747276
13138747291
13138747562
13138748025
13138748072
13138748171
13138748260
13138748285
13138748320
13138748573
13138748992
13138749031
13138749172
13138749252
13138749316
13138749360
13138749475
13138749532
13138749590
13138749609
13138749613
13138749751
13138749821
13138749863
13138749916
13138754740
13138754795
13138763461
13138765941
13138789540
13138798461
13169160241
13169160392
13169160572
13169163107
13169163129
13169165081
13169170481
13169174795
13169176743
13169186483
13169760243
13169784081
13169784781
13169791546
13189503756
13189504261
13189504292
13189504462
13189504475
13189504616
13189504763
13189505341
13189505472
13189505721
13189506942
13189507461
13189507496
13189507943
13189508142
13189508671
13189509341
13189512041
13189512442
13189512462
13189512492
13189512642
13189513745
13189514075
13189514245
13189514261
13189514270
13189514576
13189514792
13189515741
13189515843
13189516346
13189516475
13189516481
13189516540
13189517240
13189517463
13189517476
13189517541
13189517646
13189517842
13189517943
13189518130
13189518171
13189518240
13189518343
13189519145
13189519421
13189519451
13189521094
13189521143
13189521674
13189524753
13189524943
13189530185
13189530241
13189530242
13189530851
13189530971
13189531297
13189531746
13189531795
13189531901
13189534291
13189534875
13189534972
13189535469
13189535697
13189535742
13189536041
13189536317
13189536787
13189537183
13189537341
13189538025
13189540243
13189540376
13189540471
13189540492
13189540641
13189540751
13189540843
13189541049
13189541421
13189541452
13189541460
13189541472
13189541481
13189541649
13189541715
13189541942
13189543481
13189550581
13189551760
13189569481
13189570250
13189572041
13189572083
13189572360
13189573062
13189573491
13189576153
13189576173
13189576251
13189576352
13189576515
13189576912
13189578103
13189578105
13189578301
13189579652
13189599181
13226280674
13232152371
13232157824
13232159076
13232160195
13232160519
13232160690
13232160867
13232161256
13232162072
13232162102
13232162157
13232162317
13232163072
13232163615
13232163675
13232165257
13232165395
13232167331
13232167597
13232167901
13232167932
13232167965
13232168037
13232168197
13232169250
13232169372
13232169752
13232169871
13257670291
15602510972
15602514965
15602517341
15602518571
15602518731
15622039045
15622053572
15622057470
15622057591
15622058247
15626702521
15626702897
15626703727
15626703941
15626703959
15626705729
15626705910
15626706201
15626706817
15626706912
15626708230
15626709574
15626709662
15626717542
15626718414
15626720571
15626721841
15626721902
15626724807
15626731350
15627507817
15627510791
15627512903
15627513457
15627513795
15627513879
15627515269
15627516540
15627518675
15627518734
15627520365
15627530432
15627530635
15627557073
15627559717
15627561582
15627562870
15627569785
15627571572
15627578097
15627580146
15627581957
15627591831
15627592834
15627594475
15627599635
16698002637
16698002836
16698003047
16698003710
16698003726
16698003954
16698004201
16698005362
16698005704
16698005832
16698006544
16698007504
16698007837
16698008547
16698009725
16698070064
16698070131
16698070934
16698071044
16698071354
16698071421
16698071452
16698072141
16698072491
16698072534
16698072546
16698073245
16698073464
16698073471
16698073487
16698073674
16698073847
16698074032
16698074204
16698074472
16698074524
16698074703
16698074927
16698074961
16698075294
16698075304
16698075394
16698075460
16698077309
16698077342
16698078394
16698078397
16698078401
16698078462
16698078534
16698079157
16698079364
16698079492
16698079844
17506280069
17506282643
17506282713
17506282787
17506282941
17506282953
17506283034
17506283054
17506283103
17506283124
17506283129
17506283140
17506283194
17506283405
17506283419
17506283470
17506283493
17506283496
17506283542
17506283547
17506283549
17506283712
17506284049
17506284161
17506284165
17506284291
17506284371
17506284397
17506284480
17506284610
17506284629
17506284691
17506284810
17506284923
17506285247
17506285265
17506285274
17506285443
17506285624
17506285724
17506285730
17506285943
17506286142
17506286249
17506286274
17506286304
17506286347
17506286545
17506286710
17506286741
17506286750
17506287046
17506287126
17506287143
17506287191
17506287223
17506287301
17506287384
17506287405
17506287427
17506287514
17506287647
17506287841
17506287863
17506288254
17506288351
17506288407
17506288410
17506288751
17506288945
17506289015
17506289053
17506289059
17506289245
17506289252
17506289263
17506289416
17506289704
17506289741
17520581443
17520581482
17520581664
17520582407
17520582493
17520583154
17520583427
17520584061
17520584104
17520584761
17520585429
17520585504
17520585549
17520585924
17520586487
17520586814
17520587049
17520587427
17520587854
17520588494
17520589342
17520589479
17520589640
17520589643
17520589714
17520593620
17520594187
17520594897
17520596271
17688362584
17688364763
17688367543
18575114309
18575114605
18607672394
18675681604
18675683754
18675684656
27246967674