13026600143
13026600175
13026600204
13026600251
13026600652
13026600852
13026601301
13026601359
13026601744
13026601832
13026601878
13026601912
13026602085
13026602161
13026602348
13026602374
13026603171
13026603254
13026603503
13026603971
13026603983
13026604347
13026604513
13026604779
13026605303
13026605640
13026605690
13026605962
13026606232
13026606805
13026606893
13026607126
13026607304
13026607473
13026608043
13026608269
13026608342
13026608987
13026609007
13026609664
13026610670
13026610917
13026610971
13026611039
13026611304
13026611419
13026612565
13026612596
13026613452
13026613651
13026613942
13026614035
13026614145
13026614334
13026614510
13026614647
13026615310
13026615357
13026615398
13026615459
13026615727
13026615872
13026616144
13026616218
13026616746
13026617467
13026617712
13026617716
13026618169
13026618267
13026618529
13026618924
13026619003
13026619369
13026619406
13026619494
13026620094
13026620154
13026620186
13026620563
13026621080
13026621192
13026621251
13026621279
13026621307
13026621468
13026621773
13026622441
13026622735
13026623361
13026623498
13026623517
13026623640
13026624010
13026624267
13026624302
13026624317
13026624494
13026624680
13026624735
13026625295
13026625324
13026625383
13026625408
13026625612
13026625794
13026626010
13026626041
13026626135
13026626144
13026626167
13026626396
13026626398
13026626474
13026626790
13026626791
13026627150
13026627212
13026627281
13026627539
13026627546
13026627606
13026627705
13026627832
13026628271
13026629160
13026629564
13026629667
13026630174
13026630973
13026632273
13026632319
13026632410
13026632436
13026632849
13026632984
13026633180
13026633219
13026633246
13026633317
13026633443
13026633716
13026634024
13026634092
13026634427
13026634439
13026634553
13026634623
13026634705
13026635016
13026635067
13026635069
13026635574
13026635862
13026635880
13026636301
13026636484
13026636927
13026637080
13026637284
13026637344
13026637428
13026637506
13026637531
13026637594
13026637603
13026637813
13026637893
13026638125
13026638476
13026638905
13026638915
13026638930
13026638993
13026639187
13026639540
13026650087
13026650171
13026650258
13026650367
13026650379
13026650924
13026651064
13026651142
13026651220
13026651362
13026651744
13026651767
13026652148
13026652175
13026652326
13026652429
13026652912
13026652920
13026653035
13026653271
13026653291
13026653347
13026653750
13026653784
13026654103
13026654113
13026654368
13026654390
13026654468
13026654652
13026654727
13026654793
13026654804
13026654925
13026654989
13026655351
13026655361
13026655365
13026655401
13026655640
13026655708
13026656067
13026656179
13026657369
13026657964
13026658084
13026658171
13026658249
13026658354
13026658954
13026658982
13026659441
13026670390
13026670493
13026670602
13026670705
13026670802
13026670949
13026670975
13026671059
13026671086
13026671296
13026671365
13026671401
13026671454
13026671769
13026671926
13026672208
13026672491
13026672531
13026672674
13026672883
13026672968
13026673040
13026673042
13026673072
13026674015
13026674109
13026674245
13026674304
13026674502
13026674507
13026674510
13026674815
13026674904
13026675640
13026676142
13026676317
13026676389
13026676524
13026676951
13026677141
13026677258
13026677486
13026677628
13026677925
13026678034
13026678235
13026678570
13026678847
13026678945
13026679163
13026679209
13026679364
13026679437
13026679782
13026680087
13026680419
13026680582
13026680992
13026681069
13026681286
13026681370
13026681390
13026681593
13026681736
13026681844
13026682045
13026682125
13026682234
13026682347
13026682474
13026682684
13026682707
13026683041
13026683532
13026683682
13026683741
13026684072
13026684094
13026684136
13026684393
13026684495
13026684643
13026684881
13026685238
13026685286
13026685908
13026685921
13026685946
13026686172
13026686376
13026686428
13026686941
13026687165
13026687284
13026687383
13026687434
13026687653
13026687712
13026688101
13026689096
13026689325
13026689504
13026689719
13026689749
13026689867
13026690349
13026690756
13026690786
13026691136
13026691704
13026691745
13026692054
13026692379
13026692524
13026692739
13026693401
13026693516
13026693644
13026693880
13026694107
13026694335
13026694393
13026694463
13026694613
13026694857
13026695272
13026695376
13026695875
13026695982
13026696127
13026697134
13026697193
13026697376
13026697579
13026697852
13026698237
13026698289
13026698372
13026698425
13026698592
13026699320
13026699765
13026699783
13028800267
13028800416
13028800701
13028800878
13028801519
13028801663
13028801869
13028802136
13028802179
13028802439
13028802460
13028804252
13028804313
13028804365
13028804638
13028804756
13028804886
13028804975
13028805294
13028805404
13028805831
13028806425
13028806619
13028806758
13028806853
13028807429
13028807507
13028807744
13028807783
13028807994
13028808287
13028808543
13028809019
13028809089
13028809482
13028809936
13028810448
13028810559
13028810673
13028810693
13028810758
13028810852
13028811257
13028811363
13028811597
13028811657
13028811730
13028811852
13028811943
13028812396
13028812478
13028812569
13028812614
13028813040
13028813072
13028813217
13028813237
13028813249
13028813367
13028813943
13028814007
13028814174
13028814317
13028815861
13028816435
13028816694
13028817394
13028817585
13028817908
13028818360
13028818697
13028818757
13028819245
13028819354
13028819406
13028819426
13028819476
13028819934
13028820171
13028820327
13028820646
13028821064
13028821196
13028821474
13028821517
13028821524
13028821729
13028821847
13028821896
13028822078
13028822082
13028822491
13028822729
13028822927
13028823275
13028823791
13028823954
13028824121
13028824284
13028824339
13028824460
13028824609
13028824674
13028825297
13028826561
13028826774
13028826779
13028827060
13028827142
13028827213
13028828146
13028828249
13028828985
13028829453
13028829471
13028829593
13028829718
13028829730
13028829931
13028830057
13028830132
13028830375
13028830539
13028831058
13028831174
13028831378
13028831529
13028831541
13028831634
13028831902
13028832546
13028832569
13028832607
13028832640
13028833148
13028833428
13028833705
13028833795
13028833943
13028834105
13028834131
13028834232
13028834268
13028834913
13028835587
13028835674
13028835879
13028836498
13028836634
13028836846
13028837047
13028837093
13028837109
13028837275
13028837353
13028838024
13028838087
13028839476
13028839714
13028839782
13028840442
13028841140
13028841224
13028841439
13028841554
13028842514
13028842624
13028843094
13028843457
13028843464
13028844135
13028844184
13028844186
13028844187
13028848604
13028849403
13028849476
13028849492
13028849842
13028849984
13028850395
13028850784
13028851063
13028851430
13028851448
13028851550
13028851759
13028852172
13028852737
13028852791
13028853020
13028853107
13028853124
13028853570
13028854179
13028854454
13028854458
13028854668
13028854672
13028854829
13028854884
13028854981
13028855301
13028855376
13028855435
13028856346
13028856505
13028856784
13028856864
13028857093
13028857163
13028857583
13028858095
13028858254
13028858347
13028858405
13028858736
13028859547
13028859570
13028859650
13028860171
13028860244
13028860264
13028861920
13028862103
13028862109
13028862125
13028862163
13028862317
13028862872
13028862975
13028863009
13028863249
13028863431
13028864202
13028864342
13028864498
13028864569
13028864623
13028864950
13028865621
13028866542
13028867564
13028867691
13028868361
13028869351
13028869723
13028869954
13028870054
13028870208
13028870674
13028871134
13028871418
13028871569
13028872085
13028873125
13028873139
13028873235
13028873638
13028873892
13028874389
13028874546
13028874810
13028875321
13028875842
13028875871
13028876246
13028876447
13028876881
13028877279
13028877935
13028878432
13028878626
13028879437
13028879602
13028879651
13028890460
13028890632
13028890964
13028891392
13028891730
13028891787
13028892275
13028892305
13028892548
13028892897
13028893254
13028893406
13028893474
13028893482
13028893538
13028893754
13028893784
13028893804
13028893946
13028893952
13028894139
13028894257
13028894593
13028894640
13028894643
13028894802
13028894943
13028895149
13028895368
13028895410
13028895845
13028896072
13028896349
13028896540
13028896654
13028897078
13028897172
13028897442
13028897631
13028897798
13028897801
13028897838
13028898385
13028898436
13028898646
13077800028
13077800042
13077800183
13077800196
13077800203
13077800291
13077800292
13077800341
13077800356
13077800457
13077800524
13077800573
13077800624
13077800652
13077800669
13077800728
13077800745
13077800761
13077800815
13077800817
13077800824
13077800831
13077800854
13077800867
13077800873
13077800883
13077800970
13077801051
13077801140
13077801163
13077801246
13077801308
13077801323
13077801334
13077801350
13077801352
13077801364
13077801404
13077801425
13077801428
13077801464
13077801478
13077801486
13077801527
13077801528
13077801534
13077801571
13077801621
13077801675
13077801693
13077801763
13077801814
13077801843
13077801856
13077801859
13077801869
13077801886
13077801890
13077801937
13077802045
13077802108
13077802149
13077802151
13077802164
13077802187
13077802251
13077802349
13077802378
13077802410
13077802425
13077802436
13077802457
13077802464
13077802481
13077802529
13077802579
13077802583
13077802640
13077802665
13077802670
13077802691
13077802704
13077802710
13077802721
13077802740
13077802764
13077802792
13077802839
13077802856
13077802880
13077802906
13077802941
13077802996
13077803026
13077803062
13077803079
13077803094
13077803117
13077803167
13077803181
13077803206
13077803237
13077803267
13077803272
13077803282
13077803458
13077803506
13077803554
13077803565
13077803580
13077803584
13077803589
13077803610
13077803612
13077803640
13077803684
13077803703
13077803723
13077803825
13077803947
13077804058
13077804075
13077804139
13077804216
13077804276
13077804293
13077804327
13077804348
13077804450
13077804516
13077804565
13077804698
13077804707
13077804747
13077804748
13077804924
13077804953
13077804975
13077805321
13077805350
13077805404
13077805434
13077805439
13077805441
13077805692
13077805764
13077805860
13077805918
13077805928
13077805945
13077806019
13077806109
13077806172
13077806220
13077806235
13077806248
13077806284
13077806323
13077806569
13077806585
13077806594
13077806704
13077806707
13077806841
13077807029
13077807031
13077807089
13077807124
13077807146
13077807170
13077807294
13077807402
13077807417
13077807461
13077807510
13077807527
13077807747
13077807828
13077807867
13077807891
13077807944
13077807945
13077807976
13077808019
13077808097
13077808109
13077808159
13077808161
13077808212
13077808281
13077808304
13077808306
13077808346
13077808423
13077808448
13077808478
13077808592
13077808597
13077808660
13077808706
13077808843
13077808853
13077808897
13077808904
13077809043
13077809093
13077809152
13077809236
13077809254
13077809370
13077809459
13077809470
13077809547
13077809626
13077809728
13077809729
13077809785
13077809816
13077810024
13077810087
13077810174
13077810187
13077810227
13077810294
13077810309
13077810363
13077810432
13077810552
13077810574
13077810609
13077810665
13077810758
13077810905
13077810940
13077810956
13077810957
13077810992
13077811005
13077811031
13077811069
13077811149
13077811156
13077811186
13077811193
13077811245
13077811307
13077811324
13077811351
13077811365
13077811407
13077811456
13077811490
13077811541
13077811621
13077811672
13077811709
13077811794
13077811893
13077811920
13077811947
13077812158
13077812261
13077812302
13077812360
13077812456
13077812619
13077812631
13077812670
13077812690
13077812710
13077812781
13077812783
13077812809
13077812819
13077812864
13077812944
13077813009
13077813036
13077813069
13077813203
13077813247
13077813359
13077813398
13077813502
13077813551
13077813619
13077813635
13077813697
13077813724
13077813749
13077813761
13077813820
13077813861
13077813914
13077813954
13077813960
13077814042
13077814068
13077814078
13077814143
13077814235
13077814242
13077814291
13077814302
13077814394
13077814418
13077814423
13077814464
13077814560
13077814708
13077814884
13077814965
13077815042
13077815072
13077815080
13077815209
13077815253
13077815258
13077815260
13077815270
13077815327
13077815431
13077815443
13077815483
13077815576
13077815594
13077815637
13077815690
13077815691
13077815732
13077815734
13077815763
13077815813
13077815819
13077815850
13077815942
13077816046
13077816150
13077816195
13077816202
13077816235
13077816245
13077816275
13077816279
13077816426
13077816448
13077816464
13077816468
13077816491
13077816495
13077816512
13077816515
13077816683
13077816796
13077816862
13077817076
13077817160
13077817194
13077817202
13077817204
13077817340
13077817352
13077817393
13077817535
13077817540
13077817554
13077817568
13077817610
13077817651
13077817682
13077817686
13077817705
13077817765
13077817796
13077817844
13077817872
13077817892
13077818244
13077818278
13077818337
13077818354
13077818439
13077818490
13077818569
13077818854
13077819104
13077819120
13077819126
13077819175
13077819204
13077819238
13077819242
13077819281
13077819303
13077819310
13077819403
13077819476
13077819517
13077819548
13077819562
13077819625
13077819645
13077819718
13077819826
13077819830
13077819892
13077820165
13077820254
13077820257
13077820389
13077820416
13077820453
13077820472
13077820504
13077820547
13077820563
13077820570
13077820610
13077820613
13077820751
13077820857
13077820870
13077820903
13077821015
13077821044
13077821197
13077821230
13077821242
13077821273
13077821343
13077821370
13077821397
13077821414
13077821510
13077821559
13077821560
13077821578
13077821592
13077821595
13077821753
13077821887
13077821947
13077822074
13077822238
13077822251
13077822313
13077822330
13077822360
13077822416
13077822472
13077822486
13077822526
13077822540
13077822719
13077822791
13077822951
13077823072
13077823112
13077823227
13077823385
13077823439
13077823442
13077823506
13077823528
13077823806
13077823859
13077823894
13077823932
13077824169
13077824236
13077824245
13077824301
13077824381
13077824452
13077824484
13077824620
13077824649
13077824706
13077824731
13077824739
13077824834
13077824844
13077824856
13077824964
13077825032
13077825082
13077825130
13077825131
13077825249
13077825312
13077825397
13077825426
13077825489
13077825526
13077825548
13077825560
13077825581
13077825618
13077825630
13077825647
13077825689
13077825710
13077825729
13077825751
13077825830
13077825921
13077825943
13077826059
13077826071
13077826224
13077826234
13077826325
13077826367
13077826424
13077826496
13077826537
13077826701
13077826729
13077826751
13077826897
13077826936
13077826947
13077827027
13077827207
13077827208
13077827320
13077827461
13077827495
13077827504
13077827616
13077827647
13077827751
13077827873
13077827879
13077827881
13077827918
13077827938
13077828060
13077828214
13077828215
13077828309
13077828324
13077828369
13077828390
13077828463
13077828527
13077828551
13077828587
13077828603
13077828639
13077828937
13077828997
13077829030
13077829094
13077829119
13077829161
13077829167
13077829204
13077829362
13077829412
13077829429
13077829459
13077829467
13077829535
13077829569
13077829679
13077829880
13077829918
13077829976
13077830115
13077830159
13077830243
13077830253
13077830269
13077830274
13077830324
13077830353
13077830374
13077830413
13077830439
13077830483
13077830503
13077830725
13077830758
13077830824
13077830947
13077830948
13077831101
13077831163
13077831187
13077831209
13077831254
13077831256
13077831289
13077831310
13077831416
13077831428
13077831483
13077831509
13077831612
13077831644
13077831658
13077831787
13077831791
13077831938
13077832051
13077832071
13077832124
13077832134
13077832184
13077832271
13077832302
13077832349
13077832354
13077832413
13077832457
13077832468
13077832493
13077832508
13077832728
13077832741
13077832776
13077832794
13077832864
13077832975
13077833094
13077833101
13077833179
13077833257
13077833397
13077833439
13077833453
13077833503
13077833515
13077833558
13077833623
13077833631
13077833803
13077833809
13077833854
13077833872
13077833936
13077833941
13077833994
13077833996
13077834014
13077834048
13077834080
13077834092
13077834136
13077834168
13077834190
13077834231
13077834261
13077834302
13077834371
13077834373
13077834412
13077834414
13077834424
13077834461
13077834462
13077834463
13077834469
13077834487
13077834493
13077834620
13077834710
13077834783
13077834803
13077834806
13077834859
13077834867
13077834927
13077834979
13077835068
13077835087
13077835142
13077835226
13077835303
13077835327
13077835367
13077835405
13077835414
13077835519
13077835598
13077835629
13077835638
13077835657
13077835765
13077835776
13077835785
13077835845
13077836010
13077836017
13077836046
13077836070
13077836144
13077836182
13077836184
13077836249
13077836458
13077836459
13077836471
13077836575
13077836584
13077836596
13077836673
13077836716
13077836740
13077836753
13077836841
13077836845
13077836941
13077836953
13077837010
13077837027
13077837114
13077837158
13077837308
13077837314
13077837316
13077837394
13077837443
13077837446
13077837457
13077837467
13077837498
13077837514
13077837534
13077837582
13077837594
13077837825
13077837915
13077837948
13077837949
13077837983
13077838031
13077838064
13077838152
13077838160
13077838214
13077838249
13077838287
13077838292
13077838405
13077838445
13077838475
13077838535
13077838540
13077838640
13077838683
13077838720
13077838727
13077838731
13077838737
13077838774
13077838892
13077838907
13077838917
13077838920
13077838943
13077839020
13077839064
13077839094
13077839207
13077839213
13077839264
13077839324
13077839351
13077839385
13077839403
13077839407
13077839690
13077839720
13077839741
13077839783
13077839823
13077839940
13077839944
13077839962
13077839975
13077840432
13077840462
13077840471
13077841184
13077841248
13077841437
13077841447
13077841463
13077841481
13077841493
13077841846
13077842471
13077842649
13077843403
13077843454
13077843492
13077843554
13077843847
13077844079
13077844085
13077844092
13077844127
13077844159
13077844229
13077844271
13077844294
13077844460
13077844579
13077844671
13077844739
13077844744
13077844774
13077844825
13077844892
13077844902
13077844941
13077844980
13077845457
13077845484
13077846147
13077846154
13077846374
13077846478
13077846483
13077847432
13077847461
13077847624
13077847946
13077848264
13077848453
13077848824
13077848948
13077848984
13077849042
13077849463
13077849475
13077849481
13077849746
13077849747
13077849947
13149933571
13265569652
13265631672
13265795291
13266823980
13266826023
16625191949
17503076623
17603015627
17620375963
17665224950
18503093935
18529568014
18529590571
18565737101
18566713942
18576703152
18598062763
18598077865
18603040690
18603045338
18603047015
18603049631
18617040996
18617043126
18617043763
18617045687
18617046832
18617048079
18617113288
18617142993
18617143102
18617146680
18617146806
18617147689
18617148637
18617149113
18617149181
18617185484
18620340983
18620342656
18620342657
18620346983
18664300767
18664301769
18664303162
18664308690
18664309010
18664311163
18664313270
18664315202
18664316529
18664316702
18664317019
18664319858
18664321292
18664326327
18664326720
18664327953
18664328187
18664329130
18664331328
18664332650
18664335315
18664336250
18664336815
18664337075
18664340025
18664341752
18664345929
18664346156
18664346630
18664347015
18664350564
18664351068
18664351551
18664352275
18664352753
18664353239
18664353608
18664356601
18664358352
18664359379
18664359657
18664360065
18664360980
18664362581
18664367368
18664369582
18664370687
18664371098
18664375056
18664375773
18664375912
18664376950
18664377576
18664377970
18664380873
18664381779
18664385219
18664385731
18664387158
18664387753
18664389957
18664391037
18664392879
18664393195
18664393392
18664393672
18664395291
18664396712
18664397925
18664398301
18664551576
18664556373
18664557635
18664558037
18664558705
18664560885
18664562115
18664563072
18664563207
18664563751
18664567302
18664568205
18664569578
18664569593
18664570556
18664573195
18664576993
18664578376
18664580363
18664580976
18664581393
18664583090
18664585582
18664586697
18664589820
18664592575
18664595506
18664597290
18664598370
18664599518
18664911390
18664912998
18664913973
18664915569
18664917019
18664918182
18664919120
18664920286
18664920859
18664921303
18664921913
18664923538
18664923831
18664926727
18664926901
18664929580
18664931881
18664935813
18664935851
18664937662
18664939612
18664939736
18664940780
18664941762
18664942836
18664945053
18664945729
18664946510
18664951676
18664957318
18664957993
18664960896
18664961397
18664965260
18664967208
18664970159
18664975085
18664976338
18664976397
18664978581
18664978823
18664979902
18664980178
18664980397
18664982031
18664982116
18664982272
18664983218
18664983312
18664983885
18664983890
18664987121
18664988786
18664992216
18664998293
18665343172
18665349660
18665349958
18665840351
18665842519
18665842717
18665842863
18665845301
18665847665
18665940976
18675547787
18675548578
18675640861
18675641709
18675643282
18675643307
18675643739
18675649096
18676342383
18676345651
18676347117
18676347529
18676348087
18676741360
18676741575
18676742091
18676743097
18676745990
18676748895
18676749326
18676749767
18680341376
18680342328
18680346081
18680346189
18680346296
18680346372
18681430551
18681431697
18681431927
18681432113
18681433179
18681435769
18681436119
18681438586
18681438973
18681441187
18681441502
18681441651
18681442313
18681442972
18681445152
18681445607
18681446359
18681448221
18681448939
18681449872
18681451562
18681453653
18681453659
18681453785
18681457951
18681459220
18681459337
18681461051
18681469320
18681469890
18681471852
18681472801
18681477812
18681478026
18681478731
18681478873
18681479265
18681480079
18681480195
18681482103
18681482257
18681482564
18681483582
18681486397
18681487562
18681487713
18681487909
18681489603
18681489872
18681493121
18681495882
18681498291
18681498630
18681540021
18681542271
18681543676
18681545157
18681545901
18681546039
18681547703
18681547712
18681548029
18681548569
18681549129
18682040839
18682043587
18682045286
18682046658
18682046970
18682049301
18682140172
18682140232
18682140653
18682142753
18682143016
18682145506
18682147719
18682148753
18682241278
18682242797
18682243031
18682245507
18682246553
18682248516
18682248725
18682342296
18682342596
18682343875
18682347275
18682348516
18682400932
18682405685
18682409326
18682411180
18682411897
18682413758
18682415963
18682417397
18682419065
18682419960
18682421705
18682421892
18682422206
18682423189
18682423192
18682425086
18682427285
18682427338
18682427620
18682429078
18682429201
18682429630
18682432573
18682435970
18682436979
18682441787
18682441823
18682446037
18682447671
18682447679
18682448768
18682452665
18682452779
18682452823
18682453387
18682453706
18682456553
18682459323
18682460068
18682461257
18682462097
18682465793
18682467251
18682469819
18682469836
18682471090
18682471383
18682472356
18682472978
18682475705
18682477680
18682481296
18682482870
18682483857
18682483910
18682485572
18682489303
18682492316
18682492560
18682496507
18682499829
18688741397
18688745113
18688746283
18688746925
18688748180
18688748983
18688749713
18688749801
18688940576
18688942218
18688945072
18688949785
18689460017
18689460163
18689461068
18689461703
18689461923
18689462571
18689463301
18689463585
18689465927
18689465960
18689466960
18689467572
18689467679
18689471759
18689475102
18689481283
18689482895
18689483327
18689485161
18689485605
18689485638
18689486051
18689486107
18689487156
18689487239
18689487319
18689487712
18689489692
18689489969
18689495267
18689495831
18689497128
18689497201
18689497519
18689497826
18689499137