13025561744
13025567746
13025569704
13025592401
13030203874
13048224071
13048227463
13048228469
13059355871
13059355897
13059356026
13059356157
13059356187
13059356367
13059356761
13059356925
13059357085
13059357169
13059357261
13059357556
13059358213
13059358237
13059358257
13059358353
13059360159
13059360165
13059360175
13059360182
13059360352
13059360357
13059360497
13059360532
13059360675
13059360771
13059360786
13059360790
13059360871
13059360872
13059360931
13059361256
13059361257
13059361271
13059361272
13059361291
13059361535
13059361570
13059361571
13059361591
13059361597
13059361652
13059361681
13059361721
13059361763
13059361791
13059361861
13059361892
13059361897
13059362031
13059362037
13059362075
13059362156
13059362175
13059362195
13059362231
13059362271
13059362352
13059362509
13059362582
13059362595
13059362607
13059362630
13059362671
13059362705
13059362769
13059362791
13059362902
13059362937
13059362956
13059363051
13059363159
13059363310
13059363505
13059363671
13059363725
13059363791
13059363961
13059363976
13059365102
13059365112
13059365165
13059365356
13059365376
13059365602
13059365630
13059365632
13059365809
13059365975
13059366215
13059366251
13059366376
13059367191
13059367712
13059367720
13059367815
13059367856
13059367872
13059368010
13059368131
13059368179
13059368651
13059369031
13059369515
13059369851
13059369865
13059370451
13059370467
13059370480
13059390346
13059390482
13059390486
13059390542
13059391746
13059392041
13059392542
13059392649
13059393428
13059393449
13059393841
13059394010
13059394017
13059394025
13059394165
13059394201
13059394261
13059394349
13059394473
13059394589
13059394897
13059394957
13059395045
13059395342
13059395429
13059395485
13059395541
13059396451
13059396475
13059397043
13059397045
13059397048
13059397346
13059397402
13059397421
13059397478
13059397489
13059397943
13059398147
13059398450
13059398476
13059399428
13059399489
13129700314
13129704514
13129706964
13129708154
13129710046
13129710498
13129710742
13129710746
13129711497
13129711649
13129711746
13129711845
13129712043
13129712147
13129712403
13129712409
13129712417
13129712437
13129712485
13129712747
13129712748
13129712848
13129712943
13129713406
13129713420
13129713453
13129713642
13129713745
13129713842
13129714041
13129714049
13129714051
13129714071
13129714089
13129714151
13129714157
13129714179
13129714270
13129714297
13129714337
13129714363
13129714416
13129714459
13129714508
13129714517
13129714529
13129714569
13129714576
13129714612
13129714657
13129714890
13129714891
13129715048
13129715405
13129715431
13129715446
13129715481
13129715740
13129715840
13129715940
13129715941
13129716246
13129716412
13129716427
13129716457
13129716470
13129716476
13129716545
13129716647
13129716947
13129716948
13129717242
13129717430
13129717748
13129718143
13129718146
13129718447
13129718497
13129718549
13129718742
13129718748
13129719142
13129719143
13129719341
13129719421
13129719496
13129719745
13129719746
13129734804
13129750141
13129751042
13129751246
13129751347
13129751643
13129751645
13129751847
13129752430
13129752436
13129752437
13129752448
13129752542
13129752640
13129752740
13129752748
13129753349
13129753483
13129753547
13129753949
13129754041
13129754070
13129754145
13129754267
13129754273
13129754360
13129754378
13129754481
13129754483
13129754638
13129754667
13129754670
13129754731
13129754805
13129754806
13129754810
13129754823
13129754843
13129754871
13129754905
13129754945
13129754968
13129754978
13129755049
13129755241
13129755243
13129755426
13129755427
13129756436
13129756472
13129756642
13129756747
13129756846
13129756949
13129757040
13129757467
13129757487
13129757841
13129757941
13129758340
13129758403
13129758463
13129758545
13129758645
13129759140
13129759240
13129759349
13129759410
13129759429
13129759443
13129759476
13129759483
13129759485
13129759646
13129759849
13129760243
13129760472
13129760492
13129761041
13129761147
13129761148
13129761402
13129761405
13129761421
13129761427
13129761442
13129761443
13129761447
13129761463
13129761485
13129761491
13129761540
13129761542
13129761543
13129761548
13129761741
13129761840
13129761841
13129761847
13129762041
13129762142
13129762245
13129762247
13129762343
13129762402
13129762403
13129762407
13129762428
13129762430
13129762450
13129762451
13129762453
13129762458
13129762460
13129762475
13129762476
13129762478
13129762483
13129762489
13129762841
13129762849
13129763046
13129763049
13129763240
13129763249
13129763405
13129763425
13129763429
13129763465
13129763475
13129763479
13129763489
13129763490
13129763495
13129763497
13129763543
13129763545
13129763547
13129763549
13129763640
13129763642
13129763740
13129763946
13129763947
13129764005
13129764013
13129764042
13129764046
13129764051
13129764062
13129764101
13129764132
13129764135
13129764147
13129764153
13129764167
13129764169
13129764190
13129764192
13129764196
13129764207
13129764216
13129764227
13129764229
13129764240
13129764250
13129764252
13129764256
13129764263
13129764267
13129764270
13129764286
13129764292
13129764306
13129764315
13129764326
13129764327
13129764347
13129764359
13129764362
13129764373
13129764392
13129764405
13129764419
13129764426
13129764427
13129764430
13129764443
13129764450
13129764453
13129764460
13129764487
13129764501
13129764516
13129764519
13129764525
13129764536
13129764539
13129764542
13129764547
13129764579
13129764586
13129764595
13129764635
13129764642
13129764650
13129764665
13129764687
13129764697
13129764717
13129764718
13129764729
13129764732
13129764737
13129764750
13129764773
13129764803
13129764828
13129764830
13129764831
13129764845
13129764869
13129764871
13129764875
13129764913
13129764916
13129764940
13129764943
13129764947
13129764962
13129764990
13129765145
13129765240
13129765341
13129765412
13129765421
13129765425
13129765435
13129765436
13129765437
13129765446
13129765449
13129765483
13129765487
13129765493
13129765646
13129765741
13129765746
13129765747
13129765843
13129765941
13129765946
13129766141
13129766143
13129766241
13129766346
13129766347
13129766406
13129766421
13129766426
13129766476
13129766493
13129766542
13129766841
13129766947
13129767041
13129767042
13129767047
13129767347
13129767349
13129767403
13129767405
13129767407
13129767413
13129767415
13129767421
13129767429
13129767431
13129767453
13129767470
13129767472
13129767486
13129767492
13129767542
13129767549
13129767646
13129767741
13129768143
13129768246
13129768249
13129768346
13129768347
13129768348
13129768349
13129768403
13129768409
13129768415
13129768421
13129768427
13129768436
13129768445
13129768447
13129768459
13129768461
13129768481
13129768487
13129768491
13129769143
13129769145
13129769147
13129769243
13129769345
13129769346
13129769347
13129769401
13129769407
13129769427
13129769429
13129769459
13129769461
13129769485
13129769542
13129769641
13129769843
13129769845
13129769847
13129769942
13169355254
13169355764
13169357314
13169357604
13169358064
13169359264
13172637436
13172637695
13189329715
13189363595
13189363597
13189363598
13189363615
13189363671
13189363709
13189363721
13189363725
13189363729
13189363751
13189363753
13189363805
13189363815
13189363817
13189363820
13189363823
13189363856
13189363871
13189363872
13189363901
13189363907
13189363915
13189363916
13189363917
13189363921
13189363927
13189363931
13189363953
13189363957
13189363965
13189363971
13189363975
13189363979
13189363981
13189363987
13189365017
13189365019
13189365031
13189365032
13189365037
13189365052
13189365057
13189365065
13189365069
13189365071
13189365079
13189365089
13189365092
13189365106
13189365107
13189365113
13189365119
13189365127
13189365138
13189365156
13189365157
13189365416
13189365417
13189365419
13189365421
13189365427
13189365435
13189365440
13189365441
13189365447
13189365449
13189365450
13189365452
13189365459
13189365460
13189365461
13189365462
13189365465
13189365469
13189365470
13189365471
13189365473
13189365475
13189365483
13189365487
13189365490
13189365497
13189365540
13189365541
13189365542
13189365547
13189365548
13189365549
13189365967
13189365971
13189365973
13189365980
13189365981
13189366019
13189366037
13189366057
13189366071
13189366075
13189366121
13189366163
13189366167
13189366171
13189366175
13189366203
13189366213
13189366237
13189366252
13189366270
13189366275
13189366279
13189366291
13189366309
13189366352
13189366367
13189366371
13189366375
13189368150
13189368156
13189368161
13189368170
13189368175
13189368179
13189368192
13189368195
13189368212
13189368213
13189368227
13189368239
13189368252
13189368253
13189369757
13189369760
13189369761
13189369785
13189369793
13189369801
13189369815
13189369820
13189369870
13189369873
13189369935
13189369953
13189369971
13202750247
13202750347
13202750447
13202750450
13202750470
13202750478
13202750643
13202750746
13202750840
13202751046
13202751140
13202751435
13202751443
13202751446
13202751452
13202751487
13202751541
13202751643
13202751749
13202751846
13202752045
13202752147
13202752241
13202752248
13202752346
13202752402
13202752405
13202752415
13202752429
13202752436
13202752438
13202752439
13202752449
13202752459
13202752475
13202752546
13202752640
13202752645
13202752741
13202753041
13202753145
13202753401
13202753406
13202753416
13202753423
13202753461
13202753482
13202753489
13202753640
13202753742
13202753745
13202753849
13202753946
13202754010
13202754032
13202754035
13202754036
13202754059
13202754083
13202754091
13202754125
13202754136
13202754138
13202754165
13202754169
13202754183
13202754192
13202754215
13202754232
13202754263
13202754291
13202754301
13202754326
13202754349
13202754390
13202754412
13202754426
13202754482
13202754505
13202754506
13202754507
13202754528
13202754551
13202754613
13202754636
13202754673
13202754693
13202754698
13202754712
13202754713
13202754729
13202754747
13202754752
13202754762
13202754763
13202754769
13202754770
13202754792
13202754812
13202754829
13202754830
13202754831
13202754841
13202754859
13202754870
13202754901
13202754905
13202754913
13202754942
13202754947
13202754951
13202754965
13202754983
13202754990
13202754997
13202755049
13202755145
13202755149
13202755240
13202755346
13202755401
13202755420
13202755429
13202755440
13202755441
13202755472
13202755483
13202755491
13202755646
13202755942
13202755947
13202756046
13202756247
13202756403
13202756460
13202756467
13202756471
13202756486
13202756487
13202756492
13202756547
13202756746
13202756941
13202756947
13202757243
13202757247
13202757346
13202757426
13202757460
13202757483
13202757490
13202757496
13202757548
13202757642
13202757943
13202758042
13202758045
13202758140
13202758143
13202758147
13202758405
13202758407
13202758459
13202758480
13202758541
13202758542
13202758543
13202758647
13202758649
13202758740
13202759148
13202759341
13202759405
13202759410
13202759415
13202759425
13202759435
13202759437
13202759453
13202759483
13202759546
13202759647
13202759648
13211041344
13211041372
13211041453
13211041744
13211042152
13211042344
13211042613
13211042873
13211044254
13211044284
13211044294
13211044614
13211044741
13211044814
13211045144
13211045543
13211045865
13211045927
13211045982
13211046253
13211046405
13211046481
13211046495
13211046615
13211046972
13211047460
13211047512
13211047941
13211048042
13211048159
13211048270
13211048342
13211048344
13211048790
13211048906
13211049149
13211049249
13211049344
13211049417
13211049421
13211049844
13226774834
13226787471
13229004461
13229004830
13229005847
13229010791
13229011671
13229011726
13229011805
13229013187
13229013621
13229013771
13229015635
13229015706
13229015769
13229015785
13229017120
13229017851
13229017932
13229018057
13229018515
13229019837
13229025646
13286516140
16675802342
16675813726
16675827349
18575811214
18575819074
18575825754
18578081346
18578081347
18578081393
18578081654
18578082634
18578083154
18578083452
18578084031
18578084629
18578084964
18578085240