13005260081
13005260517
13005260578
13005261631
13005261753
13005261797
13005262030
13005262317
13005263057
13005271375
13005271803
13005271895
13005272965
13005273063
13005273102
13005273570
13005273751
13005275310
13016697427
13016697471
13016697864
13025270537
13025270563
13025270592
13025270637
13025270675
13025270683
13025270692
13025271150
13025271365
13025271605
13025275092
13025275119
13025275132
13025275135
13025275137
13025275153
13025275165
13025275170
13025275173
13025275181
13025275192
13025275231
13025275239
13025275259
13025275262
13025275269
13025275273
13025275278
13025275285
13025275297
13025275301
13025275306
13025275309
13025275315
13025279034
13025279107
13025279126
13025279287
13025279561
13025279670
13025279816
13049230165
13049230361
13049230391
13049230395
13049230573
13049230587
13049230631
13049230637
13049230651
13049230692
13049230697
13049230751
13049230761
13049230793
13049230795
13049230857
13049230967
13049231035
13049231065
13049231079
13049231085
13049236156
13049236159
13049236165
13049236167
13049236169
13049236171
13049236172
13049236176
13049236179
13049236181
13049236182
13049236187
13049236192
13049236195
13049236207
13049236209
13049236213
13049236215
13049236217
13049236223
13049236225
13049236229
13049236232
13049236237
13049236238
13049236252
13049236253
13049236256
13049236257
13049236259
13049236267
13049236273
13049236278
13049236287
13049236291
13049236292
13049236293
13049236295
13049236298
13049236302
13049236307
13049236309
13049236317
13049236319
13049236321
13049236326
13049236327
13049236329
13049236350
13049237527
13049241185
13049241683
13049241692
13049241696
13049241701
13049241703
13049241706
13049241707
13049241708
13049241710
13049241712
13049241716
13049241720
13049241721
13049241726
13049241729
13049241731
13049241735
13049241739
13049241753
13049241757
13049241760
13049241762
13049241769
13049241778
13049241781
13049241791
13049241793
13049241795
13049241803
13049241805
13049241807
13049241809
13049241819
13049241820
13049241823
13049241831
13049241832
13049241835
13049241836
13049241850
13049241852
13049241857
13049241862
13049241867
13049241873
13049241875
13049241879
13049241893
13049241895
13049241902
13049241907
13049241909
13049241913
13049241917
13049241926
13049241932
13049241936
13049241939
13049241951
13049241956
13049241962
13049241967
13049241973
13049241981
13049242030
13049242031
13049242035
13049242036
13049242037
13049242038
13049242051
13049242052
13049242053
13049242060
13049242071
13049242073
13049242075
13049242083
13049242087
13049242089
13049242096
13049242097
13049242107
13049242109
13049242117
13049242131
13049242135
13049242137
13049242150
13049242152
13049242156
13049242163
13049242167
13049242175
13049242178
13049242181
13049242182
13049242185
13049242187
13049242189
13049242203
13049250967
13049250970
13049250971
13049250975
13049250976
13049250985
13049251030
13049251036
13049251051
13049251052
13049251053
13049251056
13049251059
13049251061
13049251070
13049251071
13049251072
13049251073
13049251075
13049251076
13049251081
13049251085
13049251091
13049251092
13049251097
13049253527
13049258201
13049260932
13049261076
13049261527
13049261532
13049261570
13049261593
13049261627
13049261653
13049261673
13049261735
13049266152
13049266170
13049266172
13049266173
13049266176
13049266183
13049266187
13049266195
13049266210
13049266213
13049266217
13049267076
13049267083
13049267085
13049267090
13049267091
13049267093
13049267097
13049267101
13049267102
13049267105
13049267107
13049267108
13049267121
13049267125
13049267126
13049267127
13049267129
13049267132
13049267135
13049267157
13049267160
13049267162
13049267181
13049267185
13049267187
13049267190
13049267192
13049267193
13049267203
13049267209
13049267215
13049267217
13049267231
13049267232
13049267236
13049267237
13049267253
13049267257
13049267259
13049267261
13049267262
13049267270
13049267280
13049267283
13049267287
13049267293
13049267296
13049267302
13049267307
13049267315
13049267317
13049267320
13049267350
13049267352
13049267353
13049267360
13049267361
13049267365
13049267370
13049267381
13049267382
13049267392
13049267393
13049267503
13049267507
13049267512
13049267513
13049267517
13049267523
13049267525
13049267527
13049267531
13049267536
13049267537
13049267561
13049267569
13049267580
13049267587
13049267592
13049267612
13049282575
13049282578
13049282589
13049282597
13049282601
13049282602
13049282605
13049282606
13049282610
13049282613
13049282619
13049282621
13049282623
13049282625
13049282627
13049282631
13049282636
13049282650
13049282651
13049282656
13049282657
13049282663
13049282667
13049282673
13049282679
13049282683
13049282690
13049282691
13049282695
13049282702
13049282706
13049282708
13049282713
13049282715
13049282719
13049282721
13049282725
13049282732
13049282735
13049282737
13049282751
13049282767
13049282769
13049282773
13049282775
13049282779
13049282786
13049282791
13049282795
13049282796
13049282797
13049282815
13049282832
13049282851
13049282863
13049282871
13049282879
13049282891
13049282901
13049282905
13049282908
13049282912
13049282915
13049282916
13049282917
13049282923
13049282926
13049282931
13049282932
13049282935
13049282937
13049282971
13049282973
13049282976
13049282978
13049282980
13049282995
13049283005
13049283006
13049283009
13049283013
13049283015
13049283016
13049283017
13049283020
13049283023
13049283025
13049283026
13049283031
13049283039
13049283050
13049283052
13049283053
13049283057
13049283062
13049283065
13049283070
13049283076
13049283080
13049283082
13049283083
13049283087
13049283091
13049283097
13049283101
13049283102
13049283106
13049283107
13049283109
13049283117
13049283119
13049283125
13049283126
13049283130
13049283136
13049283137
13049283157
13049283172
13049283173
13049283182
13049283190
13049283191
13049283192
13049283195
13049283197
13049283206
13049283213
13049283215
13049283216
13049283219
13049283256
13049283257
13049283260
13049283267
13049283269
13049283270
13049283275
13049283287
13049283293
13049283305
13049283320
13049283327
13049283356
13049283359
13049283360
13049283361
13049283379
13049283382
13049283385
13049283386
13049283391
13049283392
13049283397
13049283502
13049283509
13049283512
13049283515
13049283523
13049283529
13049283530
13049283531
13049283532
13049283537
13049283551
13049283559
13049283560
13049283561
13049283562
13049283569
13049283575
13049283576
13049283582
13049283583
13049283585
13049283586
13049283590
13049283592
13049283595
13049283602
13049283606
13049283609
13049283615
13049283617
13049283620
13049283625
13049283629
13049283630
13049283650
13049283652
13049283659
13049283660
13049283675
13049283679
13049283682
13049283686
13049283687
13049283691
13049283692
13049283693
13049283703
13049283706
13049283708
13049283709
13049283712
13049283716
13049283721
13049283726
13049283729
13049283735
13049283750
13049283752
13049283757
13049283758
13049283759
13049283760
13049283770
13049283771
13049283772
13049283775
13049283780
13049283783
13049283785
13049283787
13049283790
13049283792
13049283797
13049283798
13049283803
13049283805
13049283809
13049283810
13049283821
13049283823
13049283825
13049283850
13049283851
13049283853
13049283860
13049283862
13049283863
13049283865
13049283867
13049283870
13049283873
13049283876
13049283879
13049283887
13049283903
13049283905
13049283906
13049283907
13049283910
13049283912
13049283916
13049283920
13049283926
13049283927
13049290193
13049290231
13049291036
13049291053
13049291612
13049291621
13049291673
13049292125
13049292156
13049292275
13049292281
13049292523
13049293102
13049297039
13049297120
13049297153
13049297187
13049297193
13049297201
13049297235
13049297236
13049297251
13049297253
13049297290
13049297352
13049297391
13049297503
13049297607
13049297623
13049297671
13058451672
13058451682
13058451692
13058451695
13058451702
13058451703
13058451706
13058451708
13058451710
13058451716
13058451721
13058451725
13058451731
13058451739
13058451750
13058451751
13058451756
13058451763
13058451767
13058451769
13058451781
13058451782
13058451802
13058451806
13058451807
13058451830
13058451831
13058451867
13058451870
13058451873
13058456271
13060563171
13060563173
13060563260
13060563376
13060563509
13060563512
13060563551
13060563570
13060563571
13060563572
13060563578
13060563581
13060563620
13060563623
13060563695
13060563781
13060563875
13060563950
13060565067
13060565185
13060565187
13060565267
13060567251
13060567307
13060567361
13060567502
13060567935
13060568031
13060568371
13060568781
13060579703
13076512093
13076512532
13076512591
13076512671
13076512710
13076512717
13076512790
13076512850
13076512893
13076513015
13076513072
13076513127
13076513183
13076522496
13076523040
13076523074
13076523174
13076523246
13076523421
13076523447
13076523634
13076523701
13076523914
13076523944
13076526171
13076527361
13076528572
13076531807
13076538216
13076538257
13076538295
13076538372
13076538561
13076538563
13076538617
13076538631
13076538635
13076538717
13076538781
13076538960
13076538973
13076539026
13076539031
13076541063
13076541065
13076541073
13076541263
13076541332
13076541531
13076541573
13076541575
13076541593
13076541750
13076541752
13076545127
13076545192
13076546276
13076546285
13076546291
13076546293
13076546297
13076546305
13076546317
13076546325
13076546375
13076546379
13076546380
13076546397
13076546501
13076546506
13076546507
13076546513
13076546516
13076547182
13076547183
13076547193
13076547195
13076547202
13076547251
13076547261
13076547265
13076547285
13076547290
13076547297
13076547309
13076549587
13076549597
13076549673
13076549723
13076549725
13076549760
13076549795
13076559723
13076559729
13076559753
13076559761
13076559762
13076559772
13076559780
13076559786
13076559787
13076559790
13076559803
13076559815
13076559825
13076559826
13076559861
13076559871
13076559892
13076560267
13076560297
13076560312
13076560370
13076560525
13076560532
13076560537
13076560591
13076560618
13076560687
13076560720
13076570931
13076570932
13076570935
13076570953
13076570957
13076570961
13076570962
13076570965
13076570969
13076570970
13076570971
13076570975
13076570976
13076570981
13076571021
13076571031
13076571035
13076571037
13076571053
13076571059
13076571063
13076571065
13076571070
13076571081
13076571082
13076571085
13076571090
13076571096
13076571098
13076571102
13076571105
13076571107
13076571130
13076571132
13076571136
13076571137
13076571150
13076571159
13076571167
13076571178
13076571179
13076571197
13076571206
13076571208
13076571210
13076571260
13076571273
13076571278
13076571279
13076571287
13076571295
13076571303
13076571305
13076571326
13076571327
13076571329
13076571350
13076571351
13076571352
13076571359
13076571361
13076571362
13076571380
13076571381
13076571392
13076571509
13076571527
13076571530
13076571532
13076572192
13076572196
13076572197
13076572206
13076572210
13076572217
13076572251
13076572273
13076572275
13076572279
13076572285
13076572291
13076572297
13076573842
13076578124
13076592902
13076592903
13076592907
13076592912
13076592917
13076592956
13076592957
13076592963
13076592976
13076592980
13076592981
13076592995
13076593005
13076593010
13076593023
13076593051
13076593075
13076593079
13076593082
13076593092
13076593102
13076593107
13076593121
13076593169
13076593180
13076593190
13076593193
13076593195
13076595892
13076595953
13076596017
13076596021
13076596035
13076596051
13076596052
13076596063
13076596109
13076596172
13076596197
13076596223
13076596231
13076596237
13076596251
13076596271
13076596279
13076596297
13076596391
13076596397
13076596512
13076596526
13076596561
13076596573
13076596591
13076596602
13076596730
13076596950
13076596970
13076597027
13076597029
13076597053
13076597121
13076597375
13076597379
13076597527
13076597560
13076597630
13076597761
13076597801
13076597806
13076597810
13076597812
13076597820
13076597832
13076597837
13076597953
13076597960
13076597985
13076598015
13076598051
13076598163
13076598173
13076598276
13076598303
13076598352
13076598562
13106934251
13106934753
13106934754
13106943185
13106946505
13106946516
13106946517
13106946539
13106946558
13106946562
13106946563
13106946572
13106946573
13106946579
13106946592
13106946702
13106946708
13106946709
13106946710
13106946713
13106946717
13106946719
13106946726
13106946732
13106946762
13106946795
13106946809
13106946821
13106946835
13106946850
13106946851
13106946852
13106946856
13106946860
13106946861
13106946863
13106946867
13106946871
13106946893
13106946903
13106946915
13106946927
13106946958
13106946971
13106946972
13106946973
13106946983
13106947031
13106947039
13106947057
13106947062
13106947067
13106947129
13106947153
13106947172
13106947173
13106947182
13106947183
13106947185
13106947187
13106947193
13106947198
13106947203
13106947212
13106947216
13106947217
13106947251
13106947260
13106947263
13106947275
13106947281
13106947285
13106947287
13106947295
13106947302
13106947319
13106947320
13106947332
13106947370
13106947382
13106947396
13112100245
13112100305
13112113527
13112113731
13112113782
13112113827
13112113852
13112113869
13112113905
13112113952
13112113965
13112113973
13112115049
13112115871
13112115931
13112115936
13112116087
13112116157
13112140018
13112140063
13112140143
13112140345
13112140442
13112140449
13112140470
13112140496
13112151069
13112153703
13112153743
13112153759
13112155102
13112156672
13112157207
13112158197
13112163563
13112163617
13112163832
13112173076
13112173078
13112173095
13112173102
13112173109
13112173125
13112173150
13112173152
13112173172
13112173176
13112173182
13112173183
13112173195
13112173231
13112173250
13112173257
13112173263
13112173276
13112173281
13112173351
13112173359
13112173361
13112173367
13112173507
13112173509
13112173519
13112173531
13112173537
13112173571
13112173573
13112173582
13112173583
13112173592
13112173595
13112173607
13112173612
13112173620
13112183601
13112187347
13112187564
13128317530
13128326187
13128326351
13128326367
13128326583
13128326587
13128326597
13128326753
13128327013
13128327016
13128340271
13128340279
13128340280
13128340297
13128340347
13128340361
13128340367
13128340371
13128359563
13128359574
13128366507
13128366509
13128366512
13128366523
13128366537
13128366553
13128366561
13128366569
13128366581
13128366592
13128366705
13128366706
13128366710
13128366713
13128366725
13128366731
13128366739
13128366751
13128366752
13128366763
13128366769
13128366771
13128366783
13128366793
13128366807
13128366815
13128378249
13128378341
13128378429
13128378432
13128378460
13128378467
13128378496
13128378543
13128385613
13128389340
13144083992
13169265706
13169265710
13169265712
13169265719
13169265729
13169265761
13169265762
13169265763
13169265776
13169265782
13169265786
13169265793
13169265797
13169265810
13169265812
13169265832
13169265835
13169265850
13169265860
13169265870
13169265872
13169265901
13169265902
13169265907
13169265912
13169265917
13169265921
13169265923
13169265930
13169265931
13169265950
13169265953
13169265961
13169265965
13169265973
13169265975
13169265990
13169265992
13169266021
13169266023
13169266027
13169277961
13169278015
13169278053
13169278105
13169278172
13169278175
13169281975
13169282037
13169282694
13169295007
13169295010
13169295015
13169295016
13169295019
13169295025
13169295026
13169295027
13169295061
13169295062
13169295069
13169295071
13169295075
13169295079
13169295082
13169295085
13169295087
13169295093
13169295165
13169295170
13169295176
13169295236
13169295250
13169295251
13169295262
13169295265
13169295267
13169295281
13169295301
13169298241
13169298401
13169298416
13169298457
13169298476
13169298547
13172060241
13172060447
13172060472
13172060971
13172061037
13172061347
13172061729
13172061908
13172061912
13172061923
13172061925
13172061935
13172061953
13172061983
13172061995
13172062021
13172062023
13172062097
13172062175
13172062316
13172062351
13172062386
13172062501
13172062513
13172062527
13172062532
13172062570
13172062651
13172062675
13172062717
13172062723
13172062753
13172062756
13172062757
13172062760
13172062762
13172062767
13172062780
13172062802
13172062803
13172062825
13172062836
13172062850
13172062853
13172062873
13172062891
13172062892
13172062895
13172062906
13172062930
13172063071
13172063092
13172063102
13172063159
13172063170
13172063175
13172063179
13172063190
13172063197
13172063252
13172063262
13172063263
13172063269
13172063271
13172063272
13172063282
13172063297
13172063301
13172063302
13172063305
13172063357
13172063375
13172063385
13172063390
13172063647
13172063743
13172063942
13172065140
13172065421
13172067145
13172067342
13172069057
13172069073
13172802852
13172802857
13172802861
13172802869
13172802879
13172802912
13172802921
13172802963
13172803032
13172803052
13172803061
13172803065
13172803153
13172803157
13172803159
13172803191
13172803206
13172803230
13172803269
13172803283
13172803287
13172803327
13172803375
13172803512
13172803563
13172803586
13172803597
13172803603
13172803613
13172803629
13172803673
13172803705
13172803795
13172803805
13172803861
13172803872
13172803903
13172803908
13172803931
13172803958
13172803960
13172806701
13172806731
13172806735
13172806752
13172806763
13172806770
13172806796
13172807509
13172807512
13172807517
13172807591
13172807592
13172807615
13172807635
13172808150
13172808153
13172808165
13172808623
13172808630
13172808632
13172808635
13172813673
13172813705
13172815260
13172815837
13172816253
13172816261
13172816297
13172816327
13172820167
13172829572
13172829701
13172830150
13172842253
13172842257
13172842259
13172842261
13172842275
13172842281
13172842283
13172842285
13172842286
13172842293
13172842295
13172842297
13172842301
13172842302
13172842307
13172842308
13172842309
13172842313
13172842315
13172842316
13172842319
13172842320
13172842321
13172842325
13172842329
13172842335
13172842337
13172842350
13172842351
13172842352
13172842356
13172842357
13172842361
13172842365
13172842367
13172842369
13172842370
13172842371
13172842372
13172842373
13172842375
13172842380
13172842382
13172842383
13172842385
13172842391
13172842392
13172842393
13172842396
13172842397
13172842398
13172842563
13172842578
13172842586
13172842590
13172842602
13172842606
13172842609
13172842610
13172842612
13172842620
13172842621
13172842630
13172842631
13172842653
13172842669
13172842670
13172842683
13172842685
13172842686
13172842693
13172842702
13172842708
13172842719
13172842720
13172842782
13172842783
13172842785
13172842787
13172842792
13172842793
13172842795
13172842796
13172842797
13172842801
13172842803
13172842805
13172842809
13172842812
13172842817
13172842820
13172842821
13172842827
13172842830
13172842832
13172842835
13172842837
13172842839
13172842851
13172842852
13172842856
13172842857
13172842859
13172842860
13172842861
13172842863
13184810562
13184810897
13184812136
13184812216
13184812219
13184812236
13184812257
13184812259
13184812265
13184812267
13184812296
13184812317
13184812329
13184812336
13184812353
13184812360
13184812361
13184812365
13184812367
13184812370
13184812371
13184812379
13184812383
13184812386
13184812387
13184812390
13184812395
13184849541
13184849648
13192919702
13192919753
13192920379
13192920397
13192937041
13192937315
13192937605
13192940950
13192965579
13192965841
13192965902
13202206703
13202207581
13202208329
13202241273
13202241670
13202241875
13202243957
13202245152
13202245375
13202245712
13202245715
13202245783
13202246127
13202246267
13202246270
13202246835
13202246851
13202247075
13202247085
13202247131
13202247170
13202247179
13202247187
13202247203
13202551292
13202551657
13202551712
13202551797
13202552916
13202553532
13202554741
13202556217
13202561057
13202561751
13202569531
13202571793
13202572079
13202572509
13202573721
13202575319
13202590193
13202590573
13202590681
13202590715
13202590751
13202591647
13202591767
13202591790
13202592563
13202592587
13202592726
13202592807
13202594714
13202597010
13202597105
13202597210
13202597352
13202597530
13202598327
13202598370
13202598372
13202598730
13226150246
13226151684
13226151760
13226152756
13226153015
13226153125
13226153184
13226153214
13226153557
13226153583
13226153876
13226155076
13226156361
13226156867
13226157350
13226157937
13226158071
13226158681
13226158735
13226158757
13226158761
13226158951
13226159105
13226159117
13226159157
13226159169
13226160750
13226161750
13226161856
13226161972
13226162130
13226162178
13226162219
13226162309
13226162352
13226162373
13226162381
13226162607
13226162759
13226162783
13226162803
13226162865
13226162953
13226162963
13226163051
13226163067
13226163171
13226163267
13226163516
13226163519
13226180251
13226180597
13226180762
13226180829
13226180905
13226180978
13226181079
13226181095
13226181297
13226187015
13226187387
13226190537
13226190592
13226190867
13229172301
13229172390
13229172501
13229172657
13229172697
13229176705
13229184754
13229187031
13229187120
13229187215
13229187391
13229187907
13242250301
13242250397
13242250535
13242250603
13242250672
13242250736
13242251979
13242252812
13242253536
13242253607
13242253706
13242253738
13242253775
13242253791
13242253857
13242253892
13242255085
13242255108
13242255150
13242255812
13242255936
13242256017
13242257582
13242257865
13242258605
13242258701
13242258913
13242259057
13242260753
13242265337
13242270935
13242276174
13242280739
13242281269
13242281295
13242289643
13242289701
13246901307
13246905271
13246910174
13246910843
13246913527
13246916092
13246916207
13246916503
13246916572
13246916707
13246916853
13246916970
13246917237
13246917295
13246917535
13246917706
13246918307
13246918357
13246919072
13246919723
13250440157
13250440257
13250440262
13250441015
13250441276
13250441637
13250441709
13250445327
13250449765
13250449773
13250449787
13250449810
13250449819
13250449823
13250449830
13250449831
13250449853
13250449857
13250449861
13250449881
13250449913
13250449917
13250449967
13250449971
13250449982
13250449985
13250451590
13250451697
13250451837
13250451873
13250452197
13250452362
13250452372
13250452572
13250452631
13250452703
13250452763
13250452805
13250452807
13250452871
13250453102
13250453103
13250453173
13250455102
13250456137
13250456275
13250456503
13250456592
13250457053
13250457362
13250458102
13250459301
13250459701
13250660397
13250662701
13250662961
13250669037
13288513727
13288513758
13288513803
13288513835
13288513857
13288513865
13288513871
13288513912
13288513971
13288515072
13288515087
13288515127
13288515317
13288515329
13288515360
13288515713
13288515780
13288515791
13288515830
13288515837
13288515853
13288515935
13288515967
13288517297
13288540647
13288541714
13288542174
13288542974
13288572802
13288572867
13288575279
13288575917
13288576197
13288576503
13288576979
13288577002
13288578070
13288578337
13288579086
13288579178
13288593507
13288597961
15521898340
15521898341
15521898434
15521913780
15521915409
15521915892
15521916261
15521916512
15521917329
15521917363
15521917587
15521918576
15521923752
15521925461
15521926437
15521927162
15521933572
15521936391
15521940760
15521941263
15521941275
15521941351
15521941853
15521941917
15521942037
15521942072
15521942131
15521942167
15521942310
15521942351
15521942517
15521942557
15521942673
15521942757
15521942913
15521943013
15521943062
15521943067
15521943587
15521943603
15521943607
15521943615
15521943623
15521943631
15521943637
15521943652
15521943763
15521943872
15521943891
15521943912
15521943961
15521943975
15521945015
15521945062
15521945076
15521947103
15521947419
15521947801
15521948721
15521949271
15521949305
15521949650
15521957217
15521958631
15602757132
15622671261
15622671805
15622673921
15622675261
15622679207
15622679315
15622679632
15622679716
15625183170
15625190352
15625191375
15625193109
15625193717
15625193872
15625195397
15625196750
15625197362
15625197632
15625197902
15625613527
15625616254
15625617674
15625637607
15625637812
15625637901
15625637910
15625637951
15625637961
15625637982
15625638015
15625638107
15625638151
15625638161
15625639205
15625639273
15625639570
15625639670
15625639701
15625639709
15625653076
15625676146
15625676249
15625676402
15625676406
15625676420
15625676426
15625676457
15625687315
15625692587
15625692775
15625699762
15627004170
15627004924
15627006270
15627006271
15627006295
15627006316
15627006317
15627006352
15627006357
15627006361
15627006370
15627006381
15627006383
15627006385
15627006587
15627006621
15627006705
15627006715
15627006716
15627006719
15627006723
15627006737
15627006751
15627006753
15627006762
15627006783
15627006801
15627006805
15627006806
15627006812
15627006823
15627006836
15627006853
15627006861
15627006872
15627006890
15627006923
15627006927
15627006930
15627006962
15627006971
15627007025
15627007028
15627007051
15627007061
15627007069
15627007081
15627007092
15627007097
15627007120
15627007152
15627007153
15627007160
15627007180
15627007192
15627007196
15627007217
15627007232
15627007256
15627017527
15627021334
15627023349
15627025405
15627061342
15627061379
15627061926
15627063562
15627063591
15627065193
15627071072
15627071173
15627071291
15627071305
15627072367
15627072691
15627078197
15627078257
15627078367
15627078392
15627078523
15627078651
15627087503
15627087593
15627095241
15627095710
15627096157
15627096763
15627096821
15627098957
15627930175
15627930357
15627930783
15627939501
15627940795
15627940796
15627940797
15627940810
15627940815
15627940821
15627940826
15627940827
15627940830
15627940831
15627940850
15627940853
15627940856
15627940860
15627940861
15627940862
15627940871
15627940872
15627940875
15627940876
15627940878
15627940879
15627940881
15627940890
15627940891
15627940893
15627940895
15627940907
15627940912
15627940913
15627940916
15627940921
15627940923
15627940925
15627940929
15627940930
15627940931
15627940932
15627940935
15627940936
15627940937
15627940950
15627940951
15627940953
15627940957
15627940961
15627940962
15627940963
15627940965
15627940967
15627940971
15627940972
15627940973
15627940975
15627940976
15627940979
15627940981
15627940982
15627940983
15627940985
15627940986
15627940987
15627940991
15627940992
15627940993
15627940995
15627940996
15627940997
15627941015
15627941016
15627941019
15627941021
15627941037
15627941039
15627941051
15627941052
15627941053
15627941056
15627941057
15627941059
15627941061
15627941067
15627941072
15627941075
15627941079
15627941080
15627941082
15627941086
15627941087
15627941089
15627941090
15627941097
15627941102
15627941103
15627941105
15627941109
15627941128
15627941132
15627941137
15627980157
15627980193
15627980197
15627980257
15627980361
15627981512
15627981532
15627981656
15627981716
15627987931
15627987935
15627987957
16606657204
16626870179
16626870275
16626870785
16626870982
16626871061
16626871093
16626871287
16626871507
16626871513
16626871651
16626871657
16626871750
16626871769
16626872570
16626872910
16626872936
16626873015
16626873021
16626873307
16626873509
16626873537
16626873790
16626873817
16626875062
16626875067
16626875170
16626875307
16626875362
16626875632
16626875726
16626875790
16626875807
16626875817
16626875931
16626876327
16626877317
16626877527
16626877671
16626878025
16626878172
16626878593
16626879157
16626879172
16626879271
16626879371
16626879601
16626879623
16626970252
16626970291
16626970395
16626970651
16626970653
16626970673
16626970739
16626970832
16626970861
16626970965
16626970971
16626971057
16626971073
16626971194
16626971343
16626971375
16626971379
16626971412
16626971427
16626971579
16626971621
16626971974
16626972754
16626973510
16626973645
16626973950
16626974587
16626974793
16626975340
16626975452
16626975484
16626975504
16626975704
16626975952
16626976024
16626976145
16626976253
16626976275
16626978673
16626978983
16626978990
16626978991
16626978992
16626979002
16626979005
16626979007
16626979013
16626979015
16626979016
16626979017
16626979019
16626979020
16626979021
16626979023
16626979025
16626979027
16626979030
16626979031
16626979032
16626979035
16626979036
16626979037
16626979039
16626979051
16626979052
16626979053
16626979057
16626979061
16626979062
16626979063
16626979065
16626979067
16626979069
16626979071
16626979072
16626979073
16626979075
16626979076
16626979082
16626979085
16626979086
16626979087
16626979092
16626979095
16626979101
16626979102
16626979105
16626979106
16626979107
16626979108
16626979113
16626979115
16626979120
16626979121
16626979125
16626979126
16626979302
16626979352
16626979376
16626979607
16626979673
16626979873
16626981371
16626981527
16626981572
16626981573
16626981731
16626981761
16626981857
16626981921
16626981927
16626982116
16626982357
16626982370
16626982387
16626982570
16626982571
16626982573
16626982597
16626982673
16626982703
16626982732
16626982751
16626982753
16626982791
16626983001
16626983027
16626983076
16626983107
16626983127
16626983197
16626983527
16626983617
16626983701
16626983705
16626983726
16626983781
16626983875
16626983957
16626985071
16626985116
16626985167
16626985271
16626985275
16626985371
16626985387
16626985517
16626985637
16626985702
16626985732
16626985761
16626985862
16626985917
16626986131
16626986153
16626986170
16626986182
16626986219
16626986231
16626986275
16626986387
16626986530
16626986537
16626986703
16626986731
16626987013
16626987053
16626987060
16626987116
16626987175
16626987192
16626987251
16626987297
16626987351
16626987352
16626987375
16626987385
16626987397
16626987752
16626987851
16626987853
16626987951
16626988176
16626991071
16626991527
16626993046
16626993047
16626993054
16626993057
16626993061
16626993062
16626993067
16626993071
16626993073
16626993079
16626993085
16626993087
16626993091
16626993097
16626993102
16626993104
16626993125
16626993137
16626993145
16626993146
16626993147
16626993150
16626993151
16626993157
16626993165
16626993167
16626993170
16626993171
16626993173
16626993174
16626993175
16626993176
16626993178
16626993180
16626993185
16626993187
16626993193
16626993201
16626993203
16626993204
16626993212
16626993213
16626993216
16626993217
16626993235
16626993236
16626993237
16626993250
16626993251
16626993254
16626993261
16626993271
16626993272
16626993274
16626993279
16626993287
16626993290
16626993291
16626993297
16626993307
16626993315
16626993321
16626993350
16626993376
16626993405
16626993409
16626993425
16626993431
16626993437
16626993446
16626993464
16626993470
16626993475
16626993476
16626993481
16626993487
16626993491
16626993507
16626993510
16626993512
16626993519
16626993527
16626993529
16626993531
16626993546
16626993560
16626993561
16626993562
16626993564
16626993569
16626993570
16626993571
16626993573
16626993581
16626993584
16626993586
16626993594
16626993608
16626993621
16626993629
16626993631
16626993641
16626993645
16626993651
16626993653
16626993657
16626993670
16626993671
16626993673
16626993675
16626993697
16626993702
16626993706
16626993707
16626993710
16626993712
16626993713
16626993716
16626993718
16626993720
16626993721
16626993723
16626993729
16626993734
16626993735
16626993742
16626993745
16626993749
16626993751
16626993752
16626993753
16626993754
16626993756
16626993760
16626993761
16626993762
16626993763
16626993776
16626993779
16626993781
16626993782
16626993784
16626993787
16626993790
16626993792
16626993802
16626993820
16626993823
16626993825
16626993826
16626993827
16626993830
16626993831
16626993840
16626993841
16626993845
16626993850
16626993854
16626993856
16626993857
16626993862
16626993865
16626993870
16626993871
16626993872
16626993874
16626993879
16626993897
16626993902
16626993904
16626993907
16626993910
16626993925
16626993927
16626993941
16626993947
16626993950
16626993951
16626993953
16626993957
16626993960
16626993961
16626993967
16626993972
16626993973
16626993975
16626993982
16626994013
16626994021
16626994024
16626994031
16626994053
16626994063
16626994064
16626994067
16626994081
16626994095
16626994102
16626994103
16626994126
16626994129
16626994137
16626994145
16626994147
16626994153
16626994162
16626994167
16626994170
16626994173
16626994174
16626994179
16626994187
16626994193
16626994194
16626994197
16626994203
16626994204
16626994205
16626994206
16626994217
16626994251
16626994254
16626994264
16626994267
16626994270
16626994271
16626994273
16626994274
16626994283
16626994284
16626994285
16626994287
16626994306
16626994312
16626994317
16626994327
16626994357
16626994367
16626994371
16626994374
16626994375
16626994379
16626994387
16626994397
16626994507
16626994571
16626994576
16626994579
16626994617
16626994627
16626994637
16626994672
16626994702
16626994703
16626994706
16626994707
16626994719
16626994730
16626994736
16626994743
16626994745
16626994751
16626994761
16626994762
16626994764
16626994784
16626994785
16626994793
16626994796
16626994837
16626994873
16626994879
16626994917
16626994967
16626994970
16626994971
16626995013
16626995017
16626995174
16626995247
16626995274
16626995347
16626995374
16626995417
16626995437
16626995497
16626995527
16626995714
16626995724
16626995734
16626995740
16626995742
16626995743
16626995748
16626995784
16626995947
16626995974
16626996047
16626996074
16626996274
16626996407
16626996437
16626996457
16626996471
16626996574
16626996714
16626996721
16626996724
16626996734
16626996741
16626996742
16626996743
16626996749
16626996847
16626997014
16626997024
16626997041
16626997042
16626997043
16626997049
16626997064
16626997084
16626997094
16626997124
16626997141
16626997145
16626997146
16626997164
16626997184
16626997240
16626997245
16626997248
16626997254
16626997264
16626997294
16626997304
16626997314
16626997324
16626997340
16626997341
16626997342
16626997346
16626997347
16626997354
16626997364
16626997394
16626997401
16626997403
16626997405
16626997407
16626997412
16626997416
16626997418
16626997419
16626997426
16626997427
16626997428
16626997435
16626997437
16626997439
16626997441
16626997442
16626997451
16626997452
16626997454
16626997461
16626997462
16626997464
16626997467
16626997480
16626997485
16626997490
16626997493
16626997504
16626997524
16626997527
16626997534
16626997547
16626997564
16626997584
16626997594
16626997604
16626997634
16626997645
16626997647
16626997684
16626997814
16626997824
16626997840
16626997842
16626997845
16626997847
16626997864
16626997934
16626997943
16626997945
16626997947
16626998047
16626998074
16626998174
16626998247
16626998347
16626998374
16626998457
16626998561
16626998574
16626998623
16626998714
16626998741
16626998743
16626998746
16675040014
16675040024
16675040034
16675040042
16675040046
16675040047
16675040048
16675040049
16675040054
16675040064
16675040074
16675040084
16675040094
16675040104
16675040116
16675040134
16675040140
16675040141
16675040142
16675040145
16675040146
16675040147
16675040148
16675040149
16675040154
16675040164
16675040174
16675040184
16675040194
16675040204
16675040214
16675040240
16675040241
16675040242
16675040243
16675040245
16675040246
16675040247
16675040248
16675040249
16675040254
16675040264
16675040274
16675040284
16675040294
16675040324
16675040334
16675040341
16675040342
16675040343
16675040346
16675040347
16675040348
16675040349
16675040354
16675040359
16675040362
16675040364
16675040372
16675040374
16675040381
16675040384
16675040387
16675040390
16675040394
16675040395
16675040402
16675040403
16675040405
16675040407
16675040410
16675040414
16675040415
16675040416
16675040417
16675040419
16675040420
16675040421
16675040424
16675040426
16675040427
16675040429
16675040431
16675040432
16675040434
16675040435
16675040437
16675040439
16675040442
16675040443
16675040445
16675040446
16675040447
16675040449
16675040450
16675040452
16675040453
16675040454
16675040457
16675040458
16675040459
16675040460
16675040461
16675040462
16675040463
16675040464
16675040465
16675040467
16675040469
16675040470
16675040471
16675040472
16675040473
16675040474
16675040475
16675040476
16675040478
16675040480
16675040481
16675040482
16675040483
16675040484
16675040485
16675040486
16675040490
16675040492
16675040493
16675040494
16675040496
16675040532
16675040534
16675040537
16675040540
16675040541
16675040542
16675040543
16675040545
16675040546
16675040547
16675040549
16675040554
16675040565
16675040573
16675040574
16675040584
16675040590
16675040594
16675040597
16675040614
16675040634
16675040637
16675040640
16675040641
16675040642
16675040643
16675040645
16675040646
16675040647
16675040648
16675040649
16675040654
16675040656
16675040664
16675040674
16675040684
16675040694
16675040704
16675040714
16675040734
16675040740
16675040741
16675040742
16675040743
16675040745
16675040746
16675040747
16675040749
16675040754
16675040760
16675040762
16675040763
16675040764
16675040774
16675040783
16675040784
16675040794
16675040814
16675040824
16675040832
16675040834
16675040840
16675040841
16675040842
16675040843
16675040845
16675040846
16675040847
16675040848
16675040849
16675040864
16675040872
16675040873
16675040874
16675040894
16675040904
16675040914
16675040924
16675040931
16675040932
16675040934
16675040935
16675040936
16675040937
16675040940
16675040941
16675040942
16675040943
16675040945
16675040946
16675040947
16675040948
16675040954
16675040961
16675040964
16675040967
16675040972
16675040974
16675040984
16675040994
16675041014
16675041024
16675041034
16675041040
16675041041
16675041042
16675041043
16675041045
16675041046
16675041047
16675041049
16675041054
16675041059
16675041064
16675041067
16675041071
16675041074
16675041075
16675041076
16675041084
16675041094
16675041104
16675041134
16675041135
16675041140
16675041142
16675041143
16675041145
16675041146
16675041147
16675041148
16675041149
16675041154
16675041160
16675041164
16675041174
16675041184
16675041194
16675041214
16675041240
16675041241
16675041242
16675041243
16675041245
16675041246
16675041247
16675041248
16675041249
16675041250
16675041253
16675041254
16675041261
16675041264
16675041267
16675041271
16675041274
16675041275
16675041283
16675041284
16675041294
16675041295
16675041297
16675041304
16675041324
16675041334
16675041340
16675041357
16675041367
16675041370
16675041371
16675041382
16675041391
16675041392
16675041503
16675041527
16675041557
16675041572
16675041573
16675041593
16675041597
16675041635
16675041651
16675041670
16675041672
16675041673
16675041675
16675041691
16675041715
16675041723
16675041731
16675041735
16675041737
16675041757
16675041762
16675041769
16675041785
16675041791
16675041793
16675041807
16675041809
16675041832
16675041836
16675041853
16675041857
16675041863
16675041873
16675041893
16675041903
16675041907
16675041912
16675041921
16675041925
16675041927
16675041936
16675041952
16675042031
16675042053
16675042057
16675042078
16675042105
16675042109
16675042113
16675042130
16675042139
16675042152
16675042162
16675042173
16675042175
16675042179
16675042191
16675042192
16675042193
16675042197
16675042216
16675042237
16675042301
16675042307
16675042309
16675042315
16675042351
16675042359
16675042370
16675042371
16675042379
16675042387
16675042390
16675042392
16675042395
16675042503
16675042519
16675042527
16675042532
16675042535
16675042537
16675042557
16675042561
16675042562
16675042569
16675042581
16675042582
16675042583
16675042592
16675042603
16675042605
16675042607
16675042610
16675042612
16675042615
16675042620
16675042637
16675042650
16675042651
16675042652
16675042653
16675042657
16675042659
16675042670
16675042673
16675042679
16675042682
16675042683
16675042687
16675042691
16675042695
16675042702
16675042715
16675042725
16675042730
16675042731
16675042735
16675042739
16675042753
16675042760
16675042762
16675042767
16675042785
16675042787
16675042793
16675042795
16675042801
16675042805
16675042807
16675042813
16675042815
16675042821
16675042830
16675042837
16675042853
16675042857
16675042863
16675042865
16675042867
16675042873
16675042876
16675042879
16675042891
16675042893
16675042895
16675042901
16675042905
16675042906
16675042917
16675042926
16675042927
16675042932
16675042937
16675042950
16675042952
16675042957
16675042962
16675042982
16675042985
16675043017
16675043027
16675043031
16675043037
16675043052
16675043061
16675043065
16675043067
16675043071
16675043072
16675043073
16675043075
16675043076
16675043082
16675043083
16675043090
16675043091
16675043092
16675043097
16675043105
16675043106
16675043109
16675043112
16675043115
16675043121
16675043125
16675043135
16675043136
16675043137
16675043139
16675043151
16675043156
16675043162
16675043163
16675043167
16675043170
16675043171
16675043172
16675043175
16675043179
16675043180
16675043181
16675043182
16675043191
16675043196
16675043197
16675043205
16675043206
16675043213
16675043217
16675043235
16675043260
16675043262
16675043263
16675043265
16675043270
16675043271
16675043272
16675043273
16675043276
16675043279
16675043283
16675043287
16675043291
16675043293
16675043295
16675043302
16675043367
16675043371
16675043376
16675043387
16675043391
16675043501
16675043503
16675043509
16675043517
16675043527
16675043552
16675043560
16675043569
16675043571
16675043572
16675043573
16675043579
16675043583
16675043597
16675043601
16675043605
16675043607
16675043609
16675043615
16675043617
16675043621
16675043625
16675043629
16675043630
16675043631
16675043651
16675043657
16675043670
16675043671
16675043672
16675043675
16675043685
16675043691
16675043693
16675043697
16675043703
16675043706
16675043707
16675043709
16675043713
16675043715
16675043716
16675043717
16675043721
16675043723
16675043725
16675043735
16675043751
16675043761
16675043763
16675043765
16675043776
16675043781
16675043785
16675043787
16675043790
16675043791
16675043810
16675043812
16675043817
16675043821
16675043831
16675043851
16675043852
16675043857
16675043862
16675043872
16675043873
16675043875
16675043895
16675043901
16675043902
16675043903
16675043906
16675043907
16675043917
16675043921
16675043930
16675043931
16675043953
16675043960
16675043963
16675043965
16675043971
16675045001
16675045023
16675045027
16675045037
16675045039
16675045061
16675045067
16675045071
16675045072
16675045079
16675045082
16675045083
16675045087
16675045092
16675045102
16675045107
16675045116
16675045125
16675045127
16675045132
16675045137
16675045139
16675045157
16675045161
16675045163
16675045167
16675045171
16675045172
16675045173
16675045175
16675045185
16675045187
16675045191
16675045192
16675045193
16675045196
16675045197
16675045239
16675045261
16675045265
16675045267
16675045269
16675045271
16675045279
16675045291
16675045293
16675045306
16675045313
16675045316
16675045317
16675045319
16675045327
16675045352
16675045363
16675045370
16675045371
16675045372
16675045376
16675045390
16675045503
16675045523
16675045527
16675045571
16675045580
16675045582
16675045583
16675045597
16675045602
16675045603
16675045613
16675045619
16675045621
16675045623
16675045625
16675045627
16675045637
16675045707
16675045712
16675045713
16675045719
16675045721
16675045723
16675045731
16675045736
16675045751
16675045762
16675045763
16675045773
16675045791
16675045792
16675045793
16675045795
16675045801
16675045805
16675045812
16675045816
16675045823
16675045827
16675045832
16675045835
16675045837
16675045851
16675045857
16675045865
16675045873
16675045879
16675045893
16675045902
16675045903
16675045907
16675045910
16675045915
16675045930
16675045931
16675045932
16675045937
16675045951
16675045953
16675045971
16675045972
16675045973
16675045982
16675046001
16675046010
16675046013
16675046015
16675046017
16675046019
16675046031
16675046037
16675046039
16675046051
16675046053
16675046056
16675046072
16675046091
16675046095
16675046097
16675046101
16675046105
16675046127
16675046132
16675046157
16675046170
16675046172
16675046182
16675046185
16675046192
16675046195
16675046215
16675046220
16675046221
16675046231
16675046232
16675046235
16675046237
16675046256
16675046259
16675046271
16675046275
16675046276
16675046279
16675046281
16675046287
16675046295
16675046297
16675046305
16675046307
16675046309
16675046312
16675046313
16675046316
16675046319
16675046327
16675046337
16675046350
16675046357
16675046373
16675046387
16675046391
16675046393
16675046507
16675046509
16675046510
16675046512
16675046513
16675046517
16675046527
16675046529
16675046532
16675046537
16675046539
16675046551
16675046573
16675046583
16675046587
16675046592
16675046701
16675046709
16675046719
16675046720
16675046721
16675046726
16675046732
16675046735
16675046739
16675046753
16675046759
16675046765
16675046770
16675046771
16675046793
16675046795
16675046801
16675046803
16675046821
16675046830
16675046852
16675046853
16675046857
16675046863
16675046872
16675046875
16675046879
16675046897
16675046905
16675046913
16675046915
16675046917
16675046921
16675046931
16675046937
16675046951
16675046956
16675046962
16675046965
16675046972
16675046973
16675046975
16675046981
16675046982
16675047001
16675047019
16675047023
16675047031
16675047035
16675047036
16675047039
16675047059
16675047062
16675047065
16675047072
16675047079
16675047082
16675047091
16675047092
16675047093
16675047095
16675047107
16675047109
16675047121
16675047125
16675047127
16675047132
16675047135
16675047137
16675047152
16675047153
16675047156
16675047163
16675047167
16675047173
16675047182
16675047183
16675047191
16675047192
16675047193
16675047196
16675047197
16675047201
16675047203
16675047213
16675047215
16675047225
16675047231
16675047235
16675047236
16675047250
16675047251
16675047252
16675047257
16675047261
16675047263
16675047265
16675047267
16675047269
16675047280
16675047283
16675047290
16675047291
16675047292
16675047293
16675047297
16675047301
16675047305
16675047306
16675047307
16675047325
16675047331
16675047332
16675047351
16675047352
16675047356
16675047359
16675047363
16675047365
16675047367
16675047375
16675047381
16675047382
16675047385
16675047386
16675047387
16675047392
16675047512
16675047513
16675047516
16675047517
16675047530
16675047531
16675047537
16675047561
16675047565
16675047579
16675047580
16675047583
16675047591
16675047592
16675047593
16675047612
16675047615
16675047618
16675047620
16675047621
16675047625
16675047627
16675047629
16675047632
16675047653
16675047671
16675047672
16675047673
16675047679
16675047682
16675047690
16675047691
16675047752
16675047759
16675047761
16675047769
16675047780
16675047801
16675047813
16675047815
16675047820
16675047821
16675047823
16675047829
16675047835
16675047853
16675047857
16675047862
16675047863
16675047872
16675047873
16675047901
16675047905
16675047906
16675047907
16675047910
16675047917
16675047921
16675047927
16675047951
16675047961
16675047962
16675047965
16675047972
16675047975
16675048013
16675048017
16675048027
16675048035
16675048052
16675048057
16675048072
16675048076
16675048092
16675048095
16675048096
16675048103
16675048112
16675048130
16675048131
16675048135
16675048136
16675048152
16675048153
16675048159
16675048162
16675048167
16675048171
16675048172
16675048173
16675048175
16675048190
16675048192
16675048195
16675048197
16675048215
16675048237
16675048251
16675048253
16675048257
16675048259
16675048260
16675048265
16675048270
16675048271
16675048273
16675048276
16675048296
16675048297
16675048301
16675048305
16675048315
16675048316
16675048320
16675048326
16675048327
16675048336
16675048350
16675048353
16675048356
16675048361
16675048367
16675048370
16675048372
16675048375
16675048501
16675048503
16675048513
16675048516
16675048517
16675048527
16675048529
16675048536
16675048537
16675048573
16675048579
16675048592
16675048597
16675048602
16675048603
16675048607
16675048617
16675048620
16675048635
16675048650
16675048652
16675048657
16675048659
16675048670
16675048671
16675048672
16675048675
16675048687
16675048691
16675048693
16675048697
16675048701
16675048702
16675048703
16675048716
16675048720
16675048721
16675048723
16675048725
16675048730
16675048731
16675048756
16675048762
16675048782
16675048790
16675048792
16675048795
16675048857
16675048906
16675048907
16675048915
16675048917
16675048925
16675048932
16675048937
16675048950
16675048952
16675048953
16675048957
16675048965
16675048967
16675048971
16675048973
16675048976
16675049015
16675049025
16675049026
16675049027
16675049031
16675049037
16675049057
16675049061
16675049067
16675049072
16675049073
16675049076
16675049081
16675049085
16675049102
16675049105
16675049131
16675049135
16675049137
16675049151
16675049152
16675049153
16675049161
16675049162
16675049165
16675049167
16675049172
16675049175
16675049179
16675049186
16675049193
16675049197
16675049201
16675049205
16675049209
16675049210
16675049216
16675049225
16675049231
16675049232
16675049237
16675049252
16675049256
16675049257
16675049259
16675049263
16675049267
16675049273
16675049276
16675049283
16675049287
16675049301
16675049305
16675049307
16675049309
16675049317
16675049351
16675049356
16675049357
16675049367
16675049372
16675049373
16675049376
16675049379
16675049382
16675049392
16675049503
16675049507
16675049509
16675049513
16675049519
16675049523
16675049526
16675049527
16675049530
16675049532
16675049537
16675049561
16675049563
16675049572
16675049573
16675049575
16675049579
16675049582
16675049587
16675049592
16675049597
16675049613
16675049615
16675049620
16675049621
16675049623
16675049630
16675049637
16675049653
16675049659
16675049671
16675049672
16675049673
16675049676
16675049691
16675049697
16675049701
16675049713
16675049723
16675049725
16675049726
16675049731
16675049735
16675049736
16675049739
16675049973
16675049975
16675051142
16675053251
16675056387
16675058397
16675058670
16675064861
16675065397
17520602307
17520602316
17520602318
17520602375
17520602378
17520602379
17520602391
17520602392
17520602513
17520602517
17520602531
17520602561
17520602563
17520602570
17520602576
17520602581
17520602585
17520602592
17520602597
17520602615
17520602617
17520602619
17520602630
17520602639
17520602653
17520602665
17520602671
17520602672
17520602673
17520602679
17520602681
17520602695
17520602697
17520602701
17520602702
17520602707
17520602709
17520602710
17520602713
17520602716
17520602717
17520602719
17520602723
17520602725
17520602730
17520602731
17520602753
17520602756
17520602759
17520602763
17520602768
17520602785
17520602787
17520602807
17520602817
17520602823
17520602835
17520602837
17520602839
17520602850
17520602852
17520602853
17520602859
17520602862
17520602867
17520602871
17520602873
17520602875
17520602901
17520602907
17520602915
17520602921
17520602925
17520602930
17520602935
17520602952
17520602953
17520602956
17520602961
17520602970
17520602971
17520602972
17520602973
17520602985
17520603013
17520603037
17520603038
17520603051
17520603058
17520603059
17520603067
17520603075
17520603092
17520603096
17520603157
17520603159
17520603167
17520603169
17520603170
17520603172
17520603173
17520603176
17520603197
17520603215
17520603217
17520603225
17520603235
17520603259
17520603275
17520603280
17520603281
17520603293
17520603301
17520603306
17520603315
17520603321
17520603352
17520603356
17520603361
17520603367
17520603369
17520603390
17520603396
17520603506
17520603519
17520603523
17520603528
17520603537
17520603562
17520603591
17520603592
17520603610
17520603612
17520603617
17520603621
17520603623
17520603631
17520603637
17520603639
17520603657
17520603659
17520603662
17520603671
17520603679
17520603680
17520603683
17520603701
17520603705
17520603708
17520603713
17520603715
17520603721
17520603753
17520603759
17520603767
17520603771
17520603783
17520603785
17520603792
17520603796
17520603827
17520603853
17520603862
17520603870
17520603871
17520603875
17520603895
17520603901
17520603902
17520603908
17520603915
17520603917
17520603921
17520603932
17520603961
17520603965
17520603969
17520603971
17520603975
17520603983
17520603991
17520605017
17520605025
17520605031
17520605061
17520605062
17520605101
17520605109
17520605113
17520605128
17520605132
17520605152
17520605153
17520605156
17520605167
17520605170
17520605179
17520605187
17520605192
17520605195
17520605196
17520605197
17520605219
17520605231
17520605232
17520605236
17520605239
17520605265
17520605271
17520605282
17520605291
17520605295
17520605317
17520605358
17520605369
17520605376
17520605501
17520605503
17520605512
17520605523
17520605531
17520605560
17520605563
17520605569
17520605602
17520605613
17520605628
17520605663
17520605671
17520605691
17520605696
17520605705
17520605706
17520605712
17520605713
17520605716
17520605720
17520605723
17520605728
17520605731
17520605732
17520605735
17520605739
17520605752
17520605753
17520605762
17520605767
17520605779
17520605782
17520605783
17520605793
17520605805
17520605825
17520605831
17520605852
17520605861
17520605872
17520605873
17520605890
17520605903
17520605932
17520605956
17520605991
17520606013
17520606126
17520606136
17520606157
17520608657
17520608705
17520608723
17520608792
17520608793
17520608931
17520608973
17520609162
17520609179
17520610267
17520612093
17520612539
17520613152
17520613607
17520620269
17520621330
17520621607
17520623265
17520628173
17520628931
17520628937
17520629039
17520629161
17520629231
17520630157
17520631032
17606630017
17606630067
17606630081
17606636005
17606638221
17606638227
17606639912
17606639917
17606639921
17606639957
17606639961
17606639967
17606639971
17606639972
17688061071
17688061072
17688061073
17688061075
17688061079
17688061132
17688061135
17688061137
17688061157
17688061271
17688061272
17688061273
17688061276
17688061279
17688061370
17688061371
17688061372
17688061373
17688061375
17688061379
17688061570
17688061571
17688061576
17688061659
17688061671
17688061673
17688061675
17688061703
17688061709
17688061710
17688061713
17688061715
17688061721
17688061723
17688061731
17688061732
17688061739
17688061750
17688061751
17688061753
17688061756
17688061760
17688061762
17688061763
17688061767
17688061772
17688061780
17688061781
17688061782
17688061783
17688061785
17688061787
17688061790
17688061791
17688061792
17688061793
17688061795
17688061850
17688061851
17688061852
17688061853
17688061857
17688061875
17688061879
17688061970
17688061972
17688063072
17688063073
17688063075
17688063102
17688063107
17688063109
17688063137
17688063150
17688063152
17688063153
17688063170
17688063171
17688063173
17688063175
17688063179
17688063197
17688063257
17688063271
17688063272
17688063275
17688063276
17688063570
17688063571
17688063572
17688063575
17688063576
17688063579
17688063672
17688063673
17688063675
17688063679
17688063697
17688063701
17688063703
17688063705
17688063707
17688063708
17688063709
17688063712
17688063713
17688063715
17688063716
17688063717
17688063719
17688063720
17688063721
17688063727
17688063731
17688063732
17688063750
17688063751
17688063753
17688063757
17688063759
17688063760
17688063761
17688063763
17688063771
17688063775
17688063782
17688063783
17688063790
17688063792
17688063793
17688063795
17688063797
17688063870
17688063871
17688063872
17688063875
17688063879
17688063970
17688063971
17688063976
17688065007
17688065071
17688065079
17688065170
17688065172
17688065173
17688065271
17688065275
17688065351
17688065370
17688065372
17688065373
17688065376
17688065379
17688065697
17688065751
17688065752
17688065753
17688065759
17688065992
17688065993
17688065997
17688067327
17688067570
17688067615
17688067837
17688068223
17688068225
18512613272
18512614857
18512617306
18512617383
18512617967
18578689751
18578691051
18578692037
18578692163
18578692657
18578693145
18578693267
18578693750
18578694371
18607652195
18607659217
18607659219
18607659257
18607659307
18666317569
18666317697
18666317862
18666317906
18666318231
18680140532
18680142016
42899473095
71984811606
80707879212