13006875761
13016036275
13016073861
13025113412
13025137941
13025166907
13025184246
13025192261
13025199181
13026864947
13026874105
13026874354
13026883437
13026890694
13026892725
13026897046
13042009215
13042022574
13042024593
13042025428
13042027740
13042030743
13042031843
13042032426
13042033764
13042033794
13042033854
13042034214
13042034453
13042034972
13042035241
13042035249
13042035484
13042035946
13042036243
13042037142
13042037145
13042037624
13042037942
13042038439
13042038534
13042038642
13042039242
13042039304
13042039484
13042039746
13042040741
13042041489
13042042894
13042043275
13042043547
13042043623
13042043842
13042043942
13042044392
13042044537
13042044754
13042045392
13042046149
13042046474
13042046491
13042046514
13042047524
13042047804
13042047862
13042048143
13042048714
13042056953
13042057813
13042061744
13042062434
13042062497
13042063249
13042063414
13042063834
13042064162
13042064853
13042065179
13042065241
13042065549
13042065794
13042067435
13042067590
13042067904
13042068047
13042068694
13042069014
13042069024
13042069084
13042069167
13042069467
13042069541
13042069561
13042071597
13042072856
13042074297
13042075247
13042077934
13042079015
13042079314
13042079715
13042082563
13042083043
13042083439
13042083441
13042083453
13042084376
13042084590
13042084637
13042084924
13042084961
13042085144
13042085294
13042085403
13042085974
13042086254
13042086443
13042086727
13042086964
13042087034
13042087154
13042087249
13042088431
13042089460
13042089563
13044227193
13044230751
13044245547
13044249473
13044254162
13044256487
13044270479
13044271092
13044271623
13044272376
13044273029
13044273953
13044274310
13044274782
13044274806
13044275794
13044275985
13044276239
13044276752
13044278417
13044279057
13044279067
13044279362
13044283420
13044295468
13044297156
13044297343
13048013847
13048016246
13048023102
13048030794
13048032561
13048034276
13048034746
13048034793
13048035426
13048035963
13048036194
13048036487
13048037904
13048037950
13048038247
13048038794
13048039215
13048039347
13048039403
13048039547
13048043028
13048061394
13048071354
13048074026
13048089027
13048095107
13054410383
13054412175
13054420564
13054426516
13054431346
13054432450
13054435726
13054436843
13054436872
13054437086
13054466083
13054472746
13054478683
13054482145
13054482674
13054486104
13054492531
13054497541
13054497856
13058407904
13058416942
13058418746
13058429543
13058438554
13059102043
13059104034
13059123574
13059125724
13059137294
13059195634
13060684347
13060869032
13060891347
13060913247
13060944371
13060953246
13060955734
13060956472
13060958734
13060990765
13066319043
13066322467
13066328947
13066354914
13066371294
13066371643
13068814764
13070213670
13070214384
13070216414
13070219817
13070220841
13070221517
13070221744
13070223481
13070223797
13070224067
13070224078
13070224165
13070224371
13070224585
13070224738
13070224769
13070224785
13070224829
13070224921
13070225495
13070225753
13070225824
13070226214
13070226524
13070226584
13070226931
13070227405
13070227512
13070227614
13070227694
13070227932
13070227934
13070228341
13070228416
13070228467
13070229031
13070229094
13070241271
13070241429
13070241652
13070241693
13070241756
13070242659
13070242783
13070242914
13070243197
13070243529
13070243574
13070243874
13070244392
13070244659
13070244842
13070244983
13070245014
13070245046
13070245061
13070245503
13070246296
13070246716
13070246920
13070247762
13070248072
13070248201
13070248263
13070248276
13070248535
13070248726
13070249874
13070250481
13070250942
13070251241
13070251764
13070252146
13070252414
13070252493
13070253481
13070253492
13070253546
13070253564
13070253614
13070254047
13070254167
13070254352
13070254674
13070254725
13070254784
13070254903
13070254974
13070255473
13070256429
13070256471
13070256474
13070256904
13070256964
13070257141
13070257149
13070257334
13070257534
13070257540
13070257984
13070258140
13070258404
13070258429
13070258464
13070258549
13070258742
13070259074
13070259264
13070259374
13070259412
13070259443
13070259471
13070259724
13070259734
13070259837
13070261241
13070261251
13070261532
13070261761
13070261803
13070261834
13070261912
13070262471
13070262701
13070262714
13070263016
13070263264
13070263348
13070263582
13070263615
13070263865
13070264307
13070264847
13070264942
13070265245
13070265295
13070265705
13070265785
13070265944
13070266257
13070266404
13070267442
13070267539
13070267921
13070267972
13070267975
13070268041
13070268170
13070268247
13070268407
13070268430
13070269017
13070269457
13070269601
13070269835
13070271241
13070276091
13070280364
13070280862
13070280943
13070281375
13070282664
13070282935
13070283324
13070284583
13070285065
13070285067
13070285231
13070285245
13070285729
13070285824
13070285904
13070286023
13070286534
13070286704
13070287134
13070287354
13070287503
13070287506
13070289076
13070289748
13070289814
13070290346
13070290435
13070291457
13070292847
13070292874
13070293042
13070293415
13070293486
13070293742
13070293756
13070294025
13070294247
13070294262
13070294457
13070294540
13070294542
13070294624
13070294924
13070295044
13070295146
13070295437
13070295541
13070295645
13070296245
13070296374
13070296457
13070296473
13070296914
13070297194
13070297436
13070297471
13070298364
13070299046
13070299547
13070299841
13073001372
13073001673
13073002572
13073002739
13073002785
13073005291
13073008635
13073010264
13073010443
13073010947
13073011274
13073011346
13073011384
13073011741
13073012154
13073012419
13073012581
13073012956
13073013294
13073013461
13073013874
13073014185
13073014207
13073014238
13073014358
13073014394
13073014417
13073014426
13073014504
13073014635
13073014642
13073014712
13073014825
13073014896
13073014952
13073015093
13073015174
13073015367
13073015441
13073015462
13073015743
13073015784
13073015962
13073016364
13073016421
13073016447
13073016573
13073016597
13073016761
13073016763
13073016845
13073016905
13073017034
13073017249
13073017263
13073017463
13073017504
13073017976
13073018243
13073018265
13073018403
13073018445
13073018657
13073018734
13073018774
13073018924
13073019153
13073019347
13073019624
13073019641
13073020893
13073021451
13073021459
13073022485
13073024014
13073024064
13073024137
13073024209
13073024264
13073024395
13073024528
13073024541
13073024592
13073024736
13073025274
13073025291
13073025412
13073025431
13073025547
13073025563
13073025741
13073025796
13073038907
13073048313
13073050743
13073050851
13073051297
13073051497
13073051547
13073051942
13073052604
13073052974
13073053279
13073053459
13073053651
13073054274
13073054793
13073054932
13073055141
13073055461
13073055484
13073056052
13073056248
13073056791
13073057087
13073057269
13073057348
13073057925
13073058297
13073058493
13073058507
13073058671
13073058764
13073058914
13073058946
13073059281
13073059446
13073059842
13073060439
13073061034
13073061409
13073061435
13073062304
13073062426
13073062834
13073062947
13073063214
13073063924
13073064316
13073064409
13073064594
13073064865
13073064972
13073065247
13073065475
13073065840
13073068419
13073068494
13073068784
13073069143
13073069214
13073069543
13073069894
13073074354
13073079354
13073091344
13073091744
13073091747
13073091794
13073091843
13073092431
13073092643
13073092645
13073092704
13073092741
13073093649
13073093843
13073094164
13073094203
13073094295
13073094572
13073094784
13073094872
13073095624
13073095643
13073096481
13073096744
13073096844
13073098145
13073098493
13076701624
13076701756
13076702341
13076702372
13076702484
13076702507
13076702647
13076702849
13076703540
13076703554
13076703946
13076703971
13076704034
13076704270
13076704649
13076704721
13076704847
13076704864
13076706792
13076706843
13076708054
13076709134
13076709334
13076710457
13076711534
13076713614
13076714083
13076714684
13076715104
13076715479
13076715642
13076716945
13076717443
13076718349
13076718413
13076719346
13076719447
13076725753
13076729815
13076739513
13076740485
13076740936
13076740965
13076741849
13076741962
13076742059
13076742134
13076742387
13076742505
13076742634
13076742952
13076742961
13076742964
13076743148
13076743448
13076743572
13076743844
13076743847
13076743856
13076744264
13076744701
13076745032
13076745363
13076745376
13076745592
13076745593
13076745610
13076745632
13076745712
13076745730
13076745815
13076745837
13076746021
13076746031
13076746035
13076746051
13076746054
13076746071
13076746096
13076746193
13076746273
13076746278
13076746282
13076746295
13076746302
13076746385
13076746389
13076746739
13076746758
13076746802
13076746890
13076746912
13076746962
13076746975
13076746991
13076747026
13076747082
13076747091
13076747093
13076747095
13076747102
13076747215
13076747259
13076747294
13076747329
13076747506
13076747602
13076747693
13076747826
13076747830
13076747845
13076747920
13076747938
13076747950
13076747961
13076747983
13076748043
13076748136
13076748153
13076748165
13076748195
13076748203
13076748221
13076748235
13076748267
13076748317
13076748323
13076748329
13076748392
13076748552
13076748620
13076748657
13076748741
13076748783
13076748935
13076748964
13076748973
13076749052
13076749160
13076749187
13076749203
13076749205
13076749221
13076749278
13076749320
13076749372
13076749424
13076749530
13076749572
13076749613
13076749629
13076749675
13076749712
13076749723
13076749736
13076749803
13076749835
13076749867
13076749936
13076749952
13076750289
13076750642
13076751053
13076751450
13076751841
13076751854
13076751892
13076752149
13076752163
13076752417
13076752452
13076752507
13076752754
13076752763
13076752930
13076753392
13076753405
13076754194
13076754216
13076754329
13076754523
13076754531
13076755397
13076755817
13076756729
13076756823
13076757390
13076757894
13076758305
13076758327
13076758445
13076758473
13076758624
13076759034
13076759320
13076759374
13076759503
13076759702
13076759851
13076771924
13076773641
13076774524
13076775124
13076776479
13076778546
13076779842
13076780146
13076780347
13076780434
13076780463
13076780487
13076780534
13076780634
13076780642
13076780694
13076782034
13076782043
13076782059
13076782142
13076782154
13076782194
13076782304
13076782419
13076782431
13076782554
13076782571
13076782763
13076784702
13076784719
13076784763
13076784780
13076784792
13076784803
13076784814
13076784841
13076784863
13076784895
13076784924
13076784941
13076784946
13076784963
13076784984
13076785064
13076785074
13076785104
13076785167
13076785244
13076785341
13076785348
13076785496
13076785514
13076785541
13076785984
13076786024
13076786145
13076786149
13076786184
13076786284
13076786427
13076786494
13076786504
13076786743
13076786874
13076786934
13076787451
13076787463
13076787943
13076788064
13076788264
13076788351
13076788403
13076788409
13076788435
13076788436
13076788465
13076788741
13076789073
13076789434
13076789441
13076789452
13076789454
13076789647
13076789834
13076789840
13076790176
13076802643
13076815264
13076819257
13076820443
13076826305
13076840264
13076840349
13076840964
13076845419
13076848724
13076864265
13078827463
13078830562
13078837047
13078840541
13078841451
13078842470
13078843435
13078846243
13078846343
13078846547
13078860492
13078864034
13078864571
13078865245
13104867631
13113952374
13113957104
13113957874
13113959204
13113964780
13113965424
13113967184
13113967394
13113967604
13113972054
13113975104
13113975409
13113975849
13113982747
13113983194
13113986354
13113998421
13119501479
13119508320
13119509214
13119517046
13119524457
13119526491
13119528394
13119539182
13119541423
13119542634
13119562740
13119566714
13119574634
13119575649
13119590654
13126414974
13126415904
13126424760
13126434714
13126439024
13126450844
13126453464
13126457104
13126458493
13126459247
13126465943
13126466714
13126470437
13126471465
13126471797
13126474036
13126475246
13126476350
13126485314
13128237484
13128241749
13128242105
13128243742
13128247146
13128264694
13128267094
13128274305
13128275391
13128645083
13128645304
13128651461
13128654612
13128655296
13128690784
13128692174
13128694732
13129304740
13129311942
13129335571
13129340873
13129342146
13129345281
13129347492
13129348207
13129351769
13129359384
13129374843
13129375344
13129377465
13129378431
13129379704
13129387904
13138462407
13138477085
13138485904
13138602704
13138608134
13138612741
13138621947
13138627014
13138628401
13138643258
13138663261
13138677841
13143361943
13143381637
13143516961
13143546902
13143657385
13143697547
13143698272
13145721042
13145728537
13145729841
13160829642
13160849740
13168390834
13168398435
13168836747
13168848407
13168875184
13172042395
13172047784
13172057940
13172091254
13172092496
13178825947
13178863287
13189010243
13189010346
13189014248
13189021256
13189021540
13189056436
13189063137
13189070642
13189074093
13189164173
13189165674
13189169584
13202011724
13202034752
13202506145
13202506201
13202506454
13202537426
13202547190
13202549275
13226418572
13226425096
13226430894
13226431402
13226436734
13226437524
13226437854
13226438746
13226438954
13226440452
13226440853
13226440983
13226441274
13226441503
13226446483
13226447046
13226447058
13226448951
13226451540
13226451695
13226451754
13226452315
13226452739
13226452761
13226452871
13226453540
13226453573
13226453740
13226454159
13226454307
13226457350
13226458175
13226458204
13226459419
13226459632
13226459731
13226459816
13226634794
13226698146
13229414976
13229418724
13229427464
13229428965
13229431481
13229434084
13229436403
13229438214
13229438404
13229440795
13229440897
13229440951
13229441784
13229441791
13229443721
13229446072
13229446854
13229447237
13229451047
13229451274
13229451854
13229456141
13229457354
13229457412
13229458243
13229470249
13229471605
13229472812
13229473024
13229474057
13229474496
13229474509
13229474869
13229474957
13229475471
13229475901
13229475980
13229479161
13229479821
13229486057
13229492410
13229493615
13229495074
13229495092
13229497441
13229498439
13242801934
13242804534
13242804924
13242806431
13242806476
13242807865
13242810257
13242811694
13242817943
13242818404
13242820749
13242830142
13242831454
13242831544
13242832304
13242832469
13242832491
13242834975
13242835274
13242836724
13242839545
13242849552
13242851374
13242852307
13242856467
13242858247
13242859267
13242860785
13242860941
13242863441
13242863947
13242863984
13242864013
13242864463
13242864594
13242864714
13242864741
13242865346
13242866457
13242866874
13242867152
13242867153
13242867412
13242867493
13242868354
13242869247
13242869402
13242870964
13242871342
13242873642
13242876597
13242883145
13242892107
13242893263
13242894961
13242896275
13244806734
13244807320
13244810453
13244814745
13244818604
13244820637
13244831694
13244832374
13244837645
13246413594
13246416343
13246418140
13246452735
13246453874
13246457843
13246457845
13246459245
13246459364
13246470174
13246470394
13246470464
13246471034
13246471544
13246472543
13246475840
13246476842
13246477864
13246478142
13246478394
13246479564
13246479647
13246480441
13246482104
13246490384
13246490394
13246491475
13246491842
13246493714
13246495743
13246801274
13246801454
13246801907
13246802432
13246802740
13246803184
13246803541
13246803714
13246803944
13246804854
13246805194
13246805294
13246805304
13246805746
13246806447
13246806742
13246807265
13246807392
13246807834
13246808745
13246810974
13246814571
13246817957
13246818674
13246830197
13246830254
13246830494
13246831674
13246832420
13246832663
13246834162
13246834397
13246835124
13246835842
13246835943
13246836037
13246837314
13246837956
13246839452
13246841041
13246841641
13246842950
13246843504
13246843670
13246844037
13246844052
13246844184
13246844817
13246845143
13246847052
13246849746
13246861073
13246864604
13246870536
13246871461
13246873602
13246873751
13246874019
13246874194
13246874513
13246875791
13246878430
13246887323
13246889304
13246890140
13246890447
13246890951
13246891402
13246892394
13246892447
13246892734
13246893084
13246893240
13246893724
13246893974
13246894371
13246894824
13246895024
13246895714
13246896014
13246896441
13246896714
13246896747
13247500481
13247502390
13247505637
13247506142
13247506583
13247507032
13247510640
13247510944
13247511854
13247512544
13247513650
13247514271
13247514407
13247515034
13247515954
13247516143
13247517684
13247520241
13247520594
13247520897
13247521942
13247523487
13247523704
13247523714
13247524479
13247524875
13247525041
13247527164
13247528214
13247528342
13247529584
13247529874
13247530554
13247531584
13247531872
13247534538
13247535264
13247536253
13247539034
13247539746
13247541650
13247543541
13247545075
13247547530
13247548532
13247548701
13247549265
13247550464
13247550534
13247560154
13247560694
13247560741
13247560834
13247562481
13247562964
13247563342
13247563405
13247563439
13247564261
13247564297
13247564874
13247564932
13247565364
13247565804
13247566049
13247566462
13247567041
13247567094
13247567194
13247567347
13247568549
13247569064
13247569104
13247570341
13247571624
13247573025
13247576542
13247576894
13247577814
13247578047
13247578154
13247578394
13247578640
13247581097
13247583724
13247584740
13247585124
13247589401
13247589461
13247590341
13247593754
13247593971
13247595632
13247653597
13247698174
13249751723
13249762143
13250151694
13250153460
13250153691
13250157467
13250158249
13250163724
13250163824
13250164194
13250164854
13250165948
13250167410
13250228324
13250234634
13250234843
13250254709
13250257604
13250272449
13250276978
13250279674
13250292154
13250295770
13250322542
13250341246
13250343924
13250348142
13250348341
13250521594
13250522603
13250523710
13250529544
13250545184
13250558943
13250577294
13250578594
13250579204
13250593647
13250596467
13250710497
13250716947
13250717624
13250732674
13250732921
13250735164
13250736484
13250737947
13250740354
13250740542
13250741574
13250741743
13250741797
13250742144
13250743650
13250743844
13250744351
13250744603
13250744872
13250745163
13250745944
13250746742
13250748431
13250749241
13250749354
13250751804
13250752354
13250754697
13250762496
13250765641
13250766243
13250769741
13250772941
13250774014
13250783724
13250785746
13250787524
13250792045
13250793046
13250794042
13250794474
13250796847
13250798149
13265014457
13265016914
13265017594
13265018624
13265043571
13265047015
13265049427
13265070453
13265071494
13265072947
13265074324
13265091347
13265095324
13265105914
13265106724
13265107435
13265107544
13265109843
13265115104
13265117449
13265127804
13265128164
13265133874
13265141437
13265143254
13265143605
13265144649
13265147632
13265148341
13265148514
13265149015
13265150794
13265153754
13265157034
13265171274
13265184367
13265184691
13265195144
13265303684
13265305142
13265305365
13265305841
13265306344
13265307864
13265308614
13265313054
13265315451
13265316410
13265334854
13265349324
13265352174
13265370544
13265373904
13265374174
13265920961
13265927084
13265934064
13265941253
13265941437
13265941479
13265942752
13265948140
13265949774
13265955824
13265962926
13265964514
13265967340
13265974371
13265975724
13265978094
13265984714
13268024271
13268047641
13268049743
13268053584
13268054751
13268058745
13268063974
13268104287
13268120274
13268124570
13268129145
13268138931
13268201673
13268224874
13268239274
13268240187
13268276425
13268284170
13268292104
13268297942
13268317204
13268379215
13268387415
13268394794
13286840441
13286849423
13288451794
13288452074
13288452087
13288453147
13288453476
13288453671
13288453745
13288454013
13288455706
13288456124
13288457254
13288457372
13288460284
13288460453
13288460479
13288460564
13288461034
13288461578
13288463174
13288464213
13288464724
13288464904
13288465943
13288467347
13288467470
13288467614
13288467732
13288469573
13288478124
13288491403
13288491647
13288492419
13288492723
13288492974
13288493284
13288493584
13288493704
13288495042
13288495743
13288496491
13288497513
16602009247
16602053840
16602057124
16602057940
16602065472
16602086913
16620015348
16620034653
16620047320
16620074362
16620103841
16620105294
16620123954
16620137064
16620144295
16620144375
16620156714
16620159564
16620175146
16620342604
16620345531
16620346291
16620346374
16620349751
16620353176
16620354895
16620356419
16620359464
16620362524
16620363947
16620374071
16620376117
16620394497
16620394526
16620394530
16620395892
16620396994
16620399538
16620407804
16620413416
16620414593
16620415097
16620415932
16620416437
16620417016
16620418204
16620423327
16620423591
16620424027
16620424932
16620425871
16620427923
16620437352
16620437681
16620438995
16620439018
16620440659
16620443814
16620446779
16620449584
16620450787
16620452912
16620455278
16620456057
16620456487
16620456854
16620457464
16620461443
16620461849
16620462941
16620463482
16620463604
16620464403
16620465770
16620466505
16620467025
16620467803
16620468036
16620468373
16620468512
16620469004
16620472856
16620473644
16620474183
16620476871
16620477357
16620478240
16620478639
16620483625
16620486295
16620488264
16620489727
16620492741
16620494627
16620495984
16620498242
16624700017
16624700025
16624700032
16624700035
16624700041
16624700061
16624700087
16624700132
16624700139
16624700141
16624700142
16624700153
16624700165
16624700169
16624700174
16624700176
16624700179
16624700184
16624700196
16624700238
16624700244
16624700252
16624700253
16624700254
16624700262
16624700269
16624700270
16624700282
16624700283
16624700285
16624700286
16624700291
16624700295
16624700324
16624700336
16624700337
16624700339
16624700348
16624700350
16624700359
16624700362
16624700364
16624700370
16624700371
16624700374
16624700378
16624700382
16624700384
16624700387
16624700401
16624700403
16624700423
16624700431
16624700437
16624700442
16624700453
16624700497
16624700670
16624700684
16624700690
16624700692
16624700714
16624700737
16624700740
16624700743
16624700746
16624700754
16624700765
16624700771
16624700775
16624700784
16624700786
16624700836
16624700839
16624700842
16624700849
16624700865
16624700872
16624700893
16624700934
16624700937
16624700941
16624700944
16624700957
16624700958
16624700975
16624700997
16624701032
16624701042
16624701043
16624701059
16624701062
16624701068
16624701073
16624701079
16624701083
16624701084
16624701089
16624701095
16624701098
16624701240
16624701279
16624701294
16624701347
16624701349
16624701364
16624701391
16624701403
16624701434
16624701454
16624701472
16624701482
16624701486
16624701491
16624701523
16624701532
16624701542
16624701544
16624701562
16624701563
16624701571
16624701585
16624701593
16624701598
16624701603
16624701609
16624701615
16624701623
16624701624
16624701625
16624701627
16624701631
16624701632
16624701634
16624701637
16624701642
16624701646
16624701650
16624701651
16624701683
16624701685
16624701689
16624701690
16624701691
16624701692
16624701701
16624701702
16624701706
16624701724
16624701729
16624701730
16624701739
16624701746
16624701748
16624701750
16624701752
16624701756
16624701765
16624701774
16624701779
16624701785
16624701787
16624701794
16624701795
16624701804
16624701805
16624701816
16624701825
16624701827
16624701829
16624701831
16624701837
16624701849
16624701854
16624701857
16624701891
16624701916
16624701921
16624701923
16624701926
16624701927
16624701938
16624701944
16624701947
16624701952
16624701962
16624701963
16624701968
16624702027
16624702031
16624702032
16624702034
16624702035
16624702037
16624702038
16624702045
16624702049
16624702054
16624702058
16624702061
16624702073
16624702079
16624702081
16624702084
16624702085
16624702102
16624702103
16624702105
16624702107
16624702124
16624702126
16624702139
16624702142
16624702153
16624702164
16624702165
16624702170
16624702171
16624702178
16624702187
16624702193
16624702198
16624702201
16624702207
16624702214
16624702230
16624702237
16624702243
16624702244
16624702257
16624702273
16624702274
16624702276
16624702301
16624702314
16624702319
16624702329
16624702330
16624702331
16624702334
16624702336
16624702340
16624702350
16624702351
16624702358
16624702360
16624702363
16624702371
16624702374
16624702380
16624702384
16624702395
16624702405
16624702406
16624702409
16624702424
16624702429
16624702436
16624702441
16624702507
16624702545
16624702548
16624702584
16624702594
16624702612
16624702637
16624702643
16624702719
16624702841
16624702846
16624702864
16624702865
16624702904
16624702917
16624702934
16624702944
16624702945
16624702947
16624702948
16624702964
16624702973
16624703043
16624703054
16624703096
16624703128
16624703130
16624703138
16624703139
16624703144
16624703159
16624703162
16624703163
16624703172
16624703175
16624703184
16624703189
16624703191
16624703195
16624703203
16624703207
16624703227
16624703235
16624703242
16624703254
16624703257
16624703268
16624703270
16624703271
16624703273
16624703285
16624703295
16624703319
16624703324
16624703349
16624703361
16624703362
16624703364
16624703367
16624703387
16624703401
16624703403
16624703414
16624703421
16624703429
16624703432
16624703437
16624703440
16624703457
16624703482
16624703484
16624703486
16624703496
16624703501
16624703508
16624703513
16624703515
16624703519
16624703531
16624703532
16624703537
16624703541
16624703546
16624703551
16624703554
16624703559
16624703561
16624703570
16624703576
16624703583
16624703585
16624703587
16624703589
16624703593
16624703595
16624703610
16624703614
16624703615
16624703620
16624703632
16624703639
16624703641
16624703643
16624703648
16624703659
16624703671
16624703674
16624703676
16624703679
16624703683
16624703685
16624703691
16624703694
16624703697
16624703705
16624703710
16624703712
16624703713
16624703726
16624703731
16624703742
16624703743
16624703746
16624703759
16624703776
16624703783
16624703793
16624703795
16624703797
16624703801
16624703806
16624703814
16624703817
16624703834
16624703837
16624703843
16624703850
16624703852
16624703853
16624703857
16624703862
16624703880
16624703884
16624703890
16624703907
16624703908
16624703914
16624703924
16624703934
16624703935
16624703941
16624703942
16624703947
16624703967
16624703971
16624704003
16624704009
16624704014
16624704016
16624704246
16624704250
16624704253
16624704260
16624704262
16624704272
16624704282
16624704284
16624704289
16624704293
16624704305
16624704308
16624704315
16624704316
16624704323
16624704325
16624704326
16624704335
16624704340
16624704341
16624704342
16624704344
16624704345
16624704347
16624704349
16624704362
16624704363
16624704368
16624704371
16624704390
16624704391
16624704392
16624704395
16624704408
16624704409
16624704421
16624704425
16624704426
16624704430
16624704431
16624704437
16624704453
16624704459
16624704460
16624704481
16624704485
16624704501
16624704513
16624704526
16624704529
16624704532
16624704559
16624704571
16624704573
16624704576
16624704579
16624704584
16624704586
16624704603
16624704606
16624704613
16624704615
16624704619
16624704620
16624704623
16624704644
16624704645
16624704647
16624704651
16624704662
16624704669
16624704675
16624704680
16624704684
16624704690
16624704703
16624704704
16624704728
16624704737
16624704751
16624704757
16624704759
16624704763
16624704765
16624704771
16624704782
16624704785
16624704787
16624704791
16624704792
16624704794
16624704801
16624704805
16624704830
16624704852
16624704853
16624704856
16624704857
16624704861
16624704862
16624704863
16624704867
16624704873
16624704885
16624704889
16624704892
16624704903
16624704912
16624704913
16624704921
16624704941
16624704945
16624704952
16624704953
16624704963
16624704967
16624704971
16624704974
16624705037
16624705045
16624705097
16624705140
16624705147
16624705148
16624705149
16624705160
16624705164
16624705171
16624705193
16624705314
16624705364
16624705374
16624705413
16624705427
16624705462
16624705578
16624705579
16624705583
16624705587
16624705604
16624705606
16624705607
16624705612
16624705616
16624705621
16624705624
16624705634
16624705635
16624705636
16624705638
16624705641
16624705657
16624705681
16624705687
16624705694
16624705696
16624705697
16624705703
16624705704
16624705707
16624705709
16624705712
16624705713
16624705725
16624705737
16624705760
16624705773
16624705776
16624705778
16624705781
16624705783
16624705785
16624705786
16624705801
16624705810
16624705813
16624705825
16624705835
16624705849
16624705852
16624705857
16624705887
16624705892
16624705903
16624705904
16624705906
16624705907
16624705916
16624705920
16624705941
16624705945
16624705946
16624705954
16624705956
16624705958
16624705976
16624705983
16624705984
16624706003
16624706013
16624706015
16624706431
16624706443
16624706450
16624706452
16624706691
16624706693
16624706697
16624706718
16624706719
16624706720
16624706728
16624706737
16624706738
16624706753
16624706772
16624706775
16624706778
16624706785
16624706786
16624706790
16624706792
16624706793
16624706803
16624706807
16624706815
16624706819
16624706820
16624706829
16624706832
16624706839
16624706849
16624706851
16624706854
16624706903
16624706905
16624706906
16624706907
16624706941
16624706944
16624706952
16624706954
16624706957
16624706958
16624706962
16624706964
16624706970
16624706972
16624706975
16624706983
16624706984
16624706990
16624707014
16624707021
16624707031
16624707051
16624707054
16624707056
16624707059
16624707067
16624707073
16624707086
16624707089
16624707090
16624707102
16624707103
16624707104
16624707112
16624707125
16624707135
16624707146
16624707151
16624707160
16624707174
16624707196
16624707198
16624707206
16624707209
16624707213
16624707216
16624707223
16624707228
16624707246
16624707260
16624707264
16624707275
16624707281
16624707282
16624707297
16624707301
16624707314
16624707329
16624707336
16624707341
16624707343
16624707348
16624707349
16624707354
16624707360
16624707376
16624707379
16624707386
16624707387
16624707393
16624707394
16624707396
16624707402
16624707405
16624707416
16624707420
16624707430
16624707437
16624707461
16624707464
16624707802
16624707804
16624707814
16624707815
16624707816
16624707826
16624707839
16624707840
16624707845
16624707847
16624707851
16624707852
16624707856
16624707863
16624707874
16624707875
16624707884
16624707891
16624707893
16624707897
16624707906
16624707910
16624707921
16624707924
16624707936
16624707944
16624707945
16624707946
16624707948
16624707953
16624707963
16624707972
16624707983
16624708003
16624708006
16624708018
16624708019
16624708020
16624708031
16624708044
16624708048
16624708049
16624708063
16624708064
16624708067
16624708072
16624708079
16624708106
16624708109
16624708115
16624708117
16624708127
16624708130
16624708135
16624708139
16624708145
16624708162
16624708163
16624708164
16624708165
16624708169
16624708170
16624708171
16624708173
16624708189
16624708191
16624708202
16624708205
16624708209
16624708215
16624708231
16624708236
16624708237
16624708242
16624708250
16624708276
16624708431
16624708439
16624708452
16624708457
16624708470
16624708478
16624708492
16624708496
16624708524
16624708526
16624708529
16624708532
16624708538
16624708540
16624708550
16624708552
16624708554
16624708561
16624708569
16624708571
16624708574
16624708592
16624708595
16624708596
16624708612
16624708614
16624708619
16624708623
16624708625
16624708635
16624708647
16624708653
16624708657
16624708672
16624708673
16624708675
16624708684
16624708685
16624708915
16624708920
16624708932
16624708943
16624708944
16624708951
16624708952
16624708953
16624708956
16624708963
16624708965
16624708974
16624708976
16624708983
16624708984
16624708991
16624708993
16624709005
16624709006
16624709020
16624709023
16624709026
16624709041
16624709051
16624709053
16624709067
16624709074
16624709083
16624709084
16624709085
16624709091
16624709101
16624709113
16624709117
16624709128
16624709132
16624709363
16624709368
16624709372
16624709373
16624709374
16624709378
16624709387
16624709404
16624709408
16624709410
16624709412
16624709416
16624709425
16624709426
16624709430
16624709434
16624709439
16624709445
16624709450
16624709452
16624709462
16624709478
16624709479
16624709481
16624709505
16624709508
16624709516
16624709517
16624709519
16624709523
16624709526
16624709531
16624709532
16624709537
16624709557
16624709569
16624709571
16624709641
16624709644
16624709761
16624710182
16624710236
16624710241
16624710256
16624710257
16624710271
16624710282
16624710363
16624710364
16624710372
16624710373
16624710397
16624710431
16624710437
16624710447
16624710461
16624710467
16624710469
16624710470
16624710475
16624710487
16624710490
16624710642
16624710693
16624710840
16624710845
16624710849
16624710874
16624710931
16624710934
16624710943
16624710944
16624710945
16624710961
16624710964
16624710965
16624710985
16624711034
16624711035
16624711037
16624711251
16624711325
16624711342
16624711432
16624711450
16624711459
16624711461
16624711479
16624711491
16624711492
16624711514
16624711541
16624711543
16624711564
16624711574
16624711649
16624711652
16624711674
16624711697
16624711704
16624711745
16624711783
16624711834
16624711870
16624711892
16624711923
16624711954
16624712043
16624712049
16624712106
16624712167
16624712401
16624712405
16624712457
16624712469
16624712485
16624712504
16624712507
16624712510
16624712541
16624712545
16624712549
16624712554
16624712572
16624712574
16624712594
16624712596
16624712624
16624712631
16624712634
16624712647
16624712652
16624712694
16624712695
16624712752
16624712754
16624712759
16624712774
16624712781
16624712814
16624712842
16624712844
16624712859
16624712862
16624712907
16624712943
16624712954
16624712963
16624712964
16624712965
16624712974
16624713016
16624713085
16624713196
16624713214
16624713256
16624713269
16624713285
16624713349
16624713410
16624713416
16624713429
16624713445
16624713461
16624713472
16624713517
16624713564
16624713571
16624713594
16624713630
16624713642
16624713654
16624713720
16624713764
16624713780
16624713801
16624713847
16624713854
16624713857
16624713867
16624713872
16624713924
16624713934
16624713935
16624713940
16624713946
16624713975
16624714016
16624714027
16624714045
16624714049
16624714052
16624714063
16624714065
16624714067
16624714081
16624714084
16624714094
16624714103
16624714137
16624714152
16624714178
16624714192
16624714194
16624714239
16624714240
16624714245
16624714257
16624714281
16624714282
16624714285
16624714302
16624714305
16624714359
16624714362
16624714374
16624714375
16624714386
16624714397
16624714403
16624714409
16624714438
16624714453
16624714501
16624714540
16624714542
16624714564
16624714569
16624714571
16624714572
16624714601
16624714607
16624714609
16624714652
16624714659
16624714724
16624714784
16624714806
16624714807
16624714809
16624714815
16624714824
16624714837
16624714854
16624714892
16624714894
16624714932
16624714941
16624714981
16624714984
16624715062
16624715063
16624715064
16624715091
16624715103
16624715124
16624715142
16624715174
16624715182
16624715243
16624715284
16624715319
16624715364
16624715371
16624715376
16624715405
16624715413
16624715429
16624715447
16624715463
16624715472
16624715474
16624715475
16624715482
16624715487
16624715493
16624715540
16624715614
16624715637
16624715643
16624715709
16624715719
16624715724
16624715738
16624715741
16624715761
16624715804
16624715814
16624715843
16624715846
16624715862
16624715871
16624715914
16624715934
16624715940
16624715942
16624715957
16624715967
16624715984
16624716021
16624716044
16624716104
16624716105
16624716134
16624716149
16624716152
16624716153
16624716207
16624716241
16624716245
16624716272
16624716284
16624716297
16624716304
16624716312
16624716349
16624716372
16624716384
16624716425
16624716426
16624716440
16624716443
16624716470
16624716479
16624716492
16624716590
16624716591
16624716594
16624716704
16624716710
16624716724
16624716742
16624716804
16624716904
16624716931
16624716943
16624716948
16624716962
16624716967
16624717021
16624717053
16624717063
16624717093
16624717243
16624717263
16624717295
16624717341
16624717342
16624717362
16624717402
16624717435
16624717443
16624717457
16624717467
16624717487
16624717490
16624717493
16624717502
16624717524
16624717580
16624717584
16624717604
16624717638
16624717645
16624717659
16624717684
16624717815
16624717840
16624717841
16624717864
16624717872
16624717937
16624717942
16624717946
16624717947
16624717952
16624717954
16624718045
16624718057
16624718062
16624718092
16624718094
16624718132
16624718142
16624718153
16624718154
16624718167
16624718204
16624718292
16624718294
16624718302
16624718304
16624718342
16624718374
16624718375
16624718405
16624718425
16624718427
16624718430
16624718432
16624718435
16624718439
16624718451
16624718453
16624718472
16624718475
16624718490
16624718493
16624718495
16624718497
16624718542
16624718641
16624718654
16624718704
16624718719
16624718724
16624718736
16624718741
16624718742
16624718749
16624718784
16624718907
16624718924
16624718941
16624718967
16624718976
16624719015
16624719041
16624719065
16624719074
16624719105
16624719134
16624719230
16624719240
16624719247
16624719254
16624719260
16624719273
16624719276
16624719278
16624719345
16624719354
16624719387
16624719405
16624719412
16624719423
16624719427
16624719436
16624719443
16624719445
16624719452
16624719457
16624719462
16624719467
16624719537
16624719564
16624719581
16624719624
16624719645
16624719647
16624719648
16624719746
16624719748
16624719874
16626401458
16626402027
16626403072
16626403594
16626407437
16626407487
16626407582
16626407756
16626414097
16626414692
16626415073
16626415144
16626418347
16626418437
16626420487
16626421048
16626430752
16626430846
16626434185
16626434704
16626435086
16626435474
16626436851
16626448412
16626449453
16626701454
16626702472
16626703349
16626704943
16626705462
16626710593
16626712485
16626713742
16626714903
16626721849
16626722165
16626723497
16626727470
17502030152
17502030250
17502030340
17502030342
17502030394
17502030414
17502030431
17502030536
17502030587
17502030592
17502030662
17502030680
17502030709
17502030727
17502030790
17502030796
17502030837
17502030864
17502030879
17502030907
17502030993
17502031093
17502031254
17502031301
17502031346
17502031391
17502031440
17502031458
17502031460
17502031506
17502031660
17502031726
17502031758
17502031786
17502032005
17502032049
17502032050
17502032063
17502032196
17502032284
17502032336
17502032507
17502032550
17502032573
17502032630
17502032646
17502032686
17502032687
17502032734
17502032793
17502032802
17502032954
17502032970
17502033031
17502033094
17502033128
17502033134
17502033162
17502033164
17502033191
17502033193
17502033237
17502033269
17502033472
17502033481
17502033513
17502033592
17502033698
17502033753
17502033775
17502033824
17502033910
17502034018
17502034059
17502034163
17502034203
17502034250
17502034325
17502034331
17502034393
17502034412
17502034460
17502034467
17502034473
17502034483
17502034532
17502034551
17502034568
17502034635
17502034636
17502034645
17502034674
17502034705
17502034761
17502034785
17502034842
17502034854
17502034979
17502035027
17502035158
17502035196
17502035206
17502035224
17502035271
17502035284
17502035383
17502035408
17502035596
17502035725
17502035746
17502035767
17502035779
17502035805
17502035815
17502035939
17502035958
17502035970
17502035992
17502036019
17502036054
17502036092
17502036101
17502036170
17502036220
17502036225
17502036280
17502036303
17502036394
17502036603
17502036740
17502036791
17502036821
17502036872
17502036936
17502036959
17502036978
17502037032
17502037051
17502037082
17502037106
17502037109
17502037132
17502037164
17502037184
17502037187
17502037217
17502037220
17502037269
17502037412
17502037490
17502037496
17502037505
17502037519
17502037581
17502037589
17502037602
17502037634
17502037671
17502037730
17502037763
17502037794
17502037824
17502037869
17502037947
17502037970
17502037991
17502038047
17502038074
17502038086
17502038117
17502038135
17502038224
17502038249
17502038250
17502038254
17502038294
17502038316
17502038327
17502038409
17502038451
17502038467
17502038501
17502038551
17502038691
17502038732
17502038738
17502038739
17502038743
17502038759
17502038813
17502038876
17502038915
17502038950
17502038972
17502039013
17502039062
17502039074
17502039097
17502039121
17502039165
17502039376
17502039446
17502039454
17502039534
17502039592
17502039657
17502039673
17502039840
17502039850
17502039864
17502039928
17502039934
17502039943
17502051401
17502062864
17502064383
17502090348
17520400092
17520400136
17520400171
17520400183
17520400247
17520400295
17520400302
17520400358
17520400404
17520400485
17520400565
17520400781
17520400974
17520401084
17520401323
17520401326
17520401335
17520401361
17520401365
17520401391
17520401465
17520401644
17520401752
17520401960
17520401982
17520401984
17520402072
17520402189
17520402349
17520402402
17520402430
17520402516
17520402565
17520402652
17520402663
17520402702
17520402741
17520402745
17520402778
17520402918
17520402961
17520403031
17520403037
17520403044
17520403061
17520403381
17520403425
17520403491
17520403572
17520403629
17520403660
17520403721
17520403825
17520403996
17520404061
17520404065
17520404107
17520404117
17520404134
17520404192
17520404241
17520404276
17520404331
17520404475
17520404489
17520404526
17520404539
17520404610
17520404628
17520404637
17520404740
17520404929
17520404937
17520405028
17520405109
17520405124
17520405217
17520405314
17520405486
17520405487
17520405489
17520405612
17520405623
17520405706
17520405817
17520405825
17520405942
17520405951
17520405952
17520406087
17520406124
17520406159
17520406287
17520406292
17520406301
17520406308
17520406367
17520406391
17520406392
17520406410
17520406479
17520406526
17520406545
17520406570
17520406625
17520406759
17520406770
17520406814
17520406848
17520406883
17520406921
17520406981
17520406998
17520407021
17520407085
17520407160
17520407192
17520407213
17520407375
17520407405
17520407434
17520407502
17520407521
17520407523
17520407553
17520407559
17520407582
17520407589
17520407602
17520407607
17520407696
17520407724
17520407840
17520408110
17520408130
17520408245
17520408335
17520408368
17520408442
17520408443
17520408485
17520408523
17520408563
17520408589
17520408597
17520408628
17520408654
17520408719
17520408748
17520408934
17520408942
17520408953
17520408990
17520409008
17520409032
17520409078
17520409228
17520409375
17520409398
17520409480
17520409519
17520409564
17520409694
17520409731
17520409791
17520413845
17520417814
17520420093
17520420121
17520420135
17520420149
17520420498
17520420541
17520420552
17520420590
17520420616
17520420618
17520420635
17520420644
17520420692
17520420701
17520420726
17520420820
17520420840
17520420892
17520420929
17520420930
17520420980
17520421145
17520421238
17520421243
17520421327
17520421436
17520421468
17520421545
17520421558
17520421638
17520421796
17520421849
17520421852
17520421854
17520422173
17520422182
17520422203
17520422313
17520422320
17520422372
17520422446
17520422453
17520422480
17520422496
17520422503
17520422672
17520422748
17520422839
17520422841
17520422867
17520422976
17520422982
17520423035
17520423118
17520423142
17520423221
17520423302
17520423315
17520423342
17520423465
17520423503
17520423579
17520423628
17520423750
17520423787
17520423796
17520423802
17520423865
17520423889
17520423937
17520424020
17520424043
17520424054
17520424208
17520424329
17520424391
17520424480
17520424532
17520424548
17520424580
17520424591
17520424659
17520424752
17520424765
17520424796
17520424992
17520425003
17520425069
17520425098
17520425194
17520425271
17520425424
17520425431
17520425487
17520425517
17520425646
17520425652
17520425712
17520425769
17520425787
17520425819
17520425836
17520425859
17520425865
17520425903
17520425944
17520426032
17520426057
17520426076
17520426090
17520426141
17520426214
17520426283
17520426296
17520426312
17520426362
17520426367
17520426390
17520426414
17520426544
17520426687
17520426689
17520426702
17520426729
17520426752
17520426793
17520426846
17520426896
17520426929
17520426944
17520426974
17520427069
17520427096
17520427129
17520427132
17520427160
17520427169
17520427190
17520427201
17520427252
17520427269
17520427284
17520427313
17520427403
17520427493
17520427528
17520427554
17520427649
17520427692
17520427731
17520427758
17520427834
17520428072
17520428098
17520428173
17520428185
17520428186
17520428230
17520428244
17520428280
17520428367
17520428387
17520428445
17520428607
17520428667
17520428720
17520428917
17520428942
17520429003
17520429079
17520429132
17520429174
17520429198
17520429240
17520429245
17520429259
17520429262
17520429287
17520429532
17520429594
17520429692
17520429723
17520429724
17520429764
17520429880
17520429884
17576031564
17576032449
17576033546
17576036397
17576037429
17576038429
17576038941
17576039124
17576040039
17576040053
17576040079
17576040138
17576040228
17576040358
17576040446
17576040515
17576040663
17576040853
17576041342
17576041412
17576041414
17576041425
17576041482
17576041557
17576041708
17576041728
17576042080
17576042265
17576042872
17576042938
17576043376
17576043538
17576043998
17576044383
17576044818
17576045004
17576045006
17576045498
17576045667
17576046424
17576046461
17576046684
17576046981
17576047108
17576047223
17576047308
17576047339
17576047404
17576047467
17576047714
17576047844
17576047968
17576048836
17576049008
17576049385
17576049707
17576050283
17576057454
17576058784
17576061364
17576070057
17576070135
17576070156
17576070215
17576070298
17576070301
17576070308
17576070373
17576070417
17576070657
17576070754
17576071050
17576071084
17576071130
17576071258
17576071307
17576071528
17576071756
17576071889
17576071917
17576071985
17576072023
17576072061
17576072109
17576072110
17576072219
17576072240
17576072245
17576072286
17576072304
17576072506
17576072648
17576072801
17576072821
17576072924
17576072981
17576073036
17576073039
17576073264
17576073298
17576073562
17576073617
17576073691
17576073716
17576073790
17576074067
17576074109
17576074238
17576074529
17576074587
17576074660
17576074712
17576074751
17576074770
17576074805
17576074820
17576074860
17576074931
17576074996
17576075002
17576075008
17576075015
17576075067
17576075153
17576075292
17576075326
17576075343
17576075438
17576075486
17576075563
17576075573
17576075574
17576075601
17576075689
17576075702
17576075717
17576075992
17576075993
17576076008
17576076150
17576076160
17576076182
17576076498
17576076519
17576076527
17576076541
17576076582
17576076587
17576076631
17576076694
17576076716
17576076759
17576076794
17576077293
17576077296
17576077316
17576078269
17576078353
17576078360
17576078373
17576078376
17576078384
17576078480
17576078501
17576078502
17576078536
17576078634
17576078657
17576078662
17576078680
17576078753
17576078806
17576078807
17576078812
17576080074
17576080439
17576081124
17576081135
17576081152
17576081173
17576081265
17576081305
17576081362
17576081408
17576081559
17576081571
17576081629
17576081913
17576081954
17576082032
17576082120
17576082313
17576082321
17576082375
17576082691
17576082723
17576082916
17576082976
17576082982
17576083031
17576083064
17576083101
17576083110
17576083181
17576083296
17576083321
17576083638
17576083660
17576083827
17576083861
17576083863
17576083905
17576083973
17576084026
17576084070
17576084082
17576084305
17576084526
17576084535
17576084617
17576084646
17576084686
17576084995
17576085130
17576085213
17576085283
17576085321
17576085619
17576085837
17576085860
17576086001
17576086109
17576086220
17576086503
17576086508
17576086786
17576086806
17576086892
17576086952
17576087208
17576087258
17576087538
17576087553
17576087764
17576087802
17576087976
17576088083
17576088091
17576088124
17576088144
17576088272
17576088302
17576088319
17576088413
17576088601
17576088606
17576088637
17576088675
17576088714
17576088760
17576088774
17576088856
17576088872
17576088919
17576088970
17576089265
17576089336
17576089713
17576089849
17576089886
17576089901
17576089953
17576096534
17602016124
17602016467
17602017697
17602033492
17602035743
17602037294
17602037954
17602041869
17602042175
17602043074
17602043801
17602044863
17602044985
17602045772
17602045842
17602048363
17602048652
17602049125
17602049234
17602050424
17602050736
17602050912
17602051059
17602051140
17602051239
17602051295
17602051438
17602051442
17602051530
17602051839
17602051893
17602052016
17602052246
17602052301
17602052313
17602052574
17602052896
17602052919
17602053069
17602053584
17602053751
17602053759
17602054065
17602054175
17602054412
17602054489
17602054608
17602054767
17602054865
17602054895
17602054978
17602055081
17602055923
17602056007
17602056159
17602056601
17602056651
17602056756
17602056948
17602057146
17602057163
17602057432
17602057436
17602057439
17602057474
17602058040
17602058244
17602058340
17602058713
17602058790
17602058893
17602059051
17602059071
17602059263
17602059415
17602059907
17602059978
17602060094
17602060143
17602060223
17602060375
17602060447
17602060564
17602060879
17602061158
17602061162
17602061330
17602061367
17602062274
17602062439
17602062448
17602062880
17602062893
17602063192
17602063207
17602063525
17602063594
17602063716
17602064395
17602064402
17602064793
17602064835
17602065160
17602065275
17602065281
17602065338
17602065569
17602065609
17602065616
17602065664
17602065679
17602065851
17602065965
17602066016
17602066092
17602066147
17602066475
17602066730
17602067193
17602067210
17602067324
17602067340
17602067524
17602067851
17602067925
17602068146
17602068237
17602068361
17602068680
17602068956
17602069083
17602069293
17602069437
17602069531
17602069534
17602069825
17602069830
17602069952
17602071053
17602075359
17612003724
17612003814
17612010347
17612010943
17612014732
17612014902
17612016584
17612016754
17612018942
17612019245
17612019247
17612019640
17612020735
17612021674
17612021683
17612023117
17612023346
17612023552
17612023644
17612023657
17612023852
17612025042
17612025165
17612025302
17612026030
17612026441
17612026874
17612026972
17612027451
17612027781
17612027824
17612028124
17612028201
17612029672
17612030056
17612030137
17612030629
17612031158
17612031216
17612031370
17612031379
17612031404
17612031436
17612031491
17612031531
17612031570
17612031676
17612031834
17612031879
17612031916
17612031985
17612032017
17612032072
17612032198
17612032339
17612032768
17612032854
17612033053
17612033481
17612033854
17612034231
17612034316
17612034428
17612034575
17612034703
17612034826
17612034903
17612035025
17612035049
17612035053
17612035421
17612035720
17612036045
17612036436
17612036523
17612036572
17612036990
17612037584
17612037593
17612037760
17612037826
17612038223
17612038485
17612038546
17612038629
17612038810
17612038910
17612038997
17612039143
17612039289
17612039375
17612039645
17612039831
17612039868
17612039872
17612041047
17612041786
17612041894
17612042301
17612043178
17612043740
17612043765
17612044826
17612046342
17612047263
17612048035
17612048129
17612048249
17612049274
17612049346
17612054046
17612054657
17612055371
17612057932
17612058510
17612059024
17612059343
17612061861
17612071416
17612073765
17612074013
17612074340
17612076020
17612080196
17612083870
17612099734
17620040545
17620040851
17620041297
17620041540
17620042519
17620043149
17620043193
17620045283
17620045771
17620046187
17620047244
17620049371
17620049721
17620051473
17620051695
17620053402
17620057174
17620059642
17620107594
17620110183
17620110619
17620110634
17620110662
17620110849
17620111044
17620111892
17620111906
17620111987
17620112306
17620112351
17620112592
17620112618
17620113231
17620113294
17620113505
17620113519
17620113672
17620114047
17620114219
17620114387
17620114591
17620114627
17620114671
17620114673
17620114979
17620115043
17620115646
17620115686
17620115965
17620116643
17620116846
17620116925
17620116964
17620116992
17620117226
17620117336
17620117638
17620117801
17620118648
17620118664
17620118783
17620118938
17620118997
17620119294
17620119375
17620119478
17620119615
17620119824
17620124487
17620129106
17620141354
17620141387
17620142269
17620142761
17620144054
17620145292
17620145730
17620147293
17620149374
17620150465
17620150974
17620153397
17620153612
17620153934
17620154246
17620157435
17620158093
17620158135
17620158291
17620158601
17620159024
17620163842
17620164103
17620165034
17620165475
17620165841
17620167084
17620180025
17620180085
17620180261
17620180269
17620180503
17620180601
17620180645
17620180675
17620180731
17620180761
17620180778
17620180989
17620180992
17620181039
17620181065
17620181097
17620181162
17620181237
17620181290
17620181293
17620181394
17620181559
17620181612
17620181642
17620181670
17620181690
17620181751
17620181768
17620181772
17620181793
17620181812
17620181908
17620181932
17620181976
17620182063
17620182076
17620182080
17620182154
17620182172
17620182205
17620182239
17620182268
17620182462
17620182475
17620182508
17620182516
17620182650
17620182878
17620182937
17620182982
17620183063
17620183068
17620183107
17620183217
17620183230
17620183258
17620183269
17620183295
17620183305
17620183316
17620183451
17620183491
17620183538
17620183713
17620183717
17620183726
17620183759
17620183782
17620183840
17620184185
17620184548
17620184845
17620185015
17620185073
17620185126
17620185136
17620185292
17620185306
17620185332
17620185379
17620185573
17620185670
17620185719
17620185798
17620185870
17620185925
17620185958
17620186020
17620186057
17620186143
17620186152
17620186271
17620186276
17620186357
17620186393
17620186539
17620186625
17620186728
17620186773
17620186837
17620186838
17620186893
17620186916
17620186962
17620186974
17620186985
17620187023
17620187035
17620187107
17620187116
17620187126
17620187131
17620187149
17620187236
17620187312
17620187316
17620187358
17620187367
17620187369
17620187382
17620187571
17620187592
17620187598
17620187617
17620187746
17620187750
17620187769
17620187793
17620187820
17620187894
17620187907
17620187935
17620187946
17620187978
17620188054
17620188083
17620188097
17620188209
17620188291
17620188375
17620188389
17620188398
17620188425
17620188525
17620188560
17620188576
17620188602
17620188687
17620188698
17620188916
17620188923
17620189059
17620189073
17620189086
17620189212
17620189230
17620189870
17620189962
17620193792
17620701362
17620701542
17620702418
17620703940
17620704281
17620704537
17620704904
17620705782
17620706204
17620709471
17620714025
17620716246
17620716461
17620728251
17620730439
17620731349
17620733204
17620733846
17620734084
17620734154
17620735471
17620740156
17620741436
17620742103
17620743601
17620743907
17620745375
17620746557
17620746579
17620748692
17620749184
17620760521
17620760836
17620761102
17620761134
17620761437
17620761548
17620761590
17620762072
17620762963
17620762996
17620764769
17620765431
17620766074
17620766481
17620767425
17620768224
17620768401
17620768458
17620768834
17620769134
17620769494
17620769745
17620773304
17620792657
17620794290
17620795319
17620795980
17620796981
17620797807
17620798702
17620801479
17620801935
17620802394
17620803735
17620805094
17620806249
17620807564
17620809371
17620810194
17620811244
17620812145
17620812241
17620812401
17620812814
17620814025
17620814641
17620814846
17620815451
17620817042
17620818545
17620819364
17620819445
17620824914
17620826193
17620826431
17620826491
17620826582
17620828713
17620831894
17620832469
17620832634
17620834027
17620834261
17620834285
17620834732
17620835049
17620839724
17620839742
17620850023
17620850252
17620850680
17620850798
17620850844
17620850958
17620851072
17620851187
17620851865
17620852078
17620852082
17620852438
17620852644
17620852671
17620854094
17620854373
17620854378
17620854529
17620854741
17620854878
17620854976
17620855232
17620855459
17620855686
17620855793
17620855794
17620855914
17620855952
17620856204
17620856410
17620856882
17620856884
17620857472
17620857683
17620858142
17620858168
17620858845
17620858951
17620859283
17620859556
17620859643
17620859687
17620860546
17620860878
17620861027
17620861157
17620861694
17620861701
17620862592
17620862849
17620862930
17620863105
17620863216
17620863518
17620863805
17620864091
17620864121
17620864234
17620864245
17620864330
17620864331
17620864347
17620864349
17620864417
17620864786
17620865079
17620865126
17620865140
17620865143
17620865286
17620865323
17620865648
17620865784
17620865817
17620865919
17620866542
17620867008
17620867036
17620867049
17620867147
17620867184
17620867275
17620867284
17620867785
17620867842
17620867927
17620867950
17620868029
17620868046
17620868157
17620868445
17620868475
17620869107
17620869347
17620870241
17620870347
17620870354
17620870384
17620870474
17620870644
17620870937
17620870954
17620871037
17620871045
17620871284
17620871354
17620871409
17620871424
17620871435
17620871470
17620871479
17620871494
17620871640
17620871804
17620871854
17620872145
17620872348
17620872384
17620872394
17620872409
17620872542
17620872704
17620872824
17620873024
17620873274
17620873428
17620873642
17620873647
17620873842
17620873967
17620874015
17620874027
17620874140
17620874185
17620874259
17620874296
17620874310
17620874349
17620874431
17620874537
17620874641
17620874653
17620874654
17620874763
17620874812
17620874840
17620874842
17620874843
17620874875
17620874893
17620874924
17620874963
17620875047
17620875101
17620875284
17620875334
17620875349
17620875463
17620875474
17620875604
17620875634
17620875646
17620875704
17620875764
17620875794
17620875864
17620876241
17620876242
17620876274
17620876303
17620876429
17620876432
17620876461
17620876473
17620876485
17620876784
17620876794
17620876857
17620876943
17620877143
17620877304
17620877384
17620877403
17620877421
17620877434
17620877495
17620877694
17620877854
17620878324
17620878342
17620878445
17620878449
17620878524
17620879242
17620879264
17620879374
17620879463
17620879640
17620879724
17620883954
17620887175
17620891348
17620891705
17620891732
17620893346
17620893754
17620894859
17620897624
17620897754
17620898147
17620898741
17620899431
17620902425
17620902951
17620903641
17620904174
17620904316
17620904364
17620904701
17620904784
17620905374
17620906347
17620906791
17620907164
17620907461
17620907506
17620907834
17620908264
17620908364
17620908452
17620912954
17620914264
17620914540
17620914579
17620914654
17620914895
17620915224
17620915394
17620915684
17620916542
17620917846
17620919814
17620923485
17620929148
17620932354
17620934024
17620934490
17620934514
17620934734
17620934842
17620935740
17620935934
17620937124
17620937450
17620937942
17620938079
17620940046
17620940171
17620940280
17620940758
17620940917
17620940924
17620941089
17620941568
17620941753
17620941780
17620941793
17620941843
17620941897
17620941957
17620942026
17620942052
17620942280
17620943010
17620943073
17620943138
17620943261
17620943706
17620943731
17620943740
17620943895
17620943990
17620944064
17620944124
17620944425
17620944507
17620944585
17620944606
17620945229
17620945245
17620945342
17620945617
17620945685
17620945918
17620946206
17620946339
17620946753
17620946794
17620946975
17620947138
17620947357
17620947498
17620947543
17620948094
17620948301
17620948404
17620948484
17620948780
17620948854
17620948872
17620949086
17620949258
17620949343
17620949615
17620949714
17620949798
17620949843
17620950451
17620950472
17620950634
17620951074
17620951647
17620951704
17620951774
17620952401
17620954104
17620954146
17620962647
17620963274
17620984397
17620990021
17620990086
17620990273
17620990310
17620990383
17620990385
17620990682
17620990974
17620990993
17620991039
17620991079
17620991104
17620991135
17620991147
17620991259
17620991267
17620991315
17620991414
17620991479
17620991728
17620991826
17620991891
17620992335
17620992372
17620992512
17620992559
17620992597
17620992803
17620992851
17620993009
17620993062
17620993092
17620993096
17620993164
17620993257
17620993351
17620993430
17620993460
17620993505
17620993537
17620993617
17620993659
17620993695
17620993717
17620993847
17620993884
17620994049
17620994163
17620994164
17620994232
17620994236
17620994331
17620994391
17620994398
17620994438
17620994532
17620994574
17620994696
17620994793
17620994856
17620994902
17620995059
17620995081
17620995090
17620995292
17620995680
17620995716
17620995786
17620995851
17620995884
17620995887
17620995930
17620995938
17620995991
17620996082
17620996085
17620996183
17620996192
17620996319
17620996329
17620996356
17620996397
17620996468
17620996713
17620996987
17620997034
17620997060
17620997121
17620997176
17620997387
17620997564
17620997570
17620997609
17620997623
17620997689
17620997943
17620998101
17620998104
17620998124
17620998173
17620998303
17620998438
17620998452
17620998473
17620998537
17620998540
17620998696
17620998724
17620998835
17620998980
17620999004
17620999048
17620999053
17620999138
17620999169
17620999408
17620999434
17620999468
17620999495
17620999519
17620999615
17620999691
17665004964
17665010168
17665010519
17665010561
17665010754
17665010971
17665011351
17665011374
17665011556
17665011652
17665012105
17665012198
17665012269
17665012335
17665012362
17665012546
17665012553
17665012704
17665012937
17665013092
17665013109
17665013154
17665013319
17665013356
17665013593
17665013594
17665013824
17665013830
17665014021
17665014032
17665014071
17665014284
17665014645
17665014652
17665014772
17665014786
17665014898
17665015051
17665015336
17665015543
17665015835
17665015909
17665016059
17665016383
17665016576
17665016582
17665016593
17665016620
17665016632
17665017161
17665017263
17665017350
17665017371
17665017503
17665017708
17665017753
17665017785
17665017930
17665017956
17665018020
17665018051
17665018076
17665018143
17665018246
17665018252
17665018294
17665018309
17665018635
17665018738
17665018741
17665018819
17665018904
17665019065
17665019225
17665019392
17665019419
17665019687
17665019760
17665019808
17665020120
17665020130
17665020137
17665020232
17665020243
17665020468
17665020558
17665020587
17665020887
17665021041
17665021124
17665021253
17665021281
17665021327
17665021468
17665021557
17665021568
17665022346
17665022578
17665022840
17665022954
17665023067
17665023190
17665023897
17665023925
17665024091
17665024107
17665024157
17665024307
17665024323
17665024727
17665024748
17665024771
17665024785
17665024813
17665025379
17665025536
17665025541
17665025602
17665025702
17665025801
17665025860
17665025991
17665025997
17665026013
17665026062
17665026312
17665026462
17665026527
17665026558
17665026741
17665026986
17665027218
17665027315
17665027408
17665027641
17665027862
17665028003
17665028102
17665028213
17665028268
17665028446
17665028583
17665028703
17665028707
17665028726
17665028749
17665028762
17665028947
17665029097
17665029182
17665029257
17665029405
17665029518
17665029689
17665029794
17665029815
17665029871
17665030344
17665030394
17665033540
17665033706
17665034460
17665034703
17665035409
17665039084
17665040139
17665040501
17665041259
17665041360
17665041462
17665041578
17665041875
17665041963
17665042120
17665042239
17665042308
17665042395
17665042498
17665042647
17665042673
17665042710
17665042784
17665042862
17665043134
17665043154
17665043229
17665043245
17665043597
17665043909
17665043941
17665044239
17665044573
17665044851
17665044946
17665044971
17665045119
17665045247
17665045334
17665045403
17665045610
17665045769
17665046032
17665046084
17665046309
17665046505
17665046517
17665046674
17665046958
17665047069
17665047245
17665047254
17665047261
17665047292
17665047401
17665047514
17665047647
17665047703
17665047760
17665047798
17665047969
17665047978
17665048183
17665048294
17665048304
17665048325
17665048348
17665048467
17665048478
17665049167
17665049351
17665049464
17665049516
17665049778
17665049836
17665049840
17665049895
17665057032
17665061845
17665070161
17665070281
17665070541
17665070881
17665070890
17665070892
17665071269
17665071279
17665071541
17665071623
17665071651
17665071679
17665071724
17665071924
17665072039
17665072041
17665072051
17665072349
17665072419
17665072450
17665072557
17665072606
17665072610
17665072746
17665072802
17665072856
17665072885
17665072923
17665072994
17665073098
17665073328
17665073494
17665073620
17665073742
17665073782
17665073942
17665073963
17665074049
17665074092
17665074164
17665074598
17665074790
17665074843
17665074858
17665075147
17665075379
17665075482
17665075530
17665075561
17665076063
17665076065
17665076124
17665076140
17665076302
17665076434
17665076523
17665076530
17665076744
17665076871
17665076882
17665077071
17665077073
17665077186
17665077283
17665077370
17665077395
17665077428
17665077493
17665077497
17665077686
17665077698
17665078428
17665079305
17665079359
17665079367
17665079644
17665079736
17665079935
17665090264
17665090517
17665090537
17665090650
17665090662
17665090703
17665090762
17665090810
17665091053
17665091375
17665091463
17665091512
17665091589
17665091669
17665091735
17665091765
17665091768
17665091780
17665091816
17665091861
17665092025
17665092086
17665092087
17665092205
17665092479
17665092496
17665092532
17665092953
17665093056
17665093084
17665093151
17665093268
17665093344
17665093358
17665093544
17665093637
17665093774
17665093796
17665093864
17665093974
17665093979
17665094192
17665094309
17665094329
17665094338
17665094347
17665094376
17665094608
17665094673
17665094757
17665094762
17665094794
17665094823
17665095068
17665095178
17665095331
17665095397
17665095404
17665095463
17665095496
17665096098
17665096329
17665096359
17665096393
17665096610
17665096797
17665096973
17665097040
17665097160
17665097387
17665097476
17665097503
17665097661
17665097686
17665097723
17665097921
17665097950
17665097983
17665098351
17665098463
17665098906
17665099078
17665099184
17665099210
17665099243
17665099326
17665099626
17665099744
17665099764
17665099824
17665106102
17665106235
17665108414
17665110113
17665110268
17665110321
17665110353
17665110841
17665111249
17665111269
17665111309
17665111394
17665111572
17665111630
17665111751
17665111880
17665112021
17665112046
17665112054
17665112198
17665112253
17665112294
17665112307
17665112318
17665112649
17665112843
17665112881
17665112972
17665113241
17665113627
17665113906
17665113981
17665114039
17665114325
17665114563
17665114579
17665114637
17665114759
17665114987
17665114996
17665115035
17665115073
17665115131
17665115374
17665115392
17665115467
17665115468
17665115581
17665115643
17665115738
17665115760
17665115790
17665115832
17665116239
17665116276
17665116316
17665116351
17665116415
17665116481
17665116949
17665117067
17665117202
17665117314
17665117384
17665117402
17665117497
17665117552
17665117735
17665118109
17665118202
17665118410
17665118539
17665118637
17665118663
17665118708
17665119056
17665119083
17665119418
17665119504
17665119525
17665119693
17665119695
17665119730
17665119764
17665119953
17665119956
17665119963
17665120334
17665120363
17665120542
17665120547
17665120675
17665120740
17665120844
17665120912
17665120947
17665121227
17665121295
17665121304
17665121385
17665121621
17665121681
17665121938
17665121987
17665122090
17665122245
17665122558
17665122592
17665122689
17665122742
17665122773
17665122868
17665122903
17665122967
17665123027
17665123164
17665123279
17665123428
17665123528
17665123576
17665123761
17665123768
17665123839
17665123862
17665123980
17665124014
17665124152
17665124343
17665124348
17665124571
17665124572
17665124669
17665124695
17665124889
17665124935
17665125112
17665125130
17665125327
17665125437
17665125636
17665125856
17665125962
17665125975
17665125992
17665126034
17665126175
17665126326
17665126453
17665126579
17665126691
17665126692
17665126881
17665127065
17665127083
17665127168
17665127254
17665127396
17665127469
17665127548
17665127682
17665127724
17665127798
17665127830
17665127831
17665127950
17665127974
17665128021
17665128072
17665128075
17665128167
17665128219
17665128432
17665128506
17665129261
17665129289
17665129319
17665129431
17665129476
17665129576
17665129587
17665129683
17665129878
17665129901
17665130961
17665136094
17665136478
17665140103
17665140125
17665140286
17665140556
17665140585
17665140774
17665140860
17665141137
17665141139
17665141154
17665141165
17665141219
17665141239
17665141857
17665142042
17665142082
17665142320
17665142723
17665142767
17665143093
17665143425
17665143510
17665143549
17665143740
17665143774
17665143843
17665143865
17665143884
17665143913
17665143961
17665143996
17665144015
17665144038
17665144043
17665144068
17665144090
17665144250
17665144298
17665144342
17665144349
17665144382
17665144486
17665145076
17665145121
17665145260
17665145317
17665145416
17665145546
17665145632
17665145882
17665146014
17665146058
17665146062
17665146071
17665146150
17665146178
17665146224
17665146378
17665146423
17665146474
17665146492
17665146593
17665146723
17665146748
17665146838
17665147089
17665147461
17665147497
17665147504
17665147545
17665147563
17665147571
17665147718
17665147802
17665147809
17665147817
17665147881
17665147912
17665148074
17665148136
17665148290
17665148334
17665148342
17665148419
17665148542
17665148623
17665148772
17665148924
17665148979
17665148980
17665148983
17665149242
17665149368
17665149705
17665149714
17665149817
17665149843
17665154730
17665157146
17665157844
17665158624
17665161425
17665167837
17665168154
17665170284
17665170352
17665170421
17665170536
17665170736
17665170782
17665170795
17665170812
17665170846
17665170853
17665171057
17665171060
17665171061
17665171089
17665171170
17665171726
17665171852
17665171906
17665171986
17665172038
17665172042
17665172061
17665172067
17665172143
17665172660
17665172909
17665172936
17665173374
17665173414
17665173514
17665173582
17665173596
17665173621
17665174124
17665174139
17665174168
17665174235
17665174351
17665174510
17665174595
17665174703
17665174724
17665174885
17665175202
17665175216
17665175352
17665175478
17665175760
17665175806
17665175879
17665176045
17665176309
17665176406
17665176549
17665176609
17665176812
17665176906
17665176916
17665176930
17665177049
17665177075
17665177329
17665177437
17665177552
17665177592
17665178121
17665178510
17665178559
17665178580
17665178590
17665178613
17665178845
17665179036
17665179118
17665179142
17665179246
17665179371
17665179373
17665179756
17665179812
17665180132
17665180185
17665180217
17665180230
17665180262
17665180442
17665180485
17665180682
17665180701
17665180757
17665180892
17665181049
17665181294
17665181302
17665181304
17665181334
17665181442
17665181559
17665182068
17665182172
17665182381
17665182471
17665182507
17665182582
17665182736
17665182804
17665183004
17665183050
17665183179
17665183284
17665183315
17665183439
17665183540
17665183628
17665183701
17665183935
17665183945
17665183946
17665183974
17665183978
17665184001
17665184031
17665184201
17665184203
17665184261
17665184416
17665184592
17665184643
17665184719
17665184727
17665184775
17665184804
17665184813
17665184881
17665185030
17665185068
17665185350
17665185412
17665185542
17665185607
17665185641
17665185763
17665185764
17665186065
17665186286
17665186291
17665186434
17665186467
17665186534
17665186734
17665186802
17665186809
17665187015
17665187057
17665187167
17665187240
17665187281
17665187303
17665187426
17665187442
17665187597
17665187723
17665187836
17665188017
17665188057
17665188147
17665188151
17665188274
17665188550
17665188735
17665188754
17665188829
17665189110
17665189210
17665189316
17665189468
17665189597
17665189676
17665189748
17665189854
17665189916
17665189932
17665402573
17665403661
17665407214
17665410113
17665410260
17665410374
17665410675
17665410981
17665411137
17665411407
17665411471
17665411650
17665411736
17665411745
17665412076
17665412115
17665412276
17665412510
17665412540
17665412681
17665412740
17665412796
17665413038
17665413306
17665413496
17665413554
17665413851
17665413873
17665414039
17665414206
17665414470
17665414573
17665414630
17665414695
17665414862
17665414889
17665414958
17665415249
17665415350
17665415365
17665415501
17665415527
17665415963
17665416008
17665416290
17665416393
17665416445
17665416587
17665416649
17665416871
17665416927
17665417306
17665417351
17665417487
17665417549
17665417715
17665417723
17665417881
17665417964
17665418024
17665418337
17665418589
17665418672
17665418864
17665418950
17665418964
17665419230
17665419301
17665419563
17665419826
17665419844
17665419846
17665419925
17665420984
17665430057
17665439046
17665439364
17665450582
17665450938
17665450971
17665452783
17666034784
17666050153
17666050294
17666050484
17666050597
17666050780
17666051060
17666051267
17666051342
17666051372
17666051395
17666051857
17666051908
17666052054
17666052305
17666052609
17666053051
17666053137
17666053217
17666053550
17666053629
17666053681
17666053708
17666054029
17666054213
17666054260
17666054273
17666054438
17666054756
17666054867
17666055185
17666055278
17666055639
17666055671
17666055747
17666055830
17666056027
17666056281
17666056351
17666056554
17666056758
17666056851
17666056916
17666057463
17666058094
17666058135
17666058218
17666058238
17666058264
17666058367
17666058634
17666058638
17666058904
17666059323
17666059341
17666059765
17666059854
17666059951
17666500084
17666500135
17666500358
17666500373
17666500630
17666500947
17666501089
17666501259
17666501931
17666502028
17666502049
17666502473
17666502592
17666503167
17666503264
17666503497
17666503839
17666504192
17666504201
17666504327
17666504358
17666504439
17666504603
17666504609
17666504648
17666504715
17666504812
17666505263
17666505403
17666505784
17666505817
17666505871
17666505886
17666506162
17666506263
17666506393
17666506580
17666506741
17666507142
17666507195
17666507298
17666507558
17666507621
17666507896
17666507986
17666508054
17666508376
17666508414
17666508653
17666508709
17666509095
17666509478
17666509757
17666509807
17666540657
17666540760
17666541635
17666542073
17666542293
17666542353
17666542760
17666542804
17666542857
17666542864
17666543195
17666544208
17666544925
17666545136
17666545307
17666545385
17666545476
17666545531
17666546153
17666546958
17666546982
17666547086
17666547145
17666547259
17666547623
17666548407
17666548441
17666548471
17666549025
17666549217
17666549610
17666549734
17666549804
17666549851
17666560043
17666560073
17666560169
17666560261
17666560335
17666560501
17666560569
17666560767
17666560939
17666560949
17666561096
17666561162
17666561201
17666561342
17666561458
17666561503
17666561526
17666561539
17666561548
17666561638
17666561662
17666561740
17666561802
17666561819
17666561869
17666561878
17666561891
17666562358
17666562374
17666562401
17666562412
17666562685
17666562819
17666563072
17666563174
17666563228
17666563259
17666563420
17666563426
17666563541
17666563802
17666563840
17666563895
17666563968
17666564008
17666564094
17666564171
17666564276
17666564697
17666564718
17666564787
17666564931
17666564948
17666564962
17666565418
17666565471
17666565574
17666565642
17666565874
17666566318
17666566741
17666566751
17666567146
17666567181
17666567193
17666567297
17666567342
17666567359
17666567385
17666567441
17666567518
17666567593
17666567701
17666567724
17666567752
17666568246
17666568286
17666568335
17666568447
17666568482
17666568702
17666568751
17666568774
17666568790
17666568893
17666568908
17666568919
17666569113
17666569252
17666569412
17666569484
17666569561
17666569607
17666569659
17666569770
17666569804
17666569837
17666569923
17666570138
17666570169
17666570292
17666570376
17666570392
17666570585
17666570641
17666570885
17666570967
17666570968
17666571215
17666571254
17666571319
17666571354
17666571492
17666571601
17666571638
17666571667
17666571674
17666571703
17666571743
17666571884
17666571894
17666571938
17666571971
17666572091
17666572241
17666572456
17666572489
17666572680
17666572776
17666572797
17666572837
17666572993
17666573052
17666573263
17666573283
17666573307
17666573472
17666573506
17666573644
17666573647
17666573704
17666573752
17666573785
17666573808
17666573930
17666574010
17666574074
17666574268
17666574269
17666574276
17666574356
17666574540
17666574550
17666574613
17666574629
17666574643
17666574762
17666574810
17666574845
17666574860
17666574971
17666574996
17666575032
17666575072
17666575181
17666575246
17666575265
17666575356
17666575395
17666575483
17666575504
17666575763
17666575961
17666576049
17666576078
17666576114
17666576229
17666576310
17666576331
17666576390
17666576547
17666576570
17666576637
17666576810
17666576841
17666576944
17666576997
17666577051
17666577092
17666577217
17666577242
17666577244
17666577292
17666577342
17666577463
17666577481
17666577519
17666577570
17666577620
17666577810
17666577860
17666577915
17666578197
17666578244
17666578273
17666578348
17666578554
17666578557
17666578573
17666578646
17666578771
17666578785
17666578846
17666578864
17666578934
17666579206
17666579323
17666579387
17666579423
17666579479
17666579504
17666579619
17666579628
17666579690
17666579827
17666579916
17666579983
17666580175
17666580323
17666580385
17666580436
17666580673
17666580727
17666580785
17666580791
17666580943
17666580946
17666581280
17666581824
17666582135
17666582174
17666582192
17666582431
17666582475
17666582487
17666582690
17666582713
17666582763
17666582805
17666582937
17666583026
17666583498
17666583604
17666583621
17666583643
17666583783
17666584031
17666584070
17666584148
17666584251
17666584256
17666584439
17666584718
17666584746
17666584752
17666584993
17666585044
17666585241
17666585423
17666585465
17666585772
17666586187
17666586271
17666586340
17666586358
17666586579
17666586736
17666586747
17666586802
17666586803
17666586874
17666587074
17666587145
17666587180
17666587259
17666587527
17666587530
17666587535
17666587554
17666587585
17666587649
17666587704
17666587731
17666587807
17666587862
17666587948
17666588504
17666588569
17666588602
17666588749
17666588950
17666589171
17666589197
17666589224
17666589295
17666589347
17666589408
17666589460
17666589531
17666589552
17666589644
17666589785
17666589832
17666589854
17666589983
17666590109
17666590221
17666590226
17666590278
17666590538
17666590793
17666590864
17666591054
17666591378
17666591519
17666591557
17666591628
17666591750
17666591809
17666591931
17666592153
17666592324
17666592462
17666592765
17666592931
17666593028
17666593108
17666593168
17666593221
17666593494
17666593568
17666593575
17666593697
17666593832
17666594070
17666594221
17666594340
17666594469
17666594493
17666594537
17666594561
17666594737
17666594827
17666594972
17666595148
17666595157
17666595187
17666595260
17666595531
17666595584
17666595604
17666595650
17666596048
17666596094
17666596142
17666596183
17666596241
17666596373
17666596458
17666596530
17666596673
17666596701
17666596758
17666596805
17666597095
17666597235
17666597247
17666597271
17666597359
17666597562
17666597614
17666597640
17666597648
17666597957
17666597962
17666598041
17666598142
17666598147
17666598154
17666598206
17666598310
17666598539
17666598573
17666598603
17666598661
17666598871
17666598912
17666599208
17666599310
17666599329
17666599373
17666599445
17666599548
17666599574
17666599606
17666599692
17666599748
17666599890
17688374157
17688374470
17688384637
17688402087
17688402975
17688404329
17688404701
17688405173
17688405462
17688405491
17688405592
17688406146
17688407504
17688409410
17688410732
17688411501
17688411644
17688412042
17688412864
17688413374
17688415740
17688416463
17688416993
17688417054
17688424964
17688462231
17688466506
17688467905
17688470063
17688475604
17688482503
17688484136
17688485783
17688485930
17688491494
18502014086
18502016117
18502047363
18502047409
18502054324
18502057146
18502065173
18502070162
18502073419
18502074794
18502078314
18502079431
18502083642
18502084372
18502085134
18502085874
18502089624
18502099781
18520103043
18520103916
18520112792
18520120387
18520129367
18520131780
18520135935
18520143790
18520146647
18520152191
18520154472
18520157356
18520162953
18520164368
18520164375
18520166471
18520168437
18520171054
18520174482
18520174739
18520174852
18520176312
18520177524
18520181901
18520183427
18520183744
18520185392
18520185641
18520210341
18520213289
18520218544
18520226283
18520229037
18520229732
18520234054
18520237814
18520240351
18520241894
18520242640
18520244065
18520245310
18520245329
18520248042
18520249714
18520253747
18520255867
18520258475
18520263404
18520264035
18520264497
18520269760
18520278904
18520290981
18520294317
18520297284
18520323876
18520332406
18520334591
18520336294
18520339317
18520343260
18520346760
18520346803
18520347093
18520349075
18520353249
18520356217
18520358261
18520364272
18520364392
18520364879
18520365113
18520367334
18520367864
18520370256
18520370344
18520370463
18520370471
18520370847
18520372076
18520372318
18520372844
18520375110
18520389081
18520389259
18520393165
18520393437
18520394507
18520394535
18520394767
18520394784
18520395475
18520397839
18520398715
18520401493
18520403697
18520405862
18520408635
18520410175
18520410895
18520411503
18520414925
18520415176
18520416142
18520417615
18520427051
18520428713
18520428915
18520429484
18520430965
18520431275
18520436251
18520437103
18520437324
18520437391
18520437954
18520438252
18520441726
18520443039
18520443176
18520445763
18520447451
18520447517
18520447942
18520450427
18520451372
18520452703
18520454739
18520456251
18520457503
18520459752
18520461374
18520462834
18520463037
18520463785
18520465172
18520465271
18520465649
18520467432
18520470651
18520471457
18520472490
18520472819
18520472871
18520474674
18520475330
18520475384
18520475426
18520476437
18520478903
18520479484
18520484253
18520487810
18520490582
18520490643
18520490745
18520492796
18520493324
18520493432
18520493924
18520494281
18520494783
18520497542
18520497610
18520498113
18520502639
18520503156
18520507438
18520509465
18520513173
18520514729
18520516745
18520517894
18520518062
18520525539
18520528135
18520531842
18520538314
18520539104
18520539771
18520540644
18520542650
18520545149
18520545649
18520545952
18520545976
18520547621
18520548347
18520548453
18520549437
18520554715
18520563507
18520572490
18520572914
18520575694
18520576354
18520578146
18520579542
18520581460
18520583741
18520584195
18520584257
18520584827
18520586453
18520587425
18520591451
18520597148
18520598145
18520617551
18520618213
18520620713
18520624105
18520625364
18520630144
18520630454
18520630790
18520634661
18520635173
18520637867
18520640361
18520640954
18520641570
18520645453
18520646293
18520646374
18520647034
18520647513
18520647649
18520647863
18520648507
18520648631
18520648701
18520649351
18520649463
18520652554
18520653370
18520653870
18520654946
18520656027
18520656114
18520656478
18520657344
18520657867
18520659043
18520662890
18520669745
18520670791
18520673041
18520674852
18520675081
18520675573
18520679053
18520682297
18520683191
18520683943
18520691637
18520693865
18520694815
18520697657
18520701306
18520707189
18520709364
18520709453
18520712908
18520714380
18520718085
18520719583
18520720334
18520721435
18520721947
18520723320
18520723496
18520724246
18520728457
18520729604
18520730642
18520731392
18520735712
18520736401
18520737427
18520739282
18520739480
18520740657
18520744019
18520744864
18520744874
18520746071
18520746954
18520748413
18520748935
18520749044
18520749287
18520749745
18520751417
18520752649
18520752692
18520756034
18520756732
18520757045
18520762134
18520763491
18520764535
18520765672
18520773631
18520776740
18520780149
18520780551
18520780643
18520781079
18520784097
18520785714
18520790164
18520792243
18520796406
18520799265
18529101743
18529102524
18529103017
18529103424
18529103652
18529104857
18529104879
18529104943
18529105065
18529105814
18529106249
18529106813
18529106842
18529108450
18529110374
18529114257
18529122149
18529122154
18529124273
18529124475
18529124817
18529125741
18529125864
18529126485
18529127461
18529127542
18529127643
18529128473
18529131712
18529132151
18529132154
18529133953
18529134379
18529134701
18529134794
18529135793
18529136591
18529140481
18529140571
18529141174
18529142406
18529142675
18529142944
18529142994
18529143404
18529143620
18529144091
18529144184
18529145645
18529146504
18529146792
18529146940
18529147548
18529147714
18529147854
18529147980
18529148074
18529148394
18529148564
18529149403
18529153805
18529154406
18529155874
18529157764
18529162509
18529163425
18529163744
18529164690
18529165104
18529165182
18529165244
18529165841
18529166074
18529175020
18529175404
18529176837
18529177462
18529179073
18529182821
18529184574
18529184603
18529184824
18529188746
18529193275
18529193517
18529193582
18529197324
18529197534
18529204352
18529205927
18529209354
18529213584
18529217241
18529217340
18529226584
18529228907
18529234039
18529234063
18529238746
18529239823
18529240671
18529240673
18529241813
18529242038
18529242781
18529243951
18529244572
18529245843
18529245957
18529246897
18529247583
18529247984
18529248027
18529248253
18529248337
18529248537
18529248651
18529248917
18529251649
18529254201
18529267125
18529276736
18529301594
18529302742
18529304109
18529305451
18529307135
18529307495
18529308269
18529316356
18529317301
18529351730
18529354184
18529354604
18529356847
18529360847
18529365124
18529368241
18529369743
18529400241
18529400471
18529401382
18529401450
18529401485
18529402702
18529403156
18529403267
18529403461
18529403624
18529403659
18529403964
18529404125
18529404193
18529404195
18529404685
18529404750
18529404919
18529405234
18529405362
18529405614
18529405741
18529405774
18529405812
18529406084
18529406152
18529406439
18529406512
18529408021
18529408190
18529408904
18529408945
18529409231
18529409917
18529409975
18529410164
18529410382
18529410462
18529410467
18529410774
18529411839
18529411842
18529412379
18529412451
18529412459
18529412461
18529412476
18529412701
18529413256
18529413894
18529414251
18529414460
18529414632
18529414652
18529414701
18529415176
18529415547
18529415661
18529416137
18529416204
18529416407
18529416874
18529416924
18529416943
18529417644
18529417714
18529418074
18529418271
18529418304
18529418442
18529418579
18529418670
18529418743
18529419253
18529419451
18529419457
18529419562
18529420941
18529421143
18529421173
18529421342
18529421464
18529421734
18529422574
18529423152
18529423404
18529423542
18529424102
18529424489
18529425135
18529425182
18529425351
18529425397
18529425845
18529425948
18529426920
18529427404
18529427435
18529427524
18529428067
18529428326
18529429361
18529429504
18529430154
18529430254
18529431532
18529431604
18529432109
18529432548
18529432664
18529432984
18529433503
18529433652
18529433751
18529433795
18529434396
18529434985
18529435124
18529435264
18529435417
18529435604
18529435847
18529436547
18529436946
18529437019
18529437262
18529437324
18529437365
18529437610
18529437809
18529438032
18529438214
18529438404
18529438443
18529438516
18529438657
18529439307
18529439702
18529439812
18529440667
18529440976
18529441407
18529441635
18529441703
18529442135
18529442794
18529443025
18529443893
18529444093
18529444792
18529445664
18529445843
18529445849
18529445941
18529446304
18529446845
18529447041
18529447062
18529447205
18529447807
18529448053
18529448475
18529448573
18529448954
18529449381
18529449584
18529449784
18529451146
18529451465
18529451549
18529451924
18529452075
18529452141
18529452574
18529453051
18529453523
18529454107
18529455024
18529455042
18529457462
18529457464
18529457940
18529459175
18529459285
18529459542
18529459552
18529461709
18529462172
18529462967
18529463031
18529463076
18529463235
18529463451
18529463849
18529464171
18529464467
18529465262
18529465421
18529465637
18529465646
18529467125
18529467315
18529467641
18529468172
18529468964
18529469674
18529472895
18529473460
18529473626
18529474603
18529475164
18529475182
18529475244
18529475393
18529476292
18529477402
18529478224
18529479354
18529479627
18529479891
18529481054
18529481135
18529482254
18529483395
18529483950
18529485635
18529486835
18529488947
18529489054
18529489544
18529490139
18529491047
18529491054
18529491649
18529491746
18529492487
18529493619
18529494471
18529495441
18529495704
18529496341
18529496447
18529496704
18529496732
18529497134
18529499107
18529499804
18565001387
18565002584
18565006224
18565009694
18565010837
18565011642
18565012041
18565012267
18565012327
18565012514
18565012804
18565013250
18565013354
18565013587
18565013823
18565014272
18565014339
18565014358
18565014697
18565015038
18565015124
18565015164
18565015780
18565015864
18565016418
18565017494
18565018419
18565019314
18565019736
18565021434
18565023874
18565024327
18565024475
18565024552
18565025934
18565027491
18565028924
18565028951
18565028953
18565029248
18565029804
18565030294
18565032509
18565032910
18565034970
18565035148
18565035541
18565040557
18565041371
18565043870
18565044062
18565044609
18565045792
18565046320
18565046761
18565046905
18565047416
18565047601
18565047762
18565047964
18565048167
18565048265
18565048347
18565049446
18565051970
18565052064
18565054280
18565054415
18565054706
18565058742
18565059170
18565059531
18565061571
18565063492
18565064827
18565064975
18565067853
18565069142
18565069306
18565069732
18565071476
18565072154
18565072394
18565072441
18565073348
18565074544
18565076745
18565076851
18565077261
18565077314
18565078217
18565078249
18565078541
18565078967
18565079384
18565080161
18565080387
18565082190
18565082452
18565082613
18565082774
18565083084
18565083245
18565084396
18565084478
18565084597
18565084797
18565086431
18565088425
18565090385
18565090434
18565091367
18565091741
18565092394
18565092704
18565092841
18565093384
18565094073
18565094240
18565094329
18565094571
18565094672
18565094709
18565095764
18565096289
18565099154
18565099342
18565102445
18565102673
18565102740
18565103445
18565103490
18565103970
18565104075
18565104273
18565104975
18565108340
18565108734
18565110469
18565112945
18565114135
18565114834
18565116172
18565119340
18565121638
18565122615
18565122768
18565122940
18565124874
18565125004
18565127445
18565127954
18565129830
18565134241
18565135791
18565137101
18565139671
18565140782
18565141243
18565141257
18565141462
18565141642
18565141972
18565142554
18565142642
18565142940
18565144956
18565144972
18565145534
18565147404
18565147695
18565148164
18565153705
18565154510
18565154797
18565155289
18565157430
18565157483
18565157510
18565158220
18565158467
18565159174
18565159471
18565160481
18565160874
18565163461
18565163624
18565164407
18565166415
18565166440
18565168534
18565168574
18565169074
18565169434
18565171044
18565171493
18565171504
18565171791
18565172574
18565172944
18565173515
18565174245
18565174340
18565174479
18565174614
18565174736
18565174963
18565175744
18565176194
18565176364
18565176443
18565176476
18565178041
18565178434
18565178435
18565178626
18565179073
18565182594
18565182603
18565183354
18565184575
18565186371
18565188750
18565189774
18565191532
18565191670
18565193446
18565194136
18565194792
18565196803
18565197239
18565197525
18565197732
18565198741
18565201056
18565202615
18565204919
18565209154
18565209542
18565210680
18565211724
18565212867
18565213084
18565214161
18565214163
18565214309
18565214392
18565214524
18565214562
18565214574
18565215357
18565215464
18565215740
18565216204
18565217047
18565217249
18565217407
18565217435
18565217493
18565218424
18565219434
18565219453
18565230243
18565232054
18565232532
18565232754
18565233472
18565234127
18565234175
18565234387
18565234397
18565234501
18565234981
18565235624
18565235732
18565237354
18565237492
18565238427
18565238634
18565240343
18565241647
18565242562
18565243042
18565243271
18565243604
18565243674
18565244267
18565244276
18565244832
18565245074
18565245109
18565245272
18565245304
18565245737
18565246140
18565246146
18565247157
18565247524
18565247945
18565249372
18565249540
18565249543
18565254103
18565254193
18565254716
18565254856
18565257968
18565260761
18565261323
18565264076
18565264091
18565264943
18565266378
18565267045
18565267248
18565267314
18565267944
18565267954
18565268465
18565269904
18565274028
18565275940
18565277489
18565278243
18565279071
18565279084
18565281974
18565282015
18565282794
18565284542
18565284609
18565284676
18565284708
18565285302
18565285346
18565286754
18565287235
18565287684
18565287736
18565287790
18565290308
18565291325
18565291463
18565292764
18565293445
18565294472
18565294543
18565295467
18565296847
18565297493
18565298064
18565299561
18565300972
18565301401
18565301683
18565301947
18565302445
18565304143
18565304241
18565304687
18565304693
18565305470
18565305597
18565306059
18565307084
18565307135
18565307649
18565307842
18565308044
18565308694
18565309267
18565309624
18565309901
18565310582
18565311483
18565313407
18565313754
18565313894
18565314502
18565314703
18565315570
18565316076
18565317312
18565317658
18565317924
18565318224
18565318974
18565319027
18565320781
18565320846
18565323864
18565323905
18565323906
18565324070
18565324390
18565324632
18565324715
18565324732
18565325040
18565325154
18565325237
18565326734
18565326834
18565327625
18565328654
18565329501
18565330491
18565331064
18565332374
18565335140
18565335216
18565335349
18565336582
18565337206
18565338409
18565338914
18565339561
18565339574
18565340435
18565340691
18565340761
18565341701
18565341724
18565341934
18565342143
18565342314
18565342445
18565342694
18565342963
18565343037
18565343310
18565343352
18565343749
18565344173
18565345547
18565345764
18565347223
18565347390
18565347514
18565347543
18565347769
18565347819
18565348470
18565349167
18565349207
18565349463
18565349727
18565349764
18565349914
18565352571
18565357843
18565358747
18565360740
18565360857
18565360984
18565361423
18565361449
18565361791
18565362181
18565362684
18565365347
18565365643
18565367440
18565368414
18565369024
18565369140
18565371575
18565372392
18565372510
18565373664
18565374742
18565374840
18565375120
18565375310
18565376234
18565376389
18565378260
18565378309
18565379084
18565382149
18565382235
18565384147
18565384570
18565386740
18565387046
18565387482
18565388435
18565389203
18565389653
18565390457
18565390847
18565391747
18565392427
18565393096
18565393407
18565393426
18565394057
18565394701
18565395076
18565395494
18565396424
18565396471
18565397015
18565397184
18565397247
18565398024
18565398354
18565399584
18565399843
18565400844
18565401647
18565402974
18565403092
18565403273
18565403857
18565404617
18565404709
18565406034
18565406254
18565406397
18565406814
18565406821
18565407283
18565407384
18565407534
18565408405
18565408415
18565409143
18565409474
18565410116
18565410174
18565413849
18565414083
18565414394
18565414573
18565415137
18565415706
18565415834
18565416372
18565416374
18565416774
18565416845
18565416905
18565417019
18565417490
18565417501
18565417503
18565418352
18565418403
18565418437
18565418447
18565420392
18565420473
18565421261
18565422984
18565423462
18565423913
18565426503
18565427036
18565427096
18565427138
18565427204
18565427219
18565427354
18565427440
18565429647
18565430174
18565434293
18565437094
18565439147
18565439271
18565440747
18565440794
18565445695
18565448469
18565448594
18565449685
18565452141
18565452690
18565453197
18565454251
18565455831
18565458469
18565459641
18565460194
18565460247
18565461547
18565462449
18565463310
18565464265
18565467342
18565467814
18565468173
18565468176
18565469274
18565469774
18565471791
18565472610
18565473544
18565473917
18565474301
18565474397
18565474609
18565474673
18565475305
18565475429
18565475764
18565476192
18565476746
18565477954
18565478241
18565478347
18565478412
18565478573
18565481095
18565482671
18565483173
18565484692
18565485392
18565486284
18565486295
18565486382
18565489747
18565491437
18565492124
18565492393
18565492403
18565493137
18565494124
18565494139
18565494160
18565494392
18565494451
18565494465
18565494542
18565496343
18565496741
18565498532
18565498593
18565499374
18565504627
18565505483
18565506102
18565507043
18565507435
18565507632
18565510694
18565511985
18565512437
18565513857
18565514284
18565517407
18565519544
18565520397
18565521474
18565524273
18565526124
18565526421
18565528924
18565529343
18565534304
18565536424
18565536497
18565536943
18565538592
18565540482
18565542079
18565542371
18565542404
18565542971
18565543651
18565544831
18565547420
18565547810
18565547851
18565548506
18565549578
18565549924
18565567349
18565571741
18565571862
18565574034
18565574243
18565574319
18565578471
18565579048
18565579843
18565581739
18565582347
18565585942
18565587842
18565592248
18565592498
18565593174
18565593281
18565595758
18565595921
18565596498
18578603452
18578604109
18578604296
18578604354
18578608343
18578609326
18578613530
18578614024
18578614051
18578614604
18578614894
18578616143
18578617165
18578617383
18578620494
18578620940
18578622491
18578623074
18578625081
18578635023
18578635340
18578639147
18578640259
18578640531
18578640754
18578641157
18578642391
18578642754
18578642937
18578643813
18578644784
18578647084
18578647748
18578647754
18578648657
18578649084
18578649183
18578650849
18578651404
18578651710
18578652594
18578654319
18578656342
18578660571
18578665407
18578668075
18578670165
18578672052
18578674104
18578730332
18578731047
18578733410
18578733429
18578734124
18578734750
18578739141
18578740832
18578742254
18578742975
18578747083
18578748104
18578748163
18578749265
18578753284
18578762649
18578762746
18578763565
18578765067
18578766274
18578767346
18578769720
18578773170
18578773812
18578785712
18578791240
18578791374
18578792764
18578792967
18578793416
18578794724
18578794905
18578797596
18578799023
18588513509
18588514078
18588526708
18588544372
18588579715
18588676412
18588703893
18588717934
18588725236
18588730685
18588732054
18588740195
18588747513
18588748753
18588754219
18588756217
18588930547
18588934530
18588936014
18588941957
18589201574
18589204091
18589205469
18589206104
18589206423
18589207094
18589207154
18589215024
18589217184
18589221247
18589240471
18589241780
18589242631
18589243290
18589244615
18589246163
18589246974
18589247037
18589247543
18589247732
18589248142
18589248261
18589250146
18589253743
18589254605
18589255594
18589256864
18589257303
18589261746
18589262473
18589266034
18589271343
18589272240
18589280897
18589283574
18589284675
18589285498
18589287731
18589296441
18589297046
18594002129
18594009213
18594011725
18594012196
18594012715
18594014371
18594014532
18594016308
18594018451
18594018596
18594018759
18594019253
18594020142
18594025547
18594029324
18594032514
18594032544
18594034356
18594038776
18594041295
18594042153
18594043895
18594045244
18594045605
18594045821
18594045829
18594047508
18594053572
18594054797
18594054957
18594057437
18594060169
18594067462
18594070349
18594071048
18594071510
18594072039
18594072087
18594072754
18594072948
18594073540
18594074061
18594074291
18594074846
18594075743
18594076326
18594080465
18594084101
18594084365
18594084801
18594085070
18594085664
18594085701
18594088907
18594901084
18594901742
18594902742
18594904137
18594904744
18594905284
18594905302
18594907814
18594908647
18594910684
18594912495
18594914064
18594914452
18594916043
18594916474
18594925091
18594925724
18594928417
18598110574
18617320452
18617332423
18617374194
18620420374
18620945742
18664509831
18664517384
18664517454
18664750864
18664768524
18665054851
18680277204
79801030429
