13058469059
13058475259
13076430141
13076430154
13076430257
13076430274
13076430357
13076430415
13076430467
13076430547
13076430582
13076430745
13076430791
13076430854
13076430879
13076430941
13076430965
13076431081
13076431173
13076431253
13076431257
13076431274
13076431276
13076431291
13076431329
13076431346
13076431493
13076431579
13076431643
13076431767
13076431774
13076432137
13112500492
13112500571
13112501281
13112501361
13112501694
13112501714
13112502343
13112502451
13112502469
13112502594
13112502673
13112502814
13112503634
13112503644
13112503681
13112503702
13112503708
13112503714
13112503744
13112503753
13112503814
13112503973
13112504013
13112504071
13112504137
13112504143
13112504223
13112504286
13112504393
13112504492
13112504504
13112504516
13112504617
13112504632
13112504719
13112504730
13112504744
13112504785
13112504801
13112504917
13112505219
13112505347
13112505921
13112505974
13112506294
13112506315
13112506387
13112506713
13112506854
13112506930
13112507237
13112507362
13112507374
13112507402
13112507404
13112507504
13112507764
13112507924
13112508314
13112508375
13112508414
13112508417
13112508436
13112508437
13112508457
13112508475
13112508504
13112508514
13112508634
13112508721
13112508734
13112508743
13112508746
13112508973
13112509061
13112509216
13112509264
13112509401
13112509448
13112509464
13112509471
13112509483
13112509514
13112509537
13112509594
13112509643
13112509654
13112509705
13112509741
13112509744
13112509784
13112509814
13112510281
13112510584
13112510742
13112510814
13112510982
13112510994
13112511465
13112511563
13112511649
13112511750
13112512290
13112512485
13112512563
13112512614
13112512715
13112512774
13112512914
13112512976
13112513244
13112513401
13112513486
13112513544
13112513624
13112513641
13112513810
13112513834
13112513864
13112513974
13112514032
13112514230
13112514372
13112514374
13112514398
13112514427
13112514781
13112514786
13112514792
13112514831
13112515204
13112515346
13112515381
13112515491
13112515744
13112515754
13112515844
13112515862
13112515940
13112516054
13112516273
13112516281
13112516290
13112516359
13112516534
13112516731
13112516824
13112516827
13112516834
13112516872
13112516874
13112516914
13112516981
13112517045
13112517097
13112517154
13112517354
13112517441
13112517454
13112517597
13112517644
13112517984
13112518073
13112518134
13112518152
13112518237
13112518703
13112518714
13112518724
13112518774
13112518914
13112518927
13112518940
13112519094
13112519104
13112519134
13112519230
13112519244
13112519304
13112519325
13112519354
13112519361
13112519384
13112519725
13112519764
13112519837
13112519945
13112520354
13112520449
13112520732
13112520744
13112520774
13112521396
13112521452
13112521463
13112521494
13112521529
13112521614
13112521649
13112521670
13112521742
13112521948
13112522047
13112522136
13112522457
13112522492
13112522592
13112522804
13112522953
13112522954
13112522967
13112522970
13112523047
13112523194
13112523304
13112523467
13112523548
13112523684
13112523744
13112523945
13112524071
13112524074
13112524127
13112524147
13112524274
13112524314
13112524381
13112524394
13112524420
13112524514
13112524574
13112524584
13112524634
13112524721
13112524976
13112525264
13112525406
13112525574
13112526041
13112526073
13112526410
13112526843
13112527104
13112527287
13112527649
13112527993
13112528031
13112528127
13112528342
13112528410
13112530437
13112530474
13112530487
13112531473
13112531509
13112531549
13112531584
13112531632
13112531682
13112531791
13112532294
13112532297
13112532341
13112532584
13112532631
13112532637
13112533194
13112533264
13112533524
13112533861
13112534071
13112534130
13112534178
13112534275
13112534341
13112534592
13112534874
13112534964
13112534967
13112535017
13112535190
13112535731
13112535738
13112535867
13112535873
13112535967
13112535972
13112536044
13112536097
13112536175
13112536279
13112536317
13112536392
13112536469
13112536479
13112536569
13112536814
13112536844
13112536852
13112536914
13112536921
13112537183
13112537192
13112537213
13112537316
13112537415
13112537423
13112537424
13112537593
13112537601
13112537806
13112537947
13112538047
13112538191
13112538452
13112538469
13112538594
13112539046
13112539151
13112539217
13112539241
13112539284
13112539653
13112539674
13112539735
13112539774
13118600141
13118600736
13118601064
13118601264
13118601284
13118601307
13118601354
13118601373
13118601434
13118601454
13118601554
13118601784
13118601836
13118601844
13118602197
13118602504
13118602547
13118602624
13118602647
13118602674
13118602746
13118602953
13118603124
13118603141
13118603184
13118603347
13118603397
13118603473
13118603482
13118603487
13118603617
13118603761
13118603852
13118603943
13118603984
13118604034
13118604064
13118604175
13118604193
13118604240
13118604301
13118604357
13118604371
13118604417
13118604489
13118604571
13118604601
13118604674
13118604693
13118604732
13118604751
13118604769
13118604843
13118604924
13118604931
13118604934
13118604940
13118604943
13118605034
13118605037
13118605187
13118605294
13118605441
13118605674
13118605697
13118605724
13118605964
13118606184
13118606447
13118606453
13118606464
13118606947
13118607281
13118607291
13118607440
13118607793
13118607944
13118608049
13118608317
13118608445
13118608447
13118608453
13118608497
13118608702
13118608759
13118608946
13118609034
13118609402
13118609425
13118609430
13118609447
13118609462
13118609514
13118609542
13118609644
13118609745
13118609747
13118609750
13118609804
13118610387
13118610774
13118611853
13118612064
13118612076
13118612604
13118612975
13118613142
13118613167
13118613484
13118613917
13118614670
13118614734
13118614834
13118615713
13118616034
13118616254
13118616984
13118617036
13118617184
13118617214
13118617832
13118617967
13118618344
13118618784
13118619270
13118619524
13118619847
13118620124
13118620421
13118620484
13118620943
13118620974
13118621040
13118621059
13118621640
13118621709
13118621934
13118622573
13118622584
13118622984
13118623081
13118623387
13118623425
13118623840
13118623844
13118623935
13118623974
13118624146
13118624284
13118624309
13118624340
13118624501
13118624521
13118624724
13118624744
13118624764
13118624839
13118625031
13118625054
13118625124
13118625514
13118625646
13118625687
13118625761
13118626071
13118626144
13118626284
13118626384
13118626591
13118626834
13118626844
13118626961
13118626985
13118627084
13118627142
13118627184
13118627259
13118627301
13118627497
13118627714
13118627872
13118627970
13118628037
13118628045
13118628174
13118628461
13118628491
13118628644
13118628654
13118629034
13118629072
13118629794
13118629841
13118630209
13118630463
13118630751
13118630814
13118630942
13118630944
13118630971
13118631081
13118631403
13118631446
13118631492
13118631504
13118631574
13118631712
13118631729
13118632447
13118632484
13118632694
13118632791
13118633152
13118633584
13118634214
13118634241
13118634247
13118634344
13118634372
13118634392
13118634409
13118634437
13118634491
13118634493
13118634507
13118634524
13118634604
13118634694
13118634742
13118634753
13118634792
13118634794
13118634825
13118634835
13118634837
13118634871
13118634894
13118634915
13118634932
13118634964
13118635034
13118635124
13118635271
13118635340
13118635371
13118635484
13118635541
13118635549
13118635574
13118635607
13118635643
13118635784
13118635792
13118635905
13118635917
13118635942
13118636024
13118636054
13118636107
13118636149
13118636157
13118636207
13118636217
13118636245
13118636434
13118636441
13118636474
13118636491
13118636564
13118636571
13118636740
13118636840
13118636843
13118636846
13118636914
13118636927
13118636934
13118637014
13118637049
13118637104
13118637176
13118637252
13118637344
13118637394
13118637405
13118637414
13118637431
13118637449
13118637454
13118637469
13118637495
13118637592
13118637602
13118637627
13118637641
13118637642
13118637649
13118637697
13118637749
13118637793
13118637814
13118637843
13118637851
13118637874
13118637894
13118637954
13118637962
13118637964
13118637970
13118637974
13118637975
13118637984
13118638037
13118638064
13118638094
13118638104
13118638145
13118638194
13118638241
13118638327
13118638434
13118638465
13118638547
13118638744
13118639044
13118639045
13118639046
13118639154
13118639164
13118639242
13118639347
13118639374
13118639404
13118639412
13118639425
13118639436
13118639437
13118639469
13118639478
13118639546
13118639617
13118639634
13118639643
13118639647
13118639648
13118639657
13118639703
13118639734
13118639736
13118639743
13118639747
13118639748
13118639752
13118639837
13118639841
13118639844
13118639974
13128404371
13128410256
13128410273
13128410274
13128410280
13128410286
13128410290
13128410304
13128410326
13128410327
13128410334
13128410342
13128410346
13128410348
13128410361
13128410375
13128410380
13128410384
13128410389
13128410408
13128410413
13128410418
13128410421
13128410426
13128410436
13128410437
13128410439
13128410443
13128410446
13128410447
13128410458
13128410467
13128410475
13128410476
13128410484
13128410485
13128410492
13128410495
13128410497
13128410521
13128410536
13128410554
13128410564
13128410570
13128410572
13128410574
13128410596
13128410604
13128410608
13128410609
13128410621
13128410639
13128410658
13128410659
13128410687
13128410690
13128410701
13128410715
13128410717
13128410734
13128410742
13128410752
13128410759
13128410760
13128410775
13128410781
13128410782
13128410785
13128410790
13128410795
13128410823
13128410831
13128410834
13128410835
13128410841
13128410847
13128410853
13128410867
13128410869
13128410879
13128410890
13128410894
13128410907
13128410935
13128410937
13128410938
13128410947
13128410961
13128410962
13128410964
13128410975
13128410981
13128410992
13128411021
13128411036
13128411040
13128411043
13128411047
13128411056
13128411063
13128411078
13128411083
13128411091
13128411096
13128411142
13128411176
13128411194
13128411213
13128411214
13128411219
13128411231
13128411249
13128411257
13128411263
13128411276
13128411281
13128411289
13128411295
13128411305
13128411315
13128411317
13128411320
13128411344
13128411348
13128411353
13128411356
13128411391
13128411394
13128411404
13128411405
13128411406
13128411421
13128411430
13128411438
13128411443
13128411445
13128411470
13128411484
13128411495
13128411509
13128411517
13128411524
13128411526
13128411531
13128411541
13128411548
13128411553
13128411554
13128411557
13128411568
13128411569
13128411576
13128411578
13128411583
13128411591
13128411621
13128411627
13128411648
13128411657
13128411669
13128411673
13128411687
13128411692
13128411702
13128411713
13128411723
13128411729
13128411748
13128411749
13128411751
13128411752
13128411753
13128411761
13128411763
13128411773
13128411776
13128411783
13128411793
13128411804
13128411807
13128411817
13128411830
13128411834
13128411839
13128411840
13128411847
13128411852
13128411856
13128411862
13128411892
13128411893
13128411894
13128411902
13128411923
13128411924
13128411930
13128411936
13128411940
13128411944
13128411953
13128411971
13128411980
13128411983
13128412029
13128412035
13128412038
13128412039
13128412041
13128412048
13128412052
13128412056
13128412060
13128412061
13128412075
13128412085
13128412090
13128412091
13128412103
13128412126
13128412127
13128412130
13128412132
13128412134
13128412135
13128412143
13128412144
13128412145
13128412146
13128412147
13128412151
13128412152
13128412154
13128412173
13128412174
13128412175
13128412184
13128412189
13128412192
13128412193
13128412194
13128412195
13128412206
13128412207
13128412235
13128412241
13128412248
13128412250
13128412254
13128412261
13128412276
13128412278
13128412284
13128412291
13128412298
13128412302
13128412303
13128412304
13128412306
13128412307
13128412315
13128412317
13128412324
13128412327
13128412334
13128412341
13128412349
13128412351
13128412352
13128412357
13128412360
13128412364
13128412372
13128412379
13128412392
13128412395
13128412397
13128412401
13128412404
13128412405
13128412407
13128412408
13128412409
13128412410
13128412414
13128412418
13128412431
13128412434
13128412435
13128412436
13128412439
13128412445
13128412449
13128412457
13128412463
13128412464
13128412472
13128412473
13128412484
13128412487
13128412489
13128412494
13128412495
13128412496
13128412498
13128412503
13128412513
13128412514
13128412517
13128412523
13128412527
13128412540
13128412541
13128412546
13128412547
13128412551
13128412554
13128412564
13128412570
13128412573
13128412574
13128412575
13128412579
13128412582
13128412587
13128412590
13128412591
13128412592
13128412594
13128412597
13128412598
13128412601
13128412602
13128412604
13128412607
13128412613
13128412614
13128412620
13128412631
13128412638
13128412643
13128412644
13128412648
13128412650
13128412657
13128412659
13128412664
13128412665
13128412667
13128412671
13128412672
13128412675
13128412680
13128412682
13128412684
13128412687
13128412694
13128412696
13128412702
13128412703
13128412708
13128412714
13128412716
13128412718
13128412720
13128412729
13128412731
13128412734
13128412735
13128412739
13128412740
13128412741
13128412743
13128412745
13128412746
13128412748
13128412751
13128412752
13128412753
13128412759
13128412761
13128412771
13128412773
13128412774
13128412783
13128412784
13128412794
13128412795
13128412810
13128412814
13128412817
13128412820
13128412830
13128412835
13128412837
13128412854
13128412856
13128412861
13128412862
13128412864
13128412871
13128412873
13128412875
13128412879
13128412891
13128412892
13128412893
13128412902
13128412903
13128412910
13128412914
13128412916
13128412926
13128412931
13128412934
13128412940
13128412945
13128412947
13128412948
13128412957
13128412962
13128412973
13128412976
13128412982
13128412983
13128412984
13128412987
13128412994
13128413007
13128413010
13128413017
13128413019
13128413026
13128413034
13128413036
13128413037
13128413039
13128413040
13128413042
13128413044
13128413045
13128413047
13128413052
13128413061
13128413062
13128413074
13128413081
13128413087
13128413091
13128413098
13128413104
13128413106
13128413108
13128413114
13128413118
13128413136
13128413141
13128413145
13128413149
13128413162
13128413171
13128413174
13128413176
13128413182
13128413194
13128413198
13128413201
13128413204
13128413207
13128413214
13128413217
13128413218
13128413219
13128413220
13128413235
13128413241
13128413242
13128413243
13128413244
13128413246
13128413247
13128413248
13128413253
13128413256
13128413258
13128413261
13128413262
13128413265
13128413267
13128413270
13128413271
13128413273
13128413297
13128413307
13128413314
13128413319
13128413325
13128413341
13128413342
13128413347
13128413349
13128413351
13128413352
13128413361
13128413365
13128413371
13128413372
13128413374
13128413376
13128413379
13128413385
13128413394
13128413397
13128413404
13128413405
13128413408
13128413415
13128413417
13128413421
13128413423
13128413425
13128413427
13128413434
13128413436
13128413441
13128413442
13128413447
13128413449
13128413453
13128413454
13128413457
13128413458
13128413460
13128413461
13128413462
13128413465
13128413470
13128413472
13128413481
13128413486
13128413489
13128413490
13128413495
13128413504
13128413505
13128413506
13128413507
13128413509
13128413516
13128413524
13128413525
13128413529
13128413532
13128413534
13128413536
13128413538
13128413541
13128413543
13128413545
13128413546
13128413548
13128413550
13128413551
13128413561
13128413562
13128413568
13128413570
13128413574
13128413576
13128413590
13128413592
13128413604
13128413605
13128413612
13128413613
13128413614
13128413619
13128413621
13128413624
13128413625
13128413634
13128413640
13128413641
13128413642
13128413648
13128413653
13128413654
13128413661
13128413670
13128413673
13128413674
13128413682
13128413689
13128413691
13128413702
13128413708
13128413709
13128413710
13128413714
13128413719
13128413720
13128413721
13128413725
13128413727
13128413730
13128413735
13128413738
13128413741
13128413752
13128413754
13128413762
13128413764
13128413770
13128413772
13128413776
13128413780
13128413782
13128413786
13128413793
13128413795
13128413796
13128413801
13128413802
13128413804
13128413814
13128413817
13128413826
13128413837
13128413841
13128413846
13128413871
13128413876
13128413884
13128413891
13128413904
13128413906
13128413912
13128413914
13128413915
13128413916
13128413917
13128413923
13128413926
13128413934
13128413940
13128413942
13128413943
13128413944
13128413947
13128413950
13128413957
13128413965
13128413970
13128413972
13128413978
13128413984
13128413994
13128413995
13128414007
13128414014
13128414017
13128414019
13128414023
13128414025
13128414031
13128414032
13128414036
13128414042
13128414045
13128414046
13128414047
13128414057
13128414058
13128414059
13128414060
13128414063
13128414064
13128414071
13128414074
13128414079
13128414083
13128414090
13128414094
13128414098
13128414102
13128414103
13128414104
13128414107
13128414108
13128414109
13128414113
13128414121
13128414126
13128414129
13128414135
13128414137
13128414145
13128414146
13128414147
13128414150
13128414154
13128414156
13128414169
13128414170
13128414176
13128414178
13128414182
13128414184
13128414193
13128414196
13128414198
13128414201
13128414204
13128414206
13128414220
13128414226
13128414227
13128414231
13128414244
13128414248
13128414249
13128414250
13128414252
13128414256
13128414260
13128414261
13128414267
13128414268
13128414272
13128414278
13128414279
13128414281
13128414284
13128414285
13128414286
13128414287
13128414292
13128414293
13128414294
13128414302
13128414304
13128414310
13128414312
13128414313
13128414323
13128414324
13128414326
13128414328
13128414329
13128414339
13128414348
13128414350
13128414354
13128414367
13128414368
13128414373
13128414374
13128414375
13128414379
13128414381
13128414384
13128414387
13128414390
13128414391
13128414392
13128414394
13128414397
13128414398
13128414403
13128414406
13128414409
13128414412
13128414413
13128414416
13128414419
13128414423
13128414425
13128414427
13128414429
13128414431
13128414435
13128414437
13128414438
13128414451
13128414461
13128414462
13128414465
13128414471
13128414472
13128414478
13128414480
13128414490
13128414491
13128414492
13128414498
13128414504
13128414505
13128414506
13128414510
13128414517
13128414521
13128414528
13128414529
13128414530
13128414531
13128414537
13128414546
13128414547
13128414563
13128414571
13128414572
13128414573
13128414579
13128414583
13128414584
13128414590
13128414591
13128414592
13128414595
13128414603
13128414605
13128414607
13128414610
13128414612
13128414613
13128414614
13128414615
13128414623
13128414625
13128414628
13128414630
13128414634
13128414641
13128414642
13128414643
13128414644
13128414651
13128414657
13128414658
13128414660
13128414671
13128414674
13128414679
13128414680
13128414681
13128414682
13128414684
13128414687
13128414689
13128414692
13128414693
13128414695
13128414701
13128414702
13128414705
13128414707
13128414709
13128414713
13128414714
13128414717
13128414723
13128414728
13128414729
13128414738
13128414741
13128414743
13128414749
13128414752
13128414757
13128414761
13128414771
13128414779
13128414780
13128414783
13128414784
13128414793
13128414802
13128414803
13128414810
13128414812
13128414814
13128414819
13128414820
13128414821
13128414824
13128414832
13128414834
13128414845
13128414846
13128414849
13128414850
13128414851
13128414857
13128414860
13128414861
13128414874
13128414876
13128414879
13128414889
13128414893
13128414894
13128414895
13128414903
13128414906
13128414908
13128414913
13128414915
13128414916
13128414924
13128414930
13128414934
13128414938
13128414941
13128414948
13128414950
13128414954
13128414956
13128414958
13128414963
13128414965
13128414968
13128414972
13128414975
13128414976
13128414981
13128414987
13128415009
13128415013
13128415016
13128415025
13128415027
13128415029
13128415031
13128415034
13128415039
13128415041
13128415044
13128415045
13128415052
13128415053
13128415054
13128415063
13128415064
13128415065
13128415069
13128415070
13128415073
13128415074
13128415075
13128415079
13128415083
13128415091
13128415094
13128415097
13128415104
13128415106
13128415107
13128415112
13128415125
13128415126
13128415129
13128415134
13128415136
13128415140
13128415142
13128415144
13128415147
13128415153
13128415154
13128415162
13128415163
13128415173
13128415176
13128415178
13128415179
13128415181
13128415184
13128415186
13128415190
13128415195
13128415197
13128415214
13128415218
13128415224
13128415230
13128415231
13128415235
13128415244
13128415253
13128415256
13128415259
13128415261
13128415262
13128415270
13128415271
13128415272
13128415273
13128415274
13128415276
13128415278
13128415279
13128415282
13128415283
13128415284
13128415285
13128415286
13128415287
13128415291
13128415293
13128415301
13128415302
13128415305
13128415307
13128415314
13128415317
13128415320
13128415324
13128415331
13128415337
13128415341
13128415342
13128415349
13128415356
13128415370
13128415372
13128415376
13128415379
13128415384
13128415386
13128415391
13128415392
13128415393
13128415394
13128415395
13128415396
13128415404
13128415405
13128415407
13128415409
13128415413
13128415416
13128415417
13128415419
13128415420
13128415423
13128415425
13128415426
13128415429
13128415436
13128415437
13128415439
13128415441
13128415442
13128415443
13128415448
13128415449
13128415450
13128415452
13128415460
13128415461
13128415463
13128415464
13128415465
13128415471
13128415472
13128415473
13128415482
13128415484
13128415487
13128415498
13128415509
13128415512
13128415514
13128415517
13128415524
13128415532
13128415536
13128415537
13128415538
13128415539
13128415540
13128415541
13128415542
13128415543
13128415546
13128415549
13128415564
13128415569
13128415570
13128415583
13128415584
13128415586
13128415590
13128415597
13128415601
13128415604
13128415605
13128415614
13128415619
13128415628
13128415634
13128415635
13128415638
13128415640
13128415645
13128415652
13128415658
13128415662
13128415664
13128415667
13128415669
13128415671
13128415673
13128415674
13128415675
13128415681
13128415684
13128415687
13128415689
13128415691
13128415693
13128415702
13128415707
13128415709
13128415710
13128415712
13128415713
13128415714
13128415715
13128415716
13128415718
13128415719
13128415721
13128415726
13128415728
13128415729
13128415730
13128415731
13128415732
13128415737
13128415739
13128415741
13128415745
13128415746
13128415748
13128415751
13128415753
13128415761
13128415768
13128415770
13128415772
13128415774
13128415776
13128415779
13128415780
13128415781
13128415782
13128415784
13128415785
13128415786
13128415790
13128415793
13128415794
13128415797
13128415804
13128415806
13128415810
13128415812
13128415817
13128415821
13128415824
13128415834
13128415845
13128415846
13128415865
13128415868
13128415871
13128415875
13128415890
13128415894
13128415897
13128415901
13128415904
13128415905
13128415906
13128415907
13128415912
13128415915
13128415917
13128415921
13128415924
13128415931
13128415942
13128415947
13128415948
13128415951
13128415952
13128415965
13128415971
13128415973
13128415978
13128415981
13128415982
13128415983
13128415984
13128415985
13128415987
13128416004
13128416037
13128416041
13128416045
13128416047
13128416049
13128416051
13128416053
13128416058
13128416062
13128416064
13128416065
13128416067
13128416072
13128416075
13128416083
13128416094
13128416104
13128416109
13128416117
13128416125
13128416126
13128416129
13128416132
13128416141
13128416146
13128416148
13128416150
13128416151
13128416157
13128416171
13128416174
13128416175
13128416176
13128416179
13128416183
13128416190
13128416207
13128416212
13128416219
13128416221
13128416224
13128416227
13128416232
13128416241
13128416243
13128416247
13128416251
13128416252
13128416264
13128416267
13128416270
13128416271
13128416273
13128416274
13128416283
13128416295
13128416303
13128416304
13128416314
13128416320
13128416329
13128416332
13128416334
13128416337
13128416343
13128416349
13128416358
13128416374
13128416378
13128416380
13128416394
13128416404
13128416405
13128416413
13128416417
13128416418
13128416419
13128416420
13128416421
13128416423
13128416424
13128416425
13128416427
13128416430
13128416431
13128416432
13128416435
13128416437
13128416438
13128416443
13128416459
13128416465
13128416469
13128416471
13128416474
13128416479
13128416484
13128416486
13128416487
13128416492
13128416494
13128416503
13128416509
13128416514
13128416518
13128416521
13128416524
13128416530
13128416543
13128416545
13128416549
13128416551
13128416564
13128416569
13128416572
13128416573
13128416582
13128416590
13128416604
13128416609
13128416614
13128416615
13128416623
13128416624
13128416631
13128416634
13128416641
13128416650
13128416657
13128416671
13128416675
13128416684
13128416691
13128416695
13128416701
13128416703
13128416712
13128416714
13128416723
13128416736
13128416739
13128416740
13128416741
13128416744
13128416745
13128416746
13128416750
13128416754
13128416759
13128416762
13128416773
13128416774
13128416775
13128416784
13128416787
13128416792
13128416796
13128416807
13128416814
13128416824
13128416827
13128416830
13128416832
13128416846
13128416847
13128416849
13128416854
13128416862
13128416870
13128416871
13128416895
13128416902
13128416912
13128416913
13128416914
13128416932
13128416935
13128416940
13128416943
13128416947
13128416948
13128416951
13128416961
13128416962
13128416963
13128416967
13128416970
13128416976
13128416981
13128417014
13128417016
13128417018
13128417019
13128417020
13128417024
13128417030
13128417031
13128417034
13128417039
13128417041
13128417045
13128417047
13128417053
13128417058
13128417060
13128417064
13128417072
13128417074
13128417079
13128417091
13128417104
13128417105
13128417120
13128417125
13128417126
13128417129
13128417131
13128417137
13128417139
13128417143
13128417154
13128417164
13128417181
13128417182
13128417187
13128417189
13128417197
13128417198
13128417205
13128417207
13128417213
13128417215
13128417218
13128417220
13128417237
13128417244
13128417245
13128417247
13128417248
13128417254
13128417256
13128417258
13128417262
13128417269
13128417271
13128417274
13128417282
13128417284
13128417286
13128417292
13128417297
13128417305
13128417306
13128417307
13128417316
13128417320
13128417324
13128417331
13128417332
13128417334
13128417346
13128417347
13128417349
13128417350
13128417361
13128417362
13128417364
13128417370
13128417375
13128417382
13128417387
13128417393
13128417394
13128417396
13128417405
13128417409
13128417413
13128417414
13128417416
13128417419
13128417425
13128417427
13128417436
13128417441
13128417446
13128417449
13128417452
13128417458
13128417464
13128417469
13128417470
13128417475
13128417476
13128417479
13128417486
13128417489
13128417494
13128417502
13128417503
13128417504
13128417507
13128417509
13128417512
13128417516
13128417525
13128417526
13128417529
13128417540
13128417545
13128417552
13128417652
13128417694
13128417745
13128417759
13128417764
13128417783
13128417801
13128417814
13128417825
13128417840
13128417852
13128417864
13128417894
13128417903
13128417913
13128417920
13128417990
13128418023
13128418045
13128418054
13128418064
13128418093
13128418101
13128418124
13128418149
13128418153
13128418154
13128418157
13128418163
13128418167
13128418172
13128418184
13128418192
13128418194
13128418195
13128418204
13128418207
13128418213
13128418217
13128418219
13128418223
13128418224
13128418225
13128418232
13128418243
13128418245
13128418253
13128418254
13128418257
13128418262
13128418267
13128418272
13128418273
13128418279
13128418292
13128418305
13128418306
13128418309
13128418310
13128418317
13128418324
13128418334
13128418337
13128418339
13128418347
13128418349
13128418354
13128418356
13128418364
13128418370
13128418372
13128418375
13128418376
13128418382
13128418384
13128418394
13128418397
13128418404
13128418410
13128418412
13128418413
13128418415
13128418416
13128418417
13128418419
13128418424
13128418425
13128418439
13128418440
13128418443
13144462197
13144462205
13144462301
13144462303
13144462347
13144462363
13144462373
13144462421
13144462425
13144462472
13144462475
13144462493
13144462495
13144462530
13144462559
13144462603
13144462614
13144462617
13144462641
13144462642
13144462653
13144462680
13144462689
13144462695
13144462698
13144462704
13144462723
13144462725
13144462734
13144462764
13144462774
13144462780
13144462794
13144462802
13144462803
13144462824
13144462847
13144462854
13144462856
13144462870
13144462872
13144462896
13144462897
13144462905
13144462934
13144462937
13144462940
13144462941
13144462943
13144462956
13144462970
13144462978
13144462985
13144462986
13144463029
13144463031
13144463039
13144463048
13144463062
13144463074
13144463135
13144463145
13144463148
13144463149
13144463160
13144463162
13144463164
13144463197
13144463204
13144463238
13144463245
13144463265
13144463270
13144463285
13144463371
13144463385
13144463406
13144463413
13144463420
13144463423
13144463460
13144463482
13144463486
13144463490
13144463519
13144463558
13144463587
13144463589
13144463590
13144463591
13144463621
13144463624
13144463659
13144463729
13144463731
13144463740
13144463750
13144463754
13144463760
13144463761
13144463769
13144463784
13144463785
13144463790
13144463791
13144463792
13144463794
13144463795
13144463816
13144463817
13144463834
13144463837
13144463840
13144463847
13144463854
13144463859
13144463864
13144463869
13144463947
13144463957
13144463964
13144463973
13144463974
13144464018
13144464019
13144464025
13144464046
13144464047
13144464058
13144464059
13144464062
13144464063
13144464067
13144464079
13144464086
13144464087
13144464094
13144464098
13144464112
13144464113
13144464129
13144464139
13144464142
13144464145
13144464147
13144464151
13144464152
13144464157
13144464163
13144464165
13144464167
13144464170
13144464181
13144464182
13144464195
13144464203
13144464205
13144464207
13144464209
13144464216
13144464238
13144464239
13144464240
13144464247
13144464249
13144464251
13144464252
13144464254
13144464257
13144464261
13144464263
13144464267
13144464270
13144464273
13144464274
13144464275
13144464276
13144464279
13144464283
13144464284
13144464286
13144464287
13144464293
13144464312
13144464316
13144464318
13144464325
13144464329
13144464347
13144464351
13144464352
13144464356
13144464359
13144464361
13144464364
13144464365
13144464367
13144464370
13144464383
13144464384
13144464385
13144464391
13144464392
13144464397
13144464415
13144464452
13144464526
13144464536
13144464540
13144464541
13144464557
13144464571
13144464575
13144464576
13144464579
13144464582
13144464583
13144464639
13144464671
13144464673
13144464684
13144464691
13144464697
13144464709
13144464725
13144464739
13144464749
13144464751
13144464760
13144464761
13144464762
13144464785
13144464792
13144464802
13144464804
13144464810
13144464813
13144464820
13144464831
13144464835
13144464851
13144464856
13144464857
13144464859
13144464864
13144464869
13144464872
13144464907
13144464912
13144464913
13144464917
13144464920
13144464928
13144464930
13144464932
13144464936
13144464945
13144464946
13144464953
13144464957
13144464958
13144464975
13144464980
13144465025
13144465027
13144465029
13144465030
13144465034
13144465036
13144465052
13144465058
13144465074
13144465076
13144465084
13144465097
13144465102
13144465103
13144465109
13144465127
13144465129
13144465136
13144465139
13144465142
13144465152
13144465153
13144465165
13144465171
13144465172
13144465174
13144465179
13144465182
13144465184
13144465185
13144465192
13144465219
13144465224
13144465230
13144465241
13144465247
13144465249
13144465260
13144465264
13144465273
13144465275
13144465312
13144465317
13144465325
13144465327
13144465328
13144465331
13144465341
13144465354
13144465357
13144465372
13144465379
13144465386
13144465397
13144465413
13144465450
13144465451
13144465452
13144465540
13144465547
13144465582
13144465584
13144465591
13144465601
13144465602
13144465607
13144465621
13144465637
13144465642
13144465645
13144465648
13144465649
13144465683
13144465693
13144465702
13144465726
13144465740
13144465747
13144465750
13144465751
13144465762
13144465797
13144465803
13144465806
13144465823
13144465830
13144465844
13144465847
13144465879
13144465907
13144465910
13144465915
13144465927
13144465942
13144465972
13144465975
13144465985
13144466014
13144466051
13144466071
13144466140
13144466142
13144466143
13144466154
13144466173
13144466175
13144466184
13144466192
13144466215
13144466217
13144466239
13144466241
13144466243
13144466253
13144466273
13144466341
13144466342
13144466357
13144466370
13144466374
13144466375
13144466378
13144466384
13144466391
13144466392
13144466397
13144466403
13144466410
13144466417
13144466423
13144466431
13144466435
13144466436
13144466473
13144466474
13144466481
13144466485
13144466492
13144466574
13144466594
13144466879
13144466910
13144466945
13144467017
13144467025
13144467062
13144467090
13144467152
13144467191
13144467224
13144467471
13144467487
13144467529
13144467543
13144467554
13144467583
13144467593
13144467645
13144467694
13144467710
13144467735
13144467823
13144467862
13144468041
13144468091
13144468120
13144468139
13144468152
13144468171
13144468214
13144468247
13144468275
13144468397
13144468421
13144468514
13144468549
13144468694
13144468714
13144468735
13144468754
13144469132
13144469136
13144469149
13144469212
13144469230
13144469237
13144469245
13144469274
13144469304
13144469314
13144469340
13144469351
13144469354
13144469371
13144469372
13144469373
13144469375
13144469384
13144469391
13144469403
13144469413
13144469414
13144469421
13144469424
13144469427
13144469430
13144469437
13144469443
13144469450
13144469464
13144469467
13144469474
13144469478
13144469487
13144469493
13144469513
13144469514
13144469517
13144469521
13144469523
13144469524
13144469527
13144469534
13144469537
13144469542
13144469547
13144469549
13144469552
13144469560
13144469563
13144469570
13144469571
13144469576
13144469582
13144469584
13144469634
13144469635
13144469637
13144469640
13144469641
13144469648
13144469652
13144469685
13144469701
13144469704
13144469706
13144469710
13144469712
13144469713
13144469714
13144469725
13144469736
13144469740
13144469745
13144469746
13144469747
13144469754
13144469765
13144469778
13144469793
13144469801
13144469802
13144469815
13144469816
13144469823
13144469824
13144469825
13144469831
13144469834
13144469841
13144469843
13144469846
13144469851
13144469854
13144469865
13144469916
13144469935
13144469937
13144469940
13144469941
13144469946
13144469947
13144469957
13144469970
13144469971
13144469974
13168270014
13168270031
13168270045
13168270053
13168270063
13168270082
13168270094
13168270104
13168270115
13168270117
13168270138
13168270144
13168270145
13168270150
13168270151
13168270164
13168270174
13168270182
13168270184
13168270193
13168270194
13168270195
13168270224
13168270239
13168270246
13168270247
13168270249
13168270253
13168270267
13168270284
13168270325
13168270340
13168270347
13168270350
13168270354
13168270357
13168270359
13168270374
13168270410
13168270414
13168270416
13168270430
13168270434
13168270446
13168270447
13168270449
13168270457
13168270459
13168270471
13168270474
13168270491
13168270493
13168270496
13168270509
13168270537
13168270540
13168270544
13168270547
13168270559
13168270574
13168270613
13168270627
13168270644
13168270648
13168270673
13168270674
13168270732
13168270735
13168270744
13168270747
13168270762
13168270765
13168270784
13168270834
13168270840
13168270842
13168270843
13168270884
13168270894
13168270896
13168270942
13168270944
13168270945
13168270947
13168270950
13168270956
13168270964
13168270973
13168270974
13168271025
13168271042
13168271045
13168271048
13168271049
13168271054
13168271062
13168271064
13168271082
13168271087
13168271134
13168271146
13168271148
13168271162
13168271176
13168271184
13168271196
13168271214
13168271224
13168271243
13168271244
13168271246
13168271256
13168271259
13168271267
13168271276
13168271283
13168271286
13168271304
13168271305
13168271324
13168271325
13168271344
13168271348
13168271350
13168271354
13168271363
13168271374
13168271375
13168271384
13168271385
13168271394
13168271397
13168271417
13168271423
13168271427
13168271449
13168271451
13168271462
13168271467
13168271473
13168271474
13168271475
13168271476
13168271478
13168271482
13168271483
13168271485
13168271487
13168271492
13168271493
13168271494
13168271496
13168271497
13168271504
13168271507
13168271514
13168271524
13168271527
13168271534
13168271539
13168271540
13168271541
13168271543
13168271544
13168271549
13168271564
13168271573
13168271574
13168271575
13168271587
13168271592
13168271594
13168271595
13168271596
13168271602
13168271610
13168271614
13168271615
13168271624
13168271630
13168271634
13168271642
13168271644
13168271654
13168271659
13168271664
13168271682
13168271684
13168271691
13168271702
13168271703
13168271704
13168271710
13168271719
13168271721
13168271730
13168271736
13168271740
13168271741
13168271744
13168271745
13168271746
13168271747
13168271754
13168271763
13168271765
13168271783
13168271784
13168271792
13168271794
13168271796
13168271832
13168271840
13168271846
13168271847
13168271852
13168271864
13168271871
13168271912
13168271916
13168271917
13168271920
13168271931
13168271943
13168271944
13168271952
13168271954
13168271957
13168271958
13168271960
13168271970
13168271971
13168271972
13168271974
13168271994
13168272016
13168272032
13168272034
13168272039
13168272042
13168272043
13168272044
13168272049
13168272065
13168272074
13168272104
13168272113
13168272114
13168272124
13168272134
13168272140
13168272146
13168272148
13168272149
13168272154
13168272170
13168272171
13168272184
13168272191
13168272205
13168272241
13168272242
13168272249
13168272254
13168272283
13168272307
13168272348
13168272354
13168272364
13168272374
13168272376
13168272381
13168272390
13168272393
13168272394
13168272403
13168272404
13168272415
13168272419
13168272425
13168272431
13168272443
13168272448
13168272450
13168272454
13168272462
13168272463
13168272464
13168272473
13168272476
13168272482
13168272483
13168272484
13168272497
13168272513
13168272541
13168272544
13168272557
13168272560
13168272562
13168272574
13168272584
13168272592
13168272601
13168272641
13168272642
13168272644
13168272650
13168272671
13168272673
13168272675
13168272684
13168272694
13168272710
13168272714
13168272726
13168272744
13168272746
13168272753
13168272754
13168272761
13168272774
13168272784
13168272785
13168272793
13168272794
13168272805
13168272815
13168272834
13168272844
13168272845
13168272854
13168272857
13168272864
13168272875
13168272897
13168272914
13168272916
13168272924
13168272925
13168272930
13168272934
13168272935
13168272941
13168272942
13168272944
13168272945
13168272947
13168272956
13168272961
13168272962
13168272972
13168272974
13168272984
13168273004
13168273044
13168273045
13168273046
13168273049
13168273054
13168273057
13168273061
13168273063
13168273064
13168273067
13168273074
13168273075
13168273081
13168273102
13168273105
13168273109
13168273114
13168273134
13168273135
13168273140
13168273141
13168273144
13168273145
13217670051
13217670874
13217671561
13217671564
13217671582
13217671635
13217671794
13217671871
13217671973
13217672071
13217672094
13217672139
13217672241
13217672458
13217672517
13217672591
13217680241
13217680441
13217680443
13217680461
13217680463
13217680473
13217680474
13217680485
13217680491
13217680497
13217680502
13217680534
13217680539
13217680541
13217680544
13217680549
13217680570
13217680587
13217680641
13217680643
13217681162
13217681285
13217681467
13217681474
13217681475
13217681483
13217681503
13217681504
13217681531
13217681542
13217681545
13217681554
13217681572
13217681579
13217681641
13217681642
13217681645
13217681649
13217681657
13217681671
13217681675
13217681679
13217681694
13217681701
13217681704
13217681713
13217681714
13217681745
13217681747
13217681784
13217681795
13217681819
13217681823
13217681827
13217681834
13217681841
13217681846
13217681847
13217681857
13217681874
13217681904
13217681912
13217681937
13217681957
13217681970
13217681987
13217682041
13217682062
13217682063
13217682067
13217682073
13217682094
13217682110
13217682114
13217682124
13217682131
13217682197
13217682217
13217682243
13217682249
13217682374
13217682402
13217682403
13217682404
13217682441
13217682459
13217682460
13217682464
13217682465
13217682469
13217682472
13217682474
13217682479
13217682494
13217682541
13217682544
13217682545
13217682549
13217682554
13217682580
13217682641
13217682654
13217682714
13217682810
13217682814
13217682817
13217682857
13217682859
13217682874
13217682905
13217682914
13217682927
13217682973
13217682984
13217682994
13217683027
13217683037
13217683057
13217683069
13217683094
13217683097
13217683101
13217683102
13217683124
13217683147
13217683157
13217683174
13217683189
13217683207
13217683214
13217683215
13217683219
13217683221
13217683244
13217683247
13217683252
13217683254
13217683264
13217683292
13217683362
13217683394
13217683454
13217683507
13217683514
13217683595
13217683602
13217683613
13217683674
13217683701
13217683704
13217683724
13217683741
13217683752
13217683754
13217683841
13217683847
13217683879
13217683890
13217683907
13217683917
13217683924
13217683927
13217683934
13217683957
13217684049
13217684050
13217684168
13217684187
13217684201
13217684259
13217684349
13217684415
13217684439
13217684472
13217684482
13217684661
13217684735
13217684764
13217684902
13217685059
13217685110
13217685141
13217685262
13217685442
13217685470
13217685531
13217685574
13217685679
13217685760
13217685944
13217686047
13217686091
13217686150
13217686237
13217686312
13217686320
13217686354
13217686361
13217686442
13217686472
13217686563
13217686583
13217686587
13217686629
13217686670
13217686674
13217686704
13217686729
13217686737
13217686741
13217686754
13217686760
13217686761
13217686794
13217686795
13217686814
13217686843
13217686874
13217686904
13217686943
13217686944
13217686962
13217686981
13217687017
13217687024
13217687032
13217687041
13217687044
13217687082
13217687094
13217687141
13217687147
13217687154
13217687164
13217687173
13217687194
13217687240
13217687251
13217687287
13217687292
13217687297
13217687341
13217687351
13217687364
13217687382
13217687394
13217687419
13217687427
13217687442
13217687449
13217687450
13217687475
13217687543
13217687547
13217687639
13217687640
13217687650
13217687705
13217687731
13217687744
13217687760
13217687784
13217687790
13217687795
13217687832
13226100089
13226100153
13226100349
13226100384
13226100397
13226100415
13226100521
13226100593
13226100621
13226100675
13226100742
13226100756
13226100781
13226100840
13226100891
13226100912
13226100941
13226100957
13226100983
13226100984
13226101102
13226101164
13226101247
13226101424
13226101461
13226101521
13226101560
13226101725
13226101735
13226101754
13226101794
13226101846
13226101874
13226101904
13226101934
13226101957
13226101971
13226102046
13226102103
13226102104
13226102117
13226102141
13226102143
13226102145
13226102154
13226102176
13226102197
13226102247
13226102367
13226102371
13226102387
13226102414
13226102415
13226102419
13226102440
13226102447
13226102493
13226102497
13226102517
13226102564
13226102572
13226102574
13226102584
13226102624
13226102644
13226102715
13226102725
13226102747
13226102752
13226102782
13226102817
13226102871
13226102973
13226103049
13226103071
13226103074
13226103104
13226103124
13226103149
13226103165
13226108875
13226108895
13226108907
13226108917
13226108960
13226108972
13226109037
13226109067
13226109087
13226109107
13226109117
13226109139
13226109157
13226109165
13226109173
13226109182
13226109189
13226109261
13226109273
13226109282
13226109291
13226109312
13226109359
13226109539
13226109561
13226109572
13226109580
13226109597
13226109619
13226109637
13226109672
13226109682
13226109692
13226109702
13226109717
13226109732
13226109757
13226109775
13226109787
13226109817
13226109827
13226109857
13226109870
13226109891
13226109905
13226109931
13226109951
13226109967
13226130071
13226130474
13226130684
13226130691
13226130802
13226130874
13226131071
13226131134
13226131275
13226131347
13226131496
13226131747
13226131795
13226132041
13226132354
13226132395
13226132447
13226132448
13226132451
13226132845
13226132872
13226133204
13226133291
13226133471
13226133473
13226133493
13226133547
13226134052
13226134246
13226134251
13226134254
13226134281
13226134341
13226134460
13226134467
13226134473
13226134502
13226134590
13226134603
13226134637
13226134647
13226134651
13226134671
13226134704
13226134791
13226134794
13226134797
13226134814
13226134851
13226134945
13226134957
13226135327
13226135341
13226135443
13226135458
13226135631
13226135693
13226135761
13226135873
13226136051
13226136174
13226136184
13226136192
13226136254
13226136314
13226136341
13226136342
13226136346
13226136384
13226136394
13226136404
13226136407
13226136441
13226136442
13226136454
13226136467
13226136484
13226136496
13226136514
13226136524
13226136550
13226136614
13226136647
13226136649
13226136651
13226136654
13226136679
13226136685
13226136704
13226136714
13226136727
13226136741
13226136747
13226136773
13226136791
13226136804
13226136824
13226136834
13226136840
13226136851
13226136867
13226136907
13226136912
13226136927
13226136934
13226136940
13226136941
13226136942
13226136944
13226136954
13226136957
13226136967
13226136972
13226137024
13226137036
13226137042
13226137046
13226137048
13226140016
13226140017
13226140018
13226140019
13226140025
13226140027
13226140031
13226140036
13226140037
13226140053
13226140056
13226140059
13226140065
13226140067
13226140071
13226140072
13226140079
13226140091
13226140092
13226140095
13226140096
13226140097
13226140108
13226140115
13226140125
13226140128
13226140129
13226140130
13226140160
13226140163
13226140168
13226140170
13226140180
13226140183
13226140203
13226140207
13226140215
13226140216
13226140228
13226140230
13226140235
13226140236
13226140238
13226140256
13226140257
13226140259
13226140262
13226140265
13226140268
13226140270
13226140285
13226140293
13226140295
13226140305
13226140312
13226140331
13226140338
13226140359
13226140360
13226140363
13226140368
13226140371
13226140375
13226140378
13226140385
13226140389
13226140391
13226140503
13226140510
13226140521
13226140525
13226140532
13226140535
13226140556
13226140561
13226140562
13226140571
13226140582
13226140583
13226140589
13226140595
13226140608
13226140610
13226140618
13226140627
13226140631
13226140669
13226140779
13226140798
13226140803
13226140857
13226148967
13242571135
13242571963
13242572073
13242572087
13242572127
13242573834
13242591063
13242596093
13242596179
13242596275
13242596301
13242596317
13242596517
13242596572
13242597390
13242597476
13242597482
13242597495
13242597621
13242597706
13242597746
13242597785
13242597851
13242597912
13242597925
13242597943
13242597958
13242598019
13242598071
13242598073
13242598092
13242598104
13242598119
13242598131
13242598135
13242598136
13242598304
13242598347
13242598410
13242598431
13242598453
13242598462
13242598491
13242598516
13242598561
13242598594
13242598605
13242598721
13242598740
13242598745
13242599274
13242599651
13288760027
13288760129
13288760213
13288760305
13288760361
13288760370
13288761273
13288761351
13288761363
13288761607
13288761672
13288761693
13288761750
13288761905
13288762051
13288762130
13288762181
13288762709
13288762739
13288762781
13288762793
13288762815
13288762835
13288762857
13288762897
13288762925
13288762935
13288762957
13288762973
13288762995
13288763017
13288763037
13288763082
13288763102
13288763117
13288763139
13288763162
13288763197
13288763207
13288763237
13288763267
13288763291
13288763297
13288763317
13288763367
13288763657
13288763695
13288763705
13288763723
13288763735
13288763763
13288766317
13288766327
13288766350
13288766351
13288766353
13288766357
13288766367
13288766370
13288766371
13288766376
13288766378
13288766380
13288766382
13288766383
13288766387
13288766389
13288766391
13288766392
13288766397
13288766501
13288766507
13288766510
13288766515
13288766517
13288766519
13288766525
13288766535
13288766537
13288766551
13288766552
13288766571
13288766580
13288766583
13288766587
13288766589
13288766590
13288766592
13288766596
13288766597
13288766635
13288766657
13288766672
13288766685
13288766691
13288766705
13288766712
13288766736
13288766751
13288766761
13288766781
13288766785
13288766796
13288766817
13288766823
13288766825
13288766827
13288766831
13288766832
13288766850
13288766851
13288766857
13288766861
13288766871
13288766872
13288766897
13288766903
13288766907
13288766908
13288766915
13288766923
13288766937
13288766972
13288766973
13288766982
13288767005
13288767027
13288767037
13288767052
13288767057
13288767067
13288767081
13288767161
13288767167
13288767175
13288767185
13288767186
13288767203
13288767208
13288767209
13288767213
13288767215
13288767217
13288767218
13288767219
13288767220
13288767226
13288767235
13288767252
13288767257
13288767273
13288767281
13288767286
13288767292
13288767305
13288767312
13288767317
13288767320
13288767327
13288767350
13288767351
13288767352
13288767353
13288767362
13288767363
13288767368
13288767370
13288767379
13288767387
13288767397
13288767502
13288767507
13288767509
13288767512
13288767513
13288767517
13288767531
13288767536
13288767559
13288767563
13288767570
13288767571
13288767572
13288767581
13288767582
13288767583
13288767587
13288767590
13288767596
13288767597
13288767601
13288767605
13288767606
13288767607
13288767612
13288767613
13288767627
13288767630
13288767631
13288767657
13288767662
13288767663
13288767671
13288767681
13288767687
13288767697
13288767702
13288767708
13288767709
13288767710
13288767712
13288767713
13288767726
13288767731
13288767736
13288767750
13288767751
13288767785
13288767803
13288767829
13288768079
13288768087
13288768151
13288768167
13288768173
13288768203
13288768217
13288768229
13288768257
13288768267
13288768275
13288768290
13288768315
13288768332
13288768337
13288768353
13288768365
13288768371
13288768375
13288768376
13288768379
13288768382
13288768392
13288768397
13288768501
13288768507
13288768517
13288768529
13288768531
13288768571
13288768572
13288768578
13288768583
13288768587
13288768592
13288768597
13288768601
13288768607
13288768613
13288768617
13288768621
13288768623
13288768627
13288768637
13288768651
13288768652
13288768653
13288768669
13288768670
13288768673
13288768695
13288768703
13288768710
13288768713
13288768717
13288768719
13288768720
13288768726
13288768730
13288768732
13288768737
13288768751
13288768752
13288768753
13288768759
13288768775
13288768780
13288768796
13288768797
13288768817
13288768839
13288768857
13288768895
13288768903
13288768913
13288768917
13288768920
13288768921
13288768927
13288768935
13288768937
13288768951
13288768956
13288768960
13288768967
13288768970
13288768973
13288768976
13288768991
13288769013
13288769016
13288769017
13288769027
13288769031
13288769032
13288769050
13288769053
13288769058
13288769063
13288769067
13288769076
13288769078
13288769079
13288769092
13288769096
13288769101
13288769103
13288769105
13288769113
13288769129
13288769132
13288769136
13288769137
13288769150
13288769152
13288769156
13288769157
13288769165
13288769167
13288769172
13288769173
13288769176
13288769182
13288769183
13288769193
13288769201
13288769205
13288769208
13288769217
13288769221
13288769226
13288769232
13288769239
13288769257
13288769258
13288769265
13288769267
13288769270
13288769271
13288769272
13288769273
13288769278
13288769287
13288769290
13288769297
13288769302
13288769303
13288769310
13288769312
13288769316
13288769317
13288769331
13288769351
13288769352
13288769353
13288769357
13288769370
13288769371
13288769375
13288769378
13288769379
13288769386
13288769387
13288769397
13288769503
13288769525
13288769526
13288769531
13288769532
13288769537
13288769539
13288769565
13288769570
13288769571
13288769576
13288769586
13288769587
13288769591
13288769601
13288769602
13288769607
13288769610
13288769612
13288769616
13288769619
13288769621
13288769627
13288769637
13288769657
13288769662
13288769667
13288769671
13288769673
13288769675
13288769681
13288769685
13288769692
13288769697
13288769701
13288769703
13288769707
13288769708
13288769718
13288769720
13288769721
13288769723
13288769725
13288769726
13288769727
13288769728
13288769731
13288769738
13288769753
13288769757
13288769763
13288769771
13288769776
13288769780
13288769787
13288769790
13288769796
13288769803
13288769807
13288769812
13288769817
13288769820
13288769825
13288769827
13288769835
13288769837
13288769839
13288769850
13288769857
13288769860
13288769861
13288769871
13288769872
13288769882
13288769885
13288769896
13288769906
13288769920
13288769925
13288769926
13288769927
13288769935
13288769968
13288769972
13288769975
13288769981
15521610137
15521610165
15521610324
15521610472
15521610941
15521610962
15521610967
15521611473
15521611682
15521611923
15521611954
15521611957
15521612075
15521612079
15521612145
15521612187
15521612283
15521612381
15521612417
15521612597
15521612664
15521612687
15521612794
15521613479
15521613514
15521613724
15521614264
15521614404
15521614406
15521614464
15521614474
15521614485
15521614493
15521614497
15521614524
15521614554
15521614594
15521614632
15521614634
15521614649
15521614653
15521614739
15521614761
15521614764
15521614921
15521614954
15521614961
15521614984
15521615073
15521615097
15521615243
15521615401
15521615475
15521615480
15521615542
15521615547
15521615584
15521615721
15521615754
15521615845
15521616407
15521616735
15521616907
15521617073
15521617084
15521617229
15521617304
15521617367
15521617439
15521617449
15521617590
15521617593
15521617943
15521618572
15521623105
15521623594
15521623634
15521623834
15521623907
15521623944
15521623946
15521624034
15521624041
15521626837
15521627902
15521628142
15521628173
15521628342
15521628347
15521628471
15546780052
15546780285
15546780361
15546780362
15546780364
15546780372
15546780373
15546780376
15546780384
15546780397
15546780436
15546780491
15546780495
15546780516
15546780569
15546780673
15546780743
15546780827
15546780971
15546780995
15546781074
15546781504
15546781951
15546782442
15546782673
15546782674
15546782721
15546782751
15546782761
15546783042
15546783379
15546783448
15546783627
15546783864
15546784058
15546784136
15546784193
15546784295
15546784424
15546784527
15546785175
15546785441
15546785442
15546785443
15546785681
15546786206
15546786817
15546787162
15546788063
15546788143
15546788625
15546788643
15546789751
15546789754
15546790471
15546790493
15546790531
15546790570
15546790632
15546790721
15546790724
15546790743
15546790746
15546790763
15546790784
15546790894
15546790964
15546791092
15546791334
15546791394
15546791534
15546791547
15546791749
15546791837
15546791964
15546792657
15546793404
15546793406
15546793417
15546793631
15546793643
15546793644
15546793652
15546793705
15546793734
15546793745
15546793748
15546793927
15546793951
15546793964
15546793975
15546794037
15546794043
15546794052
15546794084
15546794091
15546794107
15546794109
15546794167
15546794213
15546794273
15546794361
15546794362
15546794367
15546794427
15546794437
15546794529
15546794541
15546794607
15546794641
15546794682
15546794712
15546794714
15546794726
15546794729
15546794752
15546794753
15546794783
15546794791
15546794792
15546794793
15546794814
15546794821
15546794823
15546794847
15546794852
15546794864
15546794871
15546794894
15546794905
15546794936
15546794954
15546794964
15546794973
15546794985
15546795041
15546795064
15546795092
15546795142
15546795149
15546795294
15546795357
15546795361
15546795407
15546795467
15546795487
15546795565
15546795603
15546795615
15546795674
15546795693
15546795715
15546795745
15546795814
15546795917
15546795927
15546795943
15546796094
15546796109
15546796142
15546796170
15546796174
15546796215
15546796217
15546796230
15546796254
15546796279
15546796281
15546796390
15546796409
15546796474
15546796549
15546796714
15546796741
15546796744
15546796747
15546796764
15546796794
15546796804
15546796824
15546796844
15546796847
15546796849
15546796940
15546796945
15546796954
15546796974
15546797014
15546797043
15546797094
15546797104
15546797194
15546797240
15546797244
15546797245
15546797304
15546797342
15546797344
15546797394
15546797441
15546797454
15546797524
15546797541
15546797542
15546797649
15546797664
15546797714
15546797754
15546797954
15546798047
15546798051
15546798067
15546798104
15546798143
15546798147
15546798150
15546798164
15546798172
15546798231
15546798261
15546798314
15546798317
15546798325
15546798351
15546798358
15546798361
15546798373
15546798375
15546798394
15546798402
15546798403
15546798409
15546798413
15546798419
15546798421
15546798424
15546798439
15546798454
15546798461
15546798470
15546798471
15546798474
15546798493
15546798513
15546798537
15546798590
15546798592
15546798603
15546798647
15546798652
15546798713
15546798723
15546798724
15546798732
15546798741
15546798745
15546798752
15546798774
15546798794
15546798841
15546798975
15546799094
15546799145
15546799152
15546799165
15546799243
15546799280
15546799312
15546799402
15546799415
15546799421
15546799443
15546799450
15546799464
15546799485
15546799532
15546799542
15546799580
15546940024
15546940126
15546940134
15546940257
15546940314
15546940374
15546940454
15546940563
15546941042
15546941180
15546941516
15546941673
15546941736
15546941932
15546942071
15546942457
15546942463
15546942506
15546942742
15546942751
15546943461
15546944503
15546944780
15546944815
15546945101
15546945136
15546945157
15546945170
15546945174
15546945244
15546945249
15546945283
15546945372
15546945684
15546945691
15546945716
15546945761
15546946019
15546946032
15546946147
15546946171
15546946179
15546946217
15546946249
15546946273
15546946283
15546946293
15546946715
15546946930
15546947102
15546947204
15546947213
15546947253
15546947257
15546947293
15546947392
15546947501
15546947610
15546947651
15546948025
15546948419
15546948563
15546948732
15546948916
15546948923
15546949037
15546949517
15546949647
15546949712
15546949713
15546949735
15546949743
15546970343
15546970483
15546970582
15546971045
15546971064
15546971363
15546971367
15546971462
15546971470
15546971474
15546971490
15546971524
15546971536
15546971540
15546971562
15546971573
15546971644
15546971649
15546971674
15546971694
15546972149
15546972153
15546972174
15546972184
15546972259
15546972304
15546972384
15546972394
15546972407
15546972414
15546972447
15546972617
15546972642
15546972647
15546972653
15546972673
15546972735
15546972740
15546972784
15546972809
15546972831
15546972842
15546972864
15546972903
15546972914
15546972934
15546972974
15546973015
15546973043
15546973051
15546973081
15546973082
15546973164
15546973195
15546973251
15546973257
15546973432
15546973437
15546973487
15546973504
15546973527
15546973534
15546973540
15546973546
15546973645
15546973672
15546973675
15546973794
15546973814
15546973824
15546973914
15546973943
15546973957
15546973974
15546973975
15546974015
15546974064
15546974067
15546974083
15546974084
15546974095
15546974127
15546974152
15546974238
15546974264
15546974281
15546974302
15546974314
15546974347
15546974375
15546974392
15546974426
15546974461
15546974491
15546974513
15546974517
15546974534
15546974557
15546974572
15546974573
15546974607
15546974614
15546974637
15546974672
15546974712
15546974749
15546974784
15546974804
15546974807
15546974831
15546974850
15546974854
15546974864
15546974871
15546974873
15546974907
15546974934
15546974937
15546974942
15546974954
15546974975
15546974982
15546975024
15546975046
15546975104
15546975134
15546975140
15546975143
15546975172
15546975173
15546975182
15546975192
15546975194
15546975197
15546975237
15546975244
15546975247
15546975254
15546975293
15546975324
15546975402
15546975406
15546975425
15546975464
15546975472
15546975486
15546975615
15546975645
15546975694
15546975723
15546975842
15546975845
15546975873
15546975902
15546975913
15546975914
15546975942
15546975943
15546976014
15546976021
15546976034
15546976043
15546976044
15546976047
15546976103
15546976129
15546976141
15546976146
15546976194
15546976204
15546976302
15546976312
15546976314
15546976319
15546976331
15546976367
15546976392
15546976401
15546976404
15546976409
15546976427
15546976442
15546976443
15546976452
15546976459
15546976481
15546976504
15546976521
15546976557
15546976564
15546976571
15546976573
15546976581
15546976592
15546976647
15546976704
15546976724
15546976744
15546976781
15546976794
15546976835
15546976847
15546976853
15546976871
15546976893
15546977034
15546977143
15546977145
15546977146
15546977153
15546977315
15546977319
15546977334
15546977341
15546977349
15546977365
15546977374
15546977394
15546977402
15546977453
15546977465
15546977467
15546977485
15546977491
15546977524
15546977541
15546977597
15546977610
15546977621
15546977631
15546977641
15546977647
15546977801
15546977843
15546977845
15546977854
15546977857
15546977951
15546977984
15546978021
15546978031
15546978034
15546978037
15546978044
15546978064
15546978094
15546978107
15546978137
15546978143
15546978167
15546978712
15546978732
15546978734
15546978735
15546978744
15546978749
15546978750
15546978795
15546978907
15546978913
15546978927
15546978930
15546978937
15546978944
15546978952
15546979016
15546979031
15546979041
15546979057
15546979065
15546979067
15546979072
15546979075
15546979101
15546979104
15546979124
15546979127
15546979132
15546979134
15546979136
15546979140
15546979143
15546979152
15546979154
15546979163
15546979164
15546979194
15546979327
15546979340
15546979341
15546979343
15546979361
15546979376
15546979403
15546979417
15546979424
15546979442
15546979504
15546979572
15546979574
15546979601
15546979624
15546979625
15546979653
15546979674
15546979840
15546979934
15546979946
15602790463
15602790482
15602790484
15602791542
15602791545
15602791735
15602792541
15602792570
15602792795
15602793140
15602793957
15602793974
15602795245
15602795329
15602795374
15602796024
15602796045
15602796481
15602796645
15602797021
15602797134
15602797641
15602797834
15602798204
15602798243
15602798640
15602798904
15602798946
15602798947
15602798974
15602799243
15602799324
15602799387
15602799404
15627950273
15627950937
15627953350
15627955632
15627957362
15627957527
15627957592
15627957807
15627957825
15627957829
15627957913
15697680352
15697680871
15697681506
15697681731
15697682857
15697683107
15697683297
15697688297
16607674035
16607674671
16676871593
16676873045
16676873163
16676873404
16676873447
16676875401
18607680024
18607680032
18607680083
18607680092
18607680165
18607680421
18607680853
18607680874
18607681204
18607682173
18607682421
18607682725
18607683178
18607683972
18607684028
18607684032
18607684135
18607684143
18607684244
18607684456
18607684576
18607684582
18607684591
18607684604
18607684612
18607684613
18607684614
18607684618
18607684624
18607684627
18607684631
18607684632
18607684635
18607684636
18607684639
18607684650
18607684652
18607684653
18607684656
18607684663
18607684665
18607684670
18607684674
18607684681
18607684692
18607684707
18607684712
18607684717
18607684718
18607684723
18607684748
18607684765
18607684770
18607684784
18607684785
18607684786
18607684787
18607684794
18607684796
18607684825
18607684827
18607684834
18607684837
18607684849
18607684861
18607684865
18607684882
18607684890
18607684896
18607684908
18607684910
18607684914
18607684918
18607684924
18607684932
18607684939
18607684969
18607684983
18607684984
18607684991
18607684993
18607685021
18607685038
18607685046
18607685052
18607685053
18607685065
18607685068
18607685072
18607685078
18607685082
18607685096
18607685102
18607685106
18607685112
18607685113
18607685127
18607685136
18607685139
18607685140
18607685145
18607685148
18607685156
18607685158
18607685162
18607685165
18607685182
18607685183
18607685193
18607685207
18607685214
18607685218
18607685223
18607685227
18607685238
18607685241
18607685242
18607685251
18607685256
18607685261
18607685262
18607685263
18607685271
18607685275
18607685276
18607685284
18607685287
18607685293
18607685294
18607685295
18607685301
18607685303
18607685305
18607685309
18607685310
18607685316
18607685318
18607685321
18607685325
18607685330
18607685339
18607685342
18607685343
18607685345
18607685346
18607685349
18676096357
18676098541
18676854324
18676854331
18676854341
18676854374
18676854407
18676854425
18676854470
18676854471
18676854479
18676854485
18676854504
18676854516
18676854536
18676854562
18676854582
18676854584
18676854693
18676854697
18676854705
18676854707
18676854715
18676854726
18676854732
18676854740
18676854763
18676854769
18676854771
18676854831
18676854841
18676854861
18676854893
18676854936
18676854937
18676854967
18676854980
18676854992
18676855048
18676855094
18676855146
18676855164
18676855184
18676855254
18676855344
18676855384
18676855402
18676855441
18676855450
18676855492
18676855748
18676855864
18676855934
18676855937
18676856044
18676856134
18676856194
18676856434
18676856436
18676856473
18676856624
18676856794
18676856974
18676857042
18676857224
18676857236
18676857242
18676857294
18676857436
18676857453
18676857454
18676857465
18676857540
18676857544
18676857608
18676857641
18676857745
18676857849
18676857943
18676858024
18676858040
18676858064
18676858242
18676858247
18676858340
18676858409
18676858410
18676858425
18676858496
18676858644
18676858740
18676858743
18676858749
18676858754
18676858942
18676858992
18676859145
18676859149
18676859204
18676859241
18676859364
18676859414
18676859432
18676859440
18676859447
18676859473
18676859475
18676859643
18676859784
18676859840
18676859971
18676859983