13018760445
13018761334
13018761534
13018761834
13018762475
13018762504
13018762524
13018762564
13018762614
13018762742
13018762743
13018762754
13018762843
13018762914
13018762945
13018762947
13018762954
13018763074
13018763084
13018763104
13018763124
13018763140
13018763146
13018763341
13018763406
13018763407
13018763423
13018763442
13018763473
13018763584
13018763640
13018763674
13018763714
13018763824
13018763854
13018763864
13018763942
13018763954
13018763974
13018764031
13018764053
13018764057
13018764124
13018764137
13018764153
13018764154
13018764164
13018764170
13018764174
13018764184
13018764204
13018764249
13018764263
13018764267
13018764274
13018764275
13018764284
13018764293
13018764307
13018764324
13018764351
13018764354
13018764374
13018764386
13018764402
13018764415
13018764416
13018764426
13018764459
13018764540
13018764614
13018764634
13018764652
13018764673
13018764735
13018764740
13018764756
13018764782
13018764825
13018764837
13018764842
13018764871
13018764873
13018764912
13018764917
13018764925
13018764932
13018764934
13018764956
13018765074
13018765084
13018765147
13018765174
13018765184
13018765274
13018765314
13018765324
13018765406
13018765446
13018765460
13018765461
13018765474
13018765496
13018765574
13018765594
13018765642
13018765724
13018765854
13018765894
13018765934
13018765942
13018765964
13018765974
13018766094
13018766140
13018766214
13018766242
13018766264
13018766284
13018766403
13018766418
13018766459
13018766549
13018766643
13018766942
13018767004
13018767014
13018767024
13018767141
13018767149
13018767154
13018767184
13018767214
13018767294
13018767304
13018767347
13018767430
13018767465
13018767481
13018767487
13018767724
13018767945
13018768014
13018768042
13018768094
13018768154
13018768204
13018768304
13018768343
13018768394
13018768402
13018768404
13018768410
13018768454
13018768467
13018768514
13018768541
13018768554
13018768594
13018768604
13018768634
13018768645
13018768746
13018768774
13018768914
13018768954
13018768964
13018768974
13018769004
13018769014
13018769024
13018769074
13018769084
13018769104
13018769242
13018769324
13018769401
13018769404
13018769405
13018769424
13018769426
13018769436
13018769437
13018769474
13018769481
13018769534
13018769541
13018769584
13018769594
13018769704
13018769743
13018769754
13018769864
13018769894
13018769914
13018769942
13068131242
13068131540
13068131634
13068131974
13068132245
13068132354
13068132413
13068132454
13068165113
13078620154
13078620254
13078620274
13078620341
13078620374
13078620416
13078620431
13078620445
13078620454
13078620642
13078620643
13078620644
13078620674
13078620754
13078620764
13078620894
13078621034
13078621041
13078621054
13078621064
13078621094
13078621244
13078621245
13078621394
13078621434
13078621436
13078621437
13078621462
13078621474
13078621476
13078621490
13078621493
13078621495
13078621542
13078621549
13078621584
13078621674
13078621694
13078621741
13078621754
13078621834
13078621864
13078621934
13078622046
13078622142
13078622342
13078622412
13078632194
13078632420
13078632804
13078633642
13078633945
13078634460
13078634534
13078634715
13078635354
13078635424
13078635764
13078636974
13078637354
13078639164
13078639546
13078650134
13078650432
13078650471
13078650734
13078651974
13078652104
13078661594
13078671874
13078672145
13078672406
13078672449
13078673994
13078674071
13078674147
13078674369
13078674613
13078674640
13078686541
13078689497
13078689847
13085860674
13085861934
13085862452
13085863414
13085864031
13085890147
13085891407
13085891463
13085892154
13085892364
13085892414
13085892754
13085892764
13112980964
13112981254
13129210284
13129210447
13129210452
13129210471
13129210544
13129210643
13129210754
13129212457
13129212740
13129213174
13129213497
13129213574
13129213674
13129213724
13129213947
13129213954
13129214047
13129214074
13129214150
13129214153
13129214156
13129214161
13129214162
13129214174
13129214182
13129214207
13129214231
13129214274
13129214294
13129214350
13129214351
13129214371
13129214394
13129214451
13129214470
13129214514
13129214517
13129214571
13129214624
13129214634
13129214635
13129214674
13129214685
13129214687
13129214705
13129214714
13129214742
13129214761
13129214764
13129214781
13129214824
13129214854
13129214934
13129215094
13129215245
13129221653
13129240390
13129240697
13129240793
13129241737
13129242167
13129242693
13129243573
13129245327
13129245760
13129246021
13129246801
13129247025
13129247051
13129247157
13129247565
13129247635
13129247901
13129248597
13129248632
13129248932
13129273847
13129274067
13129274115
13129274193
13129274472
13129274725
13129276450
13129276471
13129276491
13129277492
13129278451
13129279347
13129285974
13144032721
13144035732
13144035925
13144037015
13144037026
13144037050
13144037135
13144037170
13144037503
13144037639
13144037653
13144037702
13144037805
13144038029
13144038056
13144038185
13144038367
13144038513
13144038691
13144038781
13144038792
13144038795
13144039076
13144039151
13144039256
13144039307
13144039565
13144039625
13144039651
13144039680
13144039726
13144039750
13144039752
13144039753
13144039851
13144039891
13144041039
13144041529
13144041752
13144041896
13144042126
13144042157
13144042317
13144042587
13144042663
13144042670
13144042687
13144042736
13144042863
13144042865
13144042903
13144042953
13144043026
13148502039
13148502917
13148503859
13148505712
13148506389
13148510216
13148510275
13148510593
13148510628
13148510692
13148511293
13148511595
13148511673
13148518065
13148518252
13148518665
13148518697
13148518705
13148518913
13148518915
13148519025
13148519036
13148519056
13148519107
13148519132
13148519156
13148519267
13148519320
13148519572
13148519597
13148519629
13148519703
13148519708
13148519710
13148519713
13148519726
13148519735
13148519756
13148519763
13148521605
13148522573
13148526301
13148526359
13148526365
13148526931
13148526935
13148527057
13148527061
13148527067
13148527069
13148527102
13148527176
13148530931
13148531032
13148531037
13148537013
13148537231
13148537282
13148537350
13148537501
13148537509
13169301043
13169301241
13169301247
13169301409
13169301479
13169301481
13169301542
13169301547
13169301642
13169301647
13169301649
13169301842
13169302143
13169302147
13169302407
13169302742
13169303142
13169303402
13169303467
13169303471
13169303647
13169303847
13169304062
13169304073
13169304091
13169304182
13169304205
13169304262
13169304272
13169304331
13169304352
13169304387
13169304453
13169304470
13169304487
13169304509
13169331486
13169884205
13169885403
13169885643
13169887459
13178602934
13178609243
13178609847
13178624073
13178630274
13178630347
13178630427
13178630453
13178630574
13178630741
13178630794
13178630814
13178631349
13178631427
13178631435
13178631452
13178631493
13178631604
13178631845
13178631847
13178631854
13178631947
13178632044
13178632104
13178632194
13178632403
13178632485
13178632492
13178632494
13178632514
13178632524
13178632542
13178632546
13178632594
13178632642
13178632974
13178640532
13178641297
13178641601
13178641876
13178641953
13178642103
13178642109
13178642970
13178646702
13178647691
13178648712
13178648751
13178649753
13178660149
13189203440
13189212404
13189213740
13189214094
13189214364
13189214617
13189214874
13189214970
13189215904
13189216437
13189217094
13189217154
13189217480
13189218264
13189219437
13189239824
13189240119
13189240187
13189240257
13189240272
13189240285
13189240446
13189240553
13189240857
13189241032
13189241069
13189241275
13189241339
13189241340
13189241473
13189241561
13189241645
13189241716
13189241737
13189241740
13189241792
13189241793
13189241825
13189242316
13189242459
13189242536
13189242697
13189242730
13189242746
13189242847
13189242956
13189243102
13189243183
13189243203
13189243395
13189243421
13189243441
13189243472
13189243493
13189243645
13189243781
13189243807
13189243845
13189243849
13189243910
13189244246
13189244252
13189244257
13189244325
13189244340
13189244347
13189244579
13189244581
13189245160
13189245295
13189245296
13189245385
13189245629
13189245713
13189245726
13189245786
13189246170
13189246337
13189246791
13189246923
13189246930
13189247397
13189248035
13189248617
13189249273
13189249297
13189249323
13189249361
13189249507
13189249725
13189249783
13189267435
13189267824
13189269547
13189269574
13189269674
13189282414
13189283254
13189283474
13189283545
13189283574
13189283947
13189284162
13189284694
13189284743
13189284745
13189284749
13189284770
13189284825
13189284901
13189284902
13189284949
13189285254
13189285473
13189285614
13189285743
13189285794
13189285941
13189285974
13189286054
13189286174
13189286484
13189286549
13189287024
13189287043
13189287044
13189287049
13189287344
15502062487
15502064714
15502070436
15502071424
15502071462
15502074295
15502074539
15502096497
15502098472
15507616247
15507636312
15507640256
15507640257
15507640295
15507640351
15507640371
15507640591
15507640751
15507640963
15507641056
15507641305
15507641352
15507641380
15507641635
15507641657
15507641723
15507641735
15507641769
15507641872
15507641897
15507641925
15507642062
15507642063
15507642167
15507642326
15507642510
15507642561
15507642583
15507642616
15507642707
15507642756
15507642805
15507642905
15507642921
15507642972
15507643059
15507643065
15507643092
15507643195
15507643203
15507643205
15507643212
15507643237
15507643260
15507643271
15507643275
15507643290
15507643307
15507643597
15507643727
15507645032
15507645057
15507645073
15507646149
15507647249
15507647434
15507647683
15507647685
15507647697
15507647713
15507647721
15507647730
15507647736
15507647783
15507647801
15507647805
15507647807
15507647812
15507647813
15507647815
15507647816
15507647827
15507647829
15507647851
15507647862
15507647907
15507647923
15507647931
15507647953
15507647956
15507647961
15507647962
15507647964
15507647972
15507647982
15507647983
15507648036
15507648037
15507648057
15507648071
15507648072
15507648075
15507648103
15507648105
15507648125
15507648127
15507648150
15507648167
15507648171
15507648195
15507648231
15507648232
15507648235
15507648253
15507648270
15507648276
15507648301
15507648305
15507648307
15507648309
15507648356
15507648395
15507648461
15507648507
15507648517
15507648521
15507648531
15507648544
15507648572
15507648575
15507648612
15507648613
15507648625
15507648630
15507648637
15507648657
15507648703
15507648712
15507648713
15507648736
15507648750
15507648763
15507648775
15507648781
15507648913
15507648915
15507648923
15507648927
15507648937
15507648951
15507648959
15507648963
15507648976
15507649017
15507649027
15507649031
15507649050
15507649051
15507649065
15507649101
15507649106
15507649112
15507649157
15507649163
15507649206
15507649207
15507649213
15507649217
15507649226
15507649256
15507649260
15507649301
15507649315
15507649316
15507649327
15507649353
15507649370
15507649381
15507649387
15507649391
15507649503
15507649506
15507649509
15507649516
15507649517
15507649521
15507649525
15507649526
15507649536
15507649561
15507649563
15507649571
15507649573
15507649583
15507649585
15507649591
15507649610
15507649625
15507649661
15507649671
15507649672
15507649685
15507649692
15507649703
15507649705
15507649719
15507649727
15507649731
15507649732
15507649737
15507649752
15507649753
15507649760
15507649773
15507649782
15507649785
15507649791
15507650943
15507651429
15507652640
15507653224
15507653647
15507654503
15507658405
15507665904
15507670347
15507671547
15507672274
15507674413
15507674425
15521516447
15521518452
15521518744
15521518964
15521522046
15521524067
15521524394
15521525047
15521525413
15521525614
15521527241
15521527409
15521528144
15521528430
15521528644
15521529014
15521529415
15521534027
15521534072
15521539246
15521539249
15521540037
15521540159
15521540162
15521540196
15521540317
15521540391
15521540395
15521540514
15521540537
15521540554
15521540635
15521540725
15521540735
15521540763
15521540879
15521540951
15521540974
15521540975
15521541062
15521541063
15521541081
15521541093
15521541137
15521541256
15521541287
15521541292
15521541295
15521541503
15521541517
15521541536
15521541576
15521541595
15521541603
15521541637
15521541670
15521541693
15521541695
15521541702
15521541705
15521541720
15521541752
15521541826
15521541859
15521541870
15521541917
15521541921
15521541953
15521541957
15521541973
15521542067
15521542091
15521542106
15521542175
15521542287
15521542721
15521542870
15521542873
15521542875
15521542905
15521542917
15521542936
15521542976
15521543091
15521543102
15521543103
15521543106
15521543170
15521543207
15521543261
15521543287
15521543587
15521543629
15521543653
15521543692
15521543750
15521543827
15521543873
15521543875
15521543879
15521543893
15521543931
15521543957
15521544150
15521545173
15521545193
15521545272
15521545284
15521545306
15521545317
15521545357
15521545361
15521545362
15521545365
15521545371
15521545379
15521545391
15521545610
15521545703
15521545732
15521545873
15521545902
15521545926
15521545967
15521545975
15521546075
15521546171
15521546207
15521546250
15521546256
15521546302
15521546315
15521546351
15521546365
15521546513
15521546517
15521546530
15521546537
15521546595
15521546727
15521546759
15521546873
15521546970
15521546973
15521547021
15521547029
15521547057
15521547096
15521547101
15521547113
15521547156
15521547195
15521547231
15521547308
15521547331
15521547382
15521547391
15521547563
15521547582
15521547583
15521547650
15521547901
15521547927
15521547937
15521547972
15521547973
15521548061
15521548105
15521548153
15521548170
15521548217
15521548357
15521548387
15521548509
15521548612
15521548652
15521548671
15521548692
15521548750
15521548923
15521548931
15521548951
15521549017
15521549031
15521549057
15521549065
15521549072
15521549082
15521549093
15521549101
15521549132
15521549153
15521549156
15521549205
15521549231
15521549256
15521549265
15521549271
15521549272
15521549302
15521549309
15521549359
15521549375
15521549395
15521549563
15521549572
15521549573
15521549583
15521549602
15521549651
15521549682
15521549692
15521549713
15521549715
15521549720
15521549725
15521549732
15521549751
15521549791
15521549807
15521549857
15521549870
15521549872
15521549875
15521549895
15521576764
15521578240
15521580249
15521587341
15521594773
15521597647
15521730724
15521731482
15521732640
15521740127
15521740179
15521740231
15521740265
15521740312
15521740352
15521740372
15521740593
15521740673
15521740679
15521740787
15521740835
15521740857
15521740897
15521740905
15521740952
15521741035
15521741062
15521741063
15521741087
15521741096
15521741132
15521741137
15521741159
15521741172
15521741175
15521741207
15521741237
15521741253
15521741259
15521741267
15521741291
15521741293
15521741301
15521741302
15521741317
15521741332
15521741360
15521741375
15521741376
15521741392
15521741502
15521741526
15521741529
15521741569
15521741596
15521741607
15521741612
15521741620
15521741627
15521741651
15521741656
15521741657
15521741676
15521741679
15521741719
15521741732
15521741737
15521741738
15521741750
15521741753
15521741971
15521741983
15521742039
15521742053
15521742065
15521742069
15521742073
15521742089
15521742105
15521742135
15521742157
15521742163
15521742172
15521742189
15521742206
15521742297
15521742306
15521742307
15521742313
15521742315
15521742327
15521742360
15521742362
15521742371
15521742375
15521742381
15521742392
15521742501
15521742507
15521742517
15521742530
15521742532
15521742537
15521742563
15521742572
15521742609
15521742615
15521742637
15521742652
15521742697
15521742703
15521742710
15521742725
15521742782
15521742796
15521742801
15521742806
15521742835
15521742857
15521742872
15521742875
15521742895
15521742910
15521742917
15521742957
15521742963
15521743013
15521743017
15521743026
15521743057
15521743062
15521743079
15521743089
15521743091
15521743121
15521743135
15521743137
15521743165
15521743176
15521743180
15521743206
15521743207
15521743257
15521743261
15521743262
15521743263
15521743272
15521743273
15521743301
15521743350
15521743360
15521743369
15521743506
15521743551
15521743561
15521743572
15521743650
15521743656
15521743659
15521743671
15521743672
15521743681
15521743682
15521743697
15521743710
15521743723
15521743729
15521743731
15521743752
15521743753
15521743763
15521743781
15521743785
15521743787
15521743803
15521743810
15521743816
15521743817
15521743819
15521743820
15521743827
15521743830
15521743892
15521743905
15521743912
15521743913
15521743921
15521743971
15521743976
15521744602
15521744862
15521745015
15521745017
15521745039
15521745052
15521745060
15521745067
15521745092
15521745107
15521745121
15521745131
15521745132
15521745136
15521745152
15521745176
15521745197
15521745227
15521745269
15521745275
15521745276
15521745287
15521745302
15521745315
15521745317
15521745331
15521745352
15521745367
15521745373
15521745393
15521745395
15521745396
15521745519
15521745537
15521745562
15521745571
15521745607
15521745613
15521745615
15521745625
15521745626
15521745652
15521745661
15521745696
15521745697
15521745719
15521745727
15521745731
15521745761
15521745770
15521745773
15521745781
15521745786
15521745797
15521745802
15521745819
15521745820
15521745836
15521745856
15521745862
15521745871
15521745875
15521745907
15521745953
15521745970
15521745971
15521746056
15521746057
15521746064
15521746065
15521746071
15521746082
15521746087
15521746091
15521746092
15521746125
15521746129
15521746132
15521746163
15521746165
15521746170
15521746173
15521746176
15521746180
15521746187
15521746192
15521746207
15521746215
15521746232
15521746237
15521746250
15521746251
15521746253
15521746256
15521746261
15521746267
15521746271
15521746272
15521746275
15521746290
15521746291
15521746305
15521746307
15521746310
15521746312
15521746313
15521746317
15521746326
15521746332
15521746351
15521746356
15521746357
15521746362
15521746367
15521746372
15521746376
15521746380
15521746381
15521746382
15521746513
15521746515
15521746517
15521746519
15521746525
15521746527
15521746561
15521746575
15521746579
15521746592
15521746593
15521746613
15521746630
15521746631
15521746651
15521746657
15521746670
15521746671
15521746725
15521746729
15521746730
15521746731
15521746736
15521746751
15521746752
15521746772
15521746790
15521746793
15521746795
15521746807
15521746820
15521746821
15521746837
15521746850
15521746871
15521746901
15521746903
15521746910
15521746915
15521746916
15521746920
15521746921
15521746923
15521746927
15521746930
15521746931
15521746935
15521746936
15521746937
15521746972
15521746975
15521746976
15521746983
15521746986
15521747015
15521747019
15521747021
15521747023
15521747025
15521747026
15521747027
15521747029
15521747039
15521747053
15521747059
15521747063
15521747072
15521747075
15521747082
15521747086
15521747089
15521747093
15521747102
15521747103
15521747125
15521747132
15521747136
15521747137
15521747153
15521747159
15521747169
15521747175
15521747191
15521747193
15521747203
15521747210
15521747212
15521747213
15521747216
15521747220
15521747230
15521747236
15521747239
15521747251
15521747256
15521747281
15521747289
15521747291
15521747296
15521747305
15521747320
15521747325
15521747326
15521747335
15521747356
15521747358
15521747380
15521747391
15521747392
15521747516
15521747537
15521747552
15521747563
15521747569
15521747572
15521747582
15521747583
15521747590
15521747591
15521747601
15521747602
15521747609
15521747623
15521747630
15521747637
15521747652
15521747671
15521747683
15521747686
15521747706
15521747720
15521747729
15521747732
15521747753
15521747761
15521747791
15521747801
15521747805
15521747809
15521747812
15521747819
15521747820
15521747823
15521747830
15521747857
15521747867
15521747871
15521747872
15521747907
15521747915
15521747936
15521747951
15521747959
15521747960
15521747982
15521748013
15521748015
15521748035
15521748036
15521748039
15521748067
15521748071
15521748073
15521748087
15521748103
15521748106
15521748120
15521748121
15521748126
15521748127
15521748135
15521748157
15521748162
15521748165
15521748169
15521748175
15521748203
15521748206
15521748219
15521748231
15521748232
15521748256
15521748265
15521748269
15521748270
15521748276
15521748291
15521748305
15521748306
15521748310
15521748351
15521748356
15521748363
15521748365
15521748367
15521748372
15521748379
15521748387
15521748395
15521748397
15521748502
15521748506
15521748509
15521748512
15521748525
15521748562
15521748563
15521748569
15521748573
15521748579
15521748601
15521748603
15521748610
15521748612
15521748613
15521748615
15521748621
15521748653
15521748671
15521748672
15521748675
15521750471
15521750764
15521751464
15521752486
15521753374
15521753491
15521754062
15521754165
15521769341
15521774437
15521774602
15521774685
15521776347
15521782046
15521820467
15521821749
15521823747
15521824067
15521824460
15521824640
15521824647
15521824740
15521826154
15521826407
15521826445
15521827924
15521828540
15521829264
15521830941
15521831354
15521831945
15521832470
15521833174
15521833740
15521834013
15521834065
15521834091
15521840121
15521840165
15521840167
15521840697
15521840703
15521840732
15521840785
15521840820
15521840931
15521840965
15521841262
15521841291
15521841572
15521841637
15521841657
15521841729
15521841731
15521841790
15521842231
15521842370
15521842591
15521842791
15521842853
15521843015
15521843053
15521843065
15521843069
15521843072
15521843079
15521843085
15521843197
15521843295
15521843371
15521843592
15521843715
15521843717
15521843807
15521843873
15521843891
15521843912
15521843925
15521843952
15521843953
15521843972
15521845075
15521845101
15521845102
15521845126
15521845169
15521845250
15521845270
15521845293
15521845372
15521845512
15521845612
15521845617
15521845621
15521845682
15521845687
15521845725
15521845736
15521845923
15521845931
15521845973
15521846015
15521846025
15521846027
15521846057
15521846102
15521846156
15521846172
15521846195
15521846235
15521846251
15521846291
15521846302
15521846312
15521846337
15521846372
15521846525
15521846536
15521846561
15521846572
15521846592
15521846612
15521846701
15521846709
15521846719
15521846750
15521846751
15521846831
15521846921
15521846953
15521847059
15521847061
15521847137
15521847192
15521847252
15521847257
15521847261
15521847301
15521847310
15521847312
15521847351
15521847381
15521847395
15521847601
15521847612
15521847625
15521847653
15521847671
15521847721
15521847802
15521847829
15521847957
15521848217
15521848276
15521848659
15521848906
15521848910
15521848952
15521849052
15521849062
15521849106
15521849107
15521849125
15521849131
15521849135
15521849171
15521849172
15521849197
15521849276
15521849325
15521849375
15521849503
15521849507
15521849565
15521849572
15521849573
15521849652
15521849670
15521849672
15521849713
15521849763
15521849806
15521849836
15521859134
15521859164
15625321092
16675851464
16675852374
16675852441
16675852614
16675852740
16675852743
16675852940
16675864267
16675864314
16675864324
16675864354
16675864534
16675864650
16675864714
16675864724
16675864752
16675864754
16675864784
16675864834
16675864847
16675864894
16675865041
16675865247
16675866274
16675867294
16675867417
16675867541
16675868274
16675868304
16675868541
16675869014
16675869034
16675869417
16675869423
16675869424
16675869544
16675869641
16675870894
16675870974
16675874253
16675874254
16675874632
16675874784
16675874814
16675875084
16675875164
16675875304
16675876284
16675876440
16675879074
16675879243
16675879447
16675879461
16675892541
16675892564
16675892584
16675892641
16675892647
16675892674
16675892743
16675893034
16675893064
16675893074
16675893240
16675893254
16675893464
16675893480
16675893491
16675893495
16675893542
16675893594
16675893634
16675893641
16675893724
16675893824
16675893840
16675893874
16675893904
16675893947
16675893974
16675894027
16675894045
16675894061
16675894067
16675894071
16675894074
16675894084
16675894124
16675894151
16675894164
16675894181
16675894194
16675894195
16675894209
16675894245
16675894246
16675894247
16675894265
16675894274
16675894290
16675894294
16675894351
16675894352
16675894354
16675894371
16675894415
16675894453
16675894473
16675894503
16675894514
16675894517
16675894534
16675894571
16675894573
16675894614
16675894634
16675894651
16675894671
16675894674
16675894712
16675894714
16675894746
16675894753
16675894785
16675894841
16675894874
16675894901
16675894902
16675894954
16675895147
16675895149
16675895194
16675895314
16675895384
16675895435
16675895462
16675895473
16675895474
16675895574
16675895634
16675895734
16675895742
16675895824
16675895942
16675895974
16675896104
16675896140
16675896204
16675896340
16675896415
16675896417
16675896435
16675896450
16675896461
16675896504
16675896704
16675896741
16675896940
16675896943
16675897034
16675897045
16675897047
16675897142
16675897247
16675897249
16675897407
16675897415
16675897434
16675897436
16675897452
16675897546
16675897614
16675897641
16675897834
16675897841
16675897854
16675898054
16675898344
16676020184
16676020394
16676020447
16676020479
16676020541
16676020595
16676020643
16676020746
16676020894
16676020949
16676020974
16676021045
16676021049
16676021094
16676021147
16676021254
16676021274
16676021340
16676021374
16676021453
16676021465
16676021472
16676021493
16676021495
16676021497
16676021547
16676021574
16676021634
16676021641
16676021724
16676021754
16676021842
16676021874
16676022454
16676022457
16676022463
16676022464
16676023014
16676023064
16676023174
16676023214
16676023245
16676023274
16676023283
16676023484
16676023487
16676023574
16676023620
16676023640
16676023645
16676023647
16676023746
16676023843
16676023845
16676023847
16676023871
16676023924
16676023954
16676024034
16676024047
16676024057
16676024074
16676024105
16676024137
16676024173
16676024174
16676024184
16676024205
16676024207
16676024215
16676024254
16676024275
16676024281
16676024329
16676024347
16676024361
16676024384
16676024391
16676024419
16676024437
16676024461
16676024463
16676024467
16676024514
16676024540
16676024541
16676024573
16676024637
16676024702
16676024714
16676024732
16676024735
16676024764
16676024792
16676024793
16676024810
16676024826
16676024834
16676024841
16676024937
16676024945
16676024974
16676025604
16676025640
16676025643
16676025746
16676025764
16676025774
16676025846
16676025847
16676025854
16676025941
16676027154
16676027184
16676027247
16676027294
16676027304
16676027340
16676027394
16676027454
16676027491
16676027541
16676027574
16676027649
16676040254
16676040745
16676041045
16676041054
16676041084
16676041147
16676041294
16676041347
16676041402
16676041450
16676041472
16676041496
16676041497
16676041549
16676041574
16676041604
16676041654
16676041754
16676041794
16676041845
16676041846
16676041847
16676041934
16676041942
16676042074
16676042140
16676042154
16676042164
16676042249
16676042254
16676042314
16676042317
16676042341
16676042374
16676042451
16676042453
16676042465
16676042470
16676042471
16676042481
16676042487
16676042491
16676042564
16676042614
16676042634
16676042646
16676042647
16676042654
16676042714
16676042740
16676042746
16676042804
16676042837
16676042934
16676042943
16676042954
16676043067
16676043104
16676043124
16676043140
16676043147
16676043172
16676043243
16676043246
16676043247
16676043271
16676043274
16676043284
16676043452
16676043460
16676043476
16676043493
16676043514
16676043541
16676043547
16676043549
16676043564
16676043574
16676043684
16676043725
16676043745
16676043752
16676043840
16676043847
16676043849
16676043851
16676043854
16676043871
16676043874
16676043914
16676043932
16676043942
16676043943
16676043951
16676044084
16676044154
16676044187
16676044237
16676044247
16676044254
16676044267
16676044271
16676044574
16676044583
16676044591
16676044685
16676044695
16676044709
16676044731
16676044734
16676044785
16676044807
16676044864
16676044932
16676044957
16676044975
16676045047
16676045082
16676045142
16676045143
16676045170
16676045192
16676045194
16676045243
16676045247
16676045341
16676045412
16676045421
16676045471
16676045479
16676045514
16676045574
16676045621
16676045792
16676045841
16676045894
16676045904
16676045941
16676045942
16676045943
16676045962
16676045974
16676045983
16676046073
16676046094
16676046143
16676046149
16676046304
16676046341
16676046342
16676046344
16676046374
16676046425
16676046434
16676046483
16676046514
16676046517
16676046542
16676046753
16676046851
16676046874
16676046947
16676047014
16676047052
16676047143
16676047145
16676047149
16676047250
16676047387
16676047419
16676047421
16676047424
16676047427
16676047439
16676047449
16676047453
16676047540
16676047565
16676047694
16676047841
16676047914
16676047934
16676047942
16676047951
16676047964
16676048034
16676048041
16676048141
16676048145
16676048146
16676048164
16676048251
16676048334
16676048415
16676048425
16676048427
16676048459
16676048534
16676048614
16676048645
16676048704
16676048721
16676048741
16676048747
16676048914
16676048974
16676049042
16676049137
16676049140
16676049147
16676049243
16676049274
16676049284
16676049340
16676049342
16676049346
16676049354
16676049407
16676049437
16676049458
16676049462
16676049463
16676049475
16676049483
16676049503
16676049514
16676049542
16676049742
16676049745
16676049754
16676049847
16676054104
16676054139
16676054159
16676054171
16676054207
16676054214
16676054219
16676054284
16676054291
16676054304
16676054357
16676054374
16676054394
16676054425
16676054457
16676054484
16676054519
16676054573
16676054584
16676054612
16676054675
16676054734
16676054742
16676054743
16676054790
16676054794
16676054807
16676054870
16676054874
16676054914
16676054924
16676054941
16676054964
16676054971
16676055241
16676055493
16676055847
16676056241
16676056244
16676056294
16676056324
16676056394
16676056423
16676056474
16676056514
16676056547
16676056814
16676056914
16676057024
16676057041
16676057042
16676057084
16676057154
16676057164
16676057174
16676057214
16676057254
16676057264
16676057344
16676057354
16676057394
16676057423
16676057439
16676057441
16676057453
16676057454
16676057461
16676057471
16676057497
16676057541
16676057594
16676057794
16676057843
16676057854
16676057914
16676057941
16676058034
16676058054
16676058124
16676058143
16676058174
16676058204
16676058247
16676058354
16676058401
16676058414
16676058417
16676058424
16676058435
16676058461
16676058467
16676058470
16676058471
16676058472
16676058674
16676058749
16676058754
16676058794
16676058944
16676059014
16676059154
16676059254
16676059354
16676059384
16676059423
16676059427
16676059434
16676059471
16676059474
16676059484
16676059574
16676059674
16676059764
16676059844
17666364894
17666476594
17666482417
17666484687
17688102420
17688108024
17688123745
17688130439
17688134013
17688134263
17688134371
17688134474
17688134714
17688134763
17688135264
17688135394
17688135824
17688135924
17688136794
17688137324
17688147049
18576019114
18576044143
18576044915
18576045174
18576045844
18576047210
18576047597
18576094301
18576094432
18576094476
18576269474
18664417639
18664417915
18664417937
18664423750
18664423791
18664423952
18664471853
18664471891
18664471903
18664471970
18664472063
18664472096
18675393610
18676020367
18676020937
18676021671
18676023785
18676031729
18676031732
18676031735
18676032710
18676032952
18676103702
18676103712
18676103716
18676140731
18676150967
18676151053
18676151062
18676153291
18676153761
18676402607
18676402685
18676402715
18676402751
18676402795
18676402850
18676402905
18676402907
18676402917
18676402953
18676402957
18676402970
18676403015
18676403017
18676403053
18676407753
18676407795
18676407819
18676407853
18676407875
18676407921
18676407923
18676407937
18676407952
18676408037
18676408092
18676408127
18676408153
18676408157
18676408162
18676408165
18676408167
18676408192
18676408206
18676408231
18676408253
18676408259
18676408275
18680153376
18680153675
18680153703
18680153710
18680153763
18680157261
18680157295
18689353671
18689355261
18689373952
18689375130
18689375913
26752062774
32344407311
60235758065
91927564101