13006710951
13058304357
13058307343
13058307694
13068614674
13068618643
13078104367
13078104794
13078106437
13078172640
13078179264
13078180434
13078196497
13078196841
13078197194
13078199467
13112752706
13112763832
13202356957
13202372474
13202373849
13202379340
13202379573
13202380742
13202382541
13202384125
13202384759
13202384974
13202386341
13202386497
13202387407
13202387604
13202387743
13202387944
13202387964
13202388074
13202389340
13202389354
13202389544
13202389574
13202390294
13202390742
13202390784
13202390949
13202391274
13202391947
13202391963
13202392241
13202393149
13202393470
13202393472
13202394023
13202394084
13202394107
13202394305
13202394461
13202394502
13202394570
13202394694
13202394762
13202394904
13202394967
13202395374
13202395384
13202395446
13202395634
13202395874
13202395984
13202396249
13202396294
13202396347
13202396414
13202396431
13202396437
13202396454
13202396472
13202396473
13202396524
13202396544
13202396793
13202396942
13202397054
13202397140
13202397417
13202397442
13202397451
13202397494
13202398041
13202398194
13202398241
13202398421
13202398471
13202398574
13202398694
13202399824
13202400504
13202401473
13202401534
13202401729
13202807097
13202807483
13226701471
13226703427
13226703784
13226707487
13226971746
13226971785
13226973746
13288372071
13288372591
15602562141
15602562174
15602562314
15602562534
15602562547
15602562604
15602562964
15602563401
15602563441
15602563461
15602563473
15602563504
15602563584
15602563624
15602563740
15602563744
15602563842
15602563854
15602563947
15602564135
15602564159
15602564192
15602564193
15602564307
15602564374
15602564395
15602564421
15602564431
15602564537
15602564591
15602564673
15602564674
15602564710
15602564767
15602564783
15602564867
15602564907
15602564930
15602564935
15602564974
15602565043
15602565153
15602565174
15602565274
15602565340
15602565347
15602565374
15602565401
15602565440
15602565740
15602565941
15602566194
15602566274
15602566394
15602566475
15602566534
15602566742
15602566834
15602567094
15602567245
15602567405
15602567434
15602567439
15602567460
15602567493
15602568247
15602568461
15602568467
15602568642
15602568704
15602568741
15602569134
15602569437
15602569541
15602569641
15602569647
15602569784
15602832437
15602832714
15602836427
15602837404
15602842041
15602843164
15602843974
15602845871
15602852957
15602853227
15602853479
15602855131
15602855243
15602855731
15602856074
15602857043
15602857090
15602857643
15602858167
15602858170
15602858459
15602859129
15602859370
15602859674
15625400194
15625400571
15625400853
15625400893
15625400932
15625400935
15625400953
15625401065
15625401157
15625401259
15625401262
15625401276
15625401291
15625401297
15625401301
15625401305
15625401365
15625401375
15625401392
15625401429
15625401432
15625401501
15625401529
15625401570
15625401583
15625401592
15625401621
15625401627
15625401629
15625401650
15625401675
15625401693
15625401735
15625401744
15625401775
15625401852
15625401891
15625401932
15625401937
15625401961
15625402051
15625402061
15625402137
15625402164
15625402237
15625402254
15625402372
15625402375
15625402394
15625402397
15625402414
15625402417
15625402437
15625402450
15625402453
15625402470
15625402473
15625402474
15625402541
15625402573
15625402593
15625402645
15625402652
15625402691
15625402737
15625402752
15625402764
15625402792
15625402897
15625402903
15625403014
15625403047
15625403054
15625403125
15625403145
15625403192
15625403195
15625403239
15625403401
15625403527
15625403544
15625403562
15625403597
15625403604
15625403684
15625403723
15625403725
15625403729
15625403732
15625403824
15625403850
15625403971
15625403976
15625404124
15625404125
15625404249
15625404271
15625404385
15625404464
15625404495
15625404532
15625404572
15625404603
15625404617
15625404643
15625404673
15625404694
15625404745
15625404759
15625404796
15625404824
15625404904
15625404953
15625405031
15625405041
15625405124
15625405161
15625405196
15625405265
15625405324
15625405367
15625405394
15625405490
15625405564
15625405592
15625405607
15625405713
15625405741
15625405744
15625405749
15625405751
15625405763
15625405764
15625405807
15625405814
15625405837
15625405874
15625405894
15625405904
15625405913
15625405914
15625405943
15625406051
15625406109
15625406124
15625406132
15625406153
15625406335
15625406393
15625406404
15625406517
15625406587
15625406715
15625406729
15625406731
15625406850
15625406952
15625407044
15625407087
15625407140
15625407154
15625407164
15625407244
15625407253
15625407340
15625407342
15625407347
15625407364
15625407384
15625407423
15625407434
15625407552
15625407617
15625407647
15625407879
15625407960
15625408039
15625408049
15625408093
15625408107
15625408121
15625408164
15625408176
15625408194
15625408273
15625408340
15625408341
15625408343
15625408394
15625408432
15625408467
15625408517
15625408650
15625408659
15625408670
15625408790
15625408944
15625409015
15625409037
15625409142
15625409173
15625409312
15625409327
15625409454
15625409525
15625409544
15625409614
15625409631
15625409654
15625409694
15625409702
15625409724
15625409734
15625409753
15625409827
15625409831
15625409956
15625490452
15625490631
15625490741
15625493573
15625493774
15625494403
15625494621
15625494721
15625495640
15625497340
15625497421
15625497843
15625498045
15625498245
15625498904
15625901430
15625904514
15625905475
15625906450
15625906795
15625910243
15625911374
15625911427
15625911904
15625912051
15625912143
15625912145
15625912740
15625912834
15625912971
15625913449
15625913574
15625913649
15625913740
15625914071
15625914097
15625914103
15625914172
15625914267
15625914389
15625914735
15625914814
15625914831
15625914854
15625915042
15625915364
15625915824
15625915834
15625916484
15625917845
15625917964
15625918067
15625918334
15625918437
15625918974
15625919074
15625919602
15625919765
15625919804
15625931064
15625931244
15625931447
15625931654
15625931794
15625932134
15625932145
15625932147
15625932164
15625932174
15625932184
15625932449
15625932462
15625932473
15625932474
15625932487
15625932604
15625932743
15625932754
15625932764
15625932784
15625933564
15625933742
15625934609
15625934637
15625934851
15625934867
15625935145
15625935427
15625935429
15625935434
15625935460
15625935483
15625935704
15625935864
15625936043
15625936044
15625936104
15625936143
15625936241
15625936251
15625936274
15625936437
15625936457
15625936472
15625936497
15625936594
15625937224
15625937242
15625937245
15625937247
15625937314
15625937354
15625937414
15625937430
15625937435
15625937494
15625937524
15625937534
15625937549
15625937724
15625937745
15625937804
15625937834
15625937864
15625937984
15625938143
15625938145
15625938164
15625938247
15625938524
15625938534
15625938564
15625938714
15625938904
15625938934
15625938974
15625939634
15625939641
15625939724
15625939745
15625939842
15625939854
15625980342
15625980347
15625980461
15625980467
15625980474
15625980534
15625980542
15625980749
15625980784
15625980841
15625980874
15625981324
15625981364
15625981467
15625981484
15625981487
15625981542
15625981794
15625981943
15625982104
15625982140
15625982344
15625982401
15625982459
15625982485
15625982547
15625982604
15625982640
15625982944
15625982954
15625983041
15625983047
15625983094
15625983274
15625983374
15625983407
15625983464
15625983604
15625983684
15625983740
15625983894
15625983940
15625984063
15625984097
15625984127
15625984157
15625984164
15625984170
15625984172
15625984197
15625984251
15625984304
15625984310
15625984374
15625984479
15625984534
15625984624
15625984694
15625984714
15625984753
15625984835
15625984874
15625984914
15625984964
15625985047
15625985174
15625985434
15625985471
15625985914
15625986043
15625986214
15625986247
15625986274
15625986412
15625986454
15625986541
15625986547
15625986740
15625986974
15625987041
15625987043
15625987064
15625987140
15625987401
15625987442
15625987453
15625987542
15625987564
15625988142
15625988474
15625988492
15625988534
15625988674
15625988742
15625989074
15625989249
15625989274
15625989314
15625989364
15625989424
15625989452
15625989704
15625989745
15627201374
15627201493
15627201647
15627201674
15627202674
15627203492
15627203507
15627203574
15627203642
15627203724
15627204104
15627204124
15627204153
15627204217
15627204237
15627204257
15627204363
15627204572
15627204624
15627204659
15627204674
15627204754
15627204787
15627204924
15627205104
15627205364
15627205743
15627205924
15627205947
15627206431
15627206435
15627206942
15627207401
15627207462
15627207492
15627207524
15627207634
15627207647
15627208149
15627208174
15627208493
15627208734
15627208743
15627208945
15627209054
15627209334
15627209485
15627209541
15627209645
15627209742
15627210435
15627210741
15627210841
15627210934
15627210941
15627210964
15627212864
15627213074
15627213264
15627213490
15627213645
15627213924
15627213954
15627213964
15627214064
15627214367
15627214537
15627214587
15627214764
15627214874
15627214925
15627215045
15627215174
15627215274
15627215284
15627215490
15627215492
15627216249
15627216574
15627216847
15627217405
15627217440
15627217441
15627217834
15627217934
15627218534
15627218640
15627218734
15627219047
15627219674
15627219834
15627260585
15627260865
15627262590
15627263580
15627263627
15627263791
15627263897
15627263971
15627265271
15627265371
15627265391
15627265395
15627267029
15627267297
15627267392
15627267501
15627267509
15627267610
15627700594
15627702674
15627702845
15627702964
15627703504
15627703549
15627703724
15627703864
15627703984
15627704821
15627704835
15627704895
15627704925
15627704927
15627705042
15627705045
15627705140
15627705184
15627705224
15627705241
15627705347
15627705374
15627705419
15627705437
15627705473
15627705482
15627705584
15627705624
15627705794
15627705804
15627705847
15627705924
15627705941
15627706142
15627706143
15627706340
15627706407
15627706412
15627706429
15627706430
15627706432
15627706745
15627706844
15627706945
15627706974
15627706984
15627707045
15627707427
15627707842
15627708245
15627708249
15627708254
15627708343
15627708349
15627708364
15627708403
15627708407
15627708419
15627708421
15627708423
15627708432
15627708442
15627708461
15627708475
15627708534
15627708547
15627708564
15627708724
15627708749
15627708754
15627708904
15627708949
15627709042
15627709044
15627709045
15627709124
15627709245
15627709354
15627709374
15627709384
15627709415
15627709417
15627709430
15627709434
15627709445
15627709462
15627709474
15627709514
15627709642
15627709644
15627709649
15627709674
15627709814
15627709824
15627709847
15627709864
15627730074
15627730544
15627730894
15627731244
15627731395
15627731405
15627731409
15627731424
15627731454
15627731461
15627731462
15627731653
15627731801
15627731962
15627732095
15627732140
15627732145
15627732404
15627732415
15627732435
15627733612
15627733879
15627734087
15627734431
15627734432
15627734517
15627734524
15627734571
15627734593
15627734610
15627734613
15627734634
15627734683
15627734702
15627734704
15627734712
15627734731
15627734760
15627734803
15627734854
15627734874
15627734895
15627734903
15627734914
15627734950
15627734954
15627734973
15627735244
15627735527
15627735744
15627736121
15627736204
15627736214
15627736391
15627736417
15627736445
15627736474
15627736704
15627736725
15627736734
15627736835
15627736879
15627736892
15627736913
15627736972
15627737021
15627737054
15627737084
15627737131
15627737163
15627737194
15627737204
15627737252
15627737259
15627737265
15627737361
15627737453
15627737532
15627737652
15627737862
15627737869
15627737982
15627738025
15627738095
15627738260
15627738275
15627738291
15627738307
15627738364
15627738405
15627738419
15627738421
15627738454
15627738463
15627738492
15627738497
15627738501
15627738504
15627738542
15627738571
15627738590
15627738594
15627738607
15627738614
15627738634
15627738720
15627738734
15627738797
15627738953
15627739010
15627739052
15627739065
15627739069
15627739141
15627739143
15627739149
15627739184
15627739241
15627739284
15627739341
15627739354
15627739401
15627739443
15627739457
15627739470
15627739472
15627739479
15627739484
15627739540
15627739541
15627739542
15627739554
15627739564
15627739574
15627739645
15627739654
15627739674
15627739704
15627739714
15627739742
15627739744
15627739754
15627739764
15627760145
15627760164
15627760174
15627760242
15627760245
15627760250
15627760262
15627780784
15627782642
15627799541
15692053257
16603021842
16698400173
16698400193
16698400273
16698400290
16698400294
16698400347
16698400362
16698400387
16698400394
16698400442
16698400452
16698400462
16698400465
16698400532
16698400541
16698400547
16698400557
16698400561
16698400564
16698400569
16698400571
16698400591
16698400594
16698400641
16698400671
16698400693
16698400697
16698400739
16698400741
16698400781
16698400837
16698400847
16698400854
16698400874
16698400895
16698400947
16698400974
16698401032
16698401035
16698401039
16698401041
16698401045
16698401049
16698401054
16698401063
16698401074
16698401075
16698401079
16698401097
16698401143
16698401154
16698401180
16698401195
16698401241
16698401243
16698401245
16698401247
16698401249
16698401250
16698401251
16698401253
16698401254
16698401265
16698401271
16698401281
16698401284
16698401289
16698401295
16698401304
16698401335
16698401343
16698401351
16698401354
16698401364
16698401374
16698401379
16698401384
16698401387
16698401394
16698401402
16698401421
16698401431
16698401432
16698401437
16698401439
16698401451
16698401452
16698401453
16698401454
16698401461
16698401462
16698401469
16698401470
16698401471
16698401475
16698401479
16698401483
16698401487
16698401489
16698401497
16698401503
16698401523
16698401531
16698401532
16698401539
16698401541
16698401544
16698401547
16698401560
16698401565
16698401571
16698401573
16698401574
16698401583
16698401585
16698401587
16698401591
16698401603
16698401604
16698401605
16698401607
16698401609
16698401624
16698401641
16698401651
16698401653
16698401675
16698401679
16698401692
16698401697
16698401703
16698401704
16698401705
16698401709
16698401724
16698401725
16698401731
16698401734
16698401735
16698401740
16698401743
16698401749
16698401751
16698401752
16698401757
16698401782
16698401784
16698401791
16698401792
16698401794
16698401803
16698401807
16698401834
16698401840
16698401842
16698401844
16698401845
16698401847
16698401849
16698401851
16698401854
16698401873
16698401903
16698401904
16698401930
16698401932
16698401934
16698401953
16698401967
16698401973
16698402041
16698402043
16698402062
16698402063
16698402067
16698402071
16698402074
16698402105
16698402107
16698402137
16698402143
16698402147
16698402157
16698402161
16698402162
16698402174
16698402175
16698402187
16698402197
16698402215
16698402231
16698402241
16698402264
16698402273
16698402281
16698402295
16698402301
16698402305
16698402309
16698402317
16698402349
16698402351
16698402361
16698402371
16698402379
16698402381
16698402385
16698402391
16698402407
16698402413
16698402415
16698402431
16698402439
16698402440
16698402443
16698402453
16698402461
16698402467
16698402469
16698402471
16698402481
16698402492
16698402501
16698402502
16698402507
16698402531
16698402532
16698402542
16698402547
16698402549
16698402550
16698402551
16698402554
16698402569
16698402571
16698402587
16698402591
16698402592
16698402601
16698402604
16698402605
16698402612
16698402634
16698402637
16698402642
16698402645
16698402649
16698402653
16698402654
16698402671
16698402672
16698402674
16698402695
16698402701
16698402704
16698402709
16698402715
16698402731
16698402732
16698402742
16698402744
16698402749
16698402754
16698402763
16698402764
16698402782
16698402783
16698402784
16698402793
16698402794
16698402832
16698402834
16698402837
16698402839
16698402840
16698402842
16698402843
16698402844
16698402849
16698402853
16698402854
16698402875
16698402894
16698402897
16698402902
16698402903
16698402905
16698402914
16698402930
16698402931
16698402932
16698402941
16698402944
16698402945
16698402947
16698402953
16698402954
16698402957
16698402959
16698402961
16698402967
16698402970
16698402971
16698402972
16698402973
16698403014
16698403015
16698403017
16698403025
16698403027
16698403044
16698403051
16698403053
16698403057
16698403059
16698403065
16698403075
16698403079
16698403082
16698403094
16698403104
16698403107
16698403112
16698403124
16698403143
16698403147
16698403149
16698403152
16698403153
16698403159
16698403162
16698403167
16698403170
16698403171
16698403180
16698403192
16698403195
16698403197
16698403207
16698403217
16698403242
16698403243
16698403245
16698403247
16698403264
16698403270
16698403275
16698403291
16698403294
16698403295
16698403317
16698403341
16698403351
16698403374
16698403397
16698403410
16698403413
16698403415
16698403417
16698403419
16698403427
16698403447
16698403463
16698403469
16698403471
16698403473
16698403474
16698403481
16698403484
16698403497
16698403501
16698403503
16698403507
16698403509
16698403514
16698403515
16698403517
16698403519
16698403524
16698403547
16698403554
16698403561
16698403562
16698403569
16698403573
16698403574
16698403590
16698403591
16698403594
16698403614
16698403617
16698403621
16698403641
16698403642
16698403651
16698403652
16698403653
16698403654
16698403671
16698403675
16698403691
16698403704
16698403705
16698403725
16698403727
16698403729
16698403741
16698403743
16698403745
16698403751
16698403752
16698403754
16698403782
16698403783
16698403785
16698403790
16698403791
16698403797
16698403829
16698403854
16698403857
16698403861
16698403862
16698403863
16698403864
16698403865
16698403867
16698403873
16698403894
16698403897
16698403902
16698403903
16698403904
16698403907
16698403923
16698403924
16698403940
16698403942
16698403943
16698403945
16698403950
16698403953
16698403954
16698403962
16698403965
16698403969
16698403972
16698403973
16698403975
16698404059
16698404131
16698404135
16698404154
16698404161
16698404163
16698404165
16698404167
16698404174
16698404192
16698404195
16698404197
16698404201
16698404205
16698404230
16698404265
16698404267
16698404272
16698404279
16698404292
16698404293
16698404295
16698404297
16698404315
16698404327
16698404337
16698404352
16698404354
16698404359
16698404364
16698404370
16698404371
16698404372
16698404373
16698404379
16698404387
16698404393
16698404394
16698404395
16698404402
16698404421
16698404452
16698404453
16698404457
16698404461
16698404473
16698404479
16698404492
16698404503
16698404513
16698404517
16698404523
16698404527
16698404534
16698404537
16698404551
16698404572
16698404573
16698404584
16698404591
16698404612
16698404614
16698404617
16698404634
16698404635
16698404637
16698404651
16698404671
16698404674
16698404684
16698404693
16698404694
16698404709
16698404712
16698404713
16698404720
16698404729
16698404731
16698404734
16698404735
16698404739
16698404751
16698404752
16698404754
16698404759
16698404761
16698404763
16698404764
16698404765
16698404784
16698404791
16698404792
16698404793
16698404794
16698404795
16698404814
16698404837
16698404872
16698404875
16698404891
16698404894
16698404905
16698404914
16698404927
16698404931
16698404932
16698404935
16698404952
16698404954
16698404971
16698404974
16698404987
16698405021
16698405031
16698405041
16698405042
16698405047
16698405061
16698405064
16698405074
16698405084
16698405094
16698405097
16698405109
16698405117
16698405139
16698405145
16698405147
16698405163
16698405165
16698405171
16698405174
16698405192
16698405193
16698405195
16698405237
16698405239
16698405243
16698405271
16698405272
16698405274
16698405290
16698405293
16698405302
16698405304
16698405309
16698405324
16698405327
16698405340
16698405342
16698405349
16698405365
16698405372
16698405375
16698405379
16698405382
16698405394
16698405402
16698405412
16698405413
16698405415
16698405421
16698405424
16698405427
16698405435
16698405462
16698405465
16698405467
16698405473
16698405474
16698405475
16698405479
16698405491
16698405503
16698405537
16698405541
16698405547
16698405572
16698405584
16698405602
16698405603
16698405604
16698405605
16698405607
16698405614
16698405621
16698405625
16698405637
16698405641
16698405645
16698405674
16698405684
16698405691
16698405692
16698405694
16698405705
16698405713
16698405714
16698405719
16698405723
16698405724
16698405731
16698405732
16698405734
16698405743
16698405745
16698405747
16698405749
16698405762
16698405774
16698405781
16698405783
16698405784
16698405791
16698405792
16698405793
16698405804
16698405805
16698405807
16698405814
16698405821
16698405834
16698405837
16698405849
16698405873
16698405874
16698405879
16698405894
16698405901
16698405902
16698405904
16698405913
16698405914
16698405921
16698405924
16698405925
16698405927
16698405931
16698405932
16698405937
16698405942
16698405943
16698405945
16698405963
16698405964
16698405981
16698406013
16698406015
16698406024
16698406041
16698406053
16698406059
16698406074
16698406091
16698406092
16698406093
16698406103
16698406107
16698406134
16698406137
16698406141
16698406149
16698406152
16698406154
16698406172
16698406183
16698406192
16698406193
16698406202
16698406207
16698406210
16698406214
16698406215
16698406217
16698406230
16698406237
16698406241
16698406249
16698406253
16698406254
16698406259
16698406271
16698406273
16698406274
16698406280
16698406287
16698406291
16698406302
16698406317
16698406325
16698406340
16698406342
16698406343
16698406344
16698406347
16698406349
16698406352
16698406353
16698406354
16698406370
16698406379
16698406387
16698406391
16698406403
16698406405
16698406407
16698406419
16698406425
16698406431
16698406451
16698406453
16698406454
16698406472
16698406474
16698406484
16698406491
16698406493
16698406495
16698406512
16698406513
16698406514
16698406532
16698406537
16698406541
16698406549
16698406572
16698406573
16698406581
16698406582
16698406584
16698406591
16698406712
16698406713
16698406715
16698406723
16698406727
16698406731
16698406732
16698406734
16698406735
16698406741
16698406753
16698406759
16698406783
16698406784
16698406791
16698406795
16698406803
16698406805
16698406835
16698406841
16698406847
16698406851
16698406852
16698406853
16698406854
16698406873
16698406874
16698406891
16698406895
16698406897
16698406904
16698406920
16698406921
16698406927
16698406931
16698406932
16698406935
16698406941
16698406951
16698406954
16698406971
16698406972
16698406975
16698407015
16698407021
16698407034
16698407039
16698407053
16698407061
16698407064
16698407081
16698407091
16698407105
16698407125
16698407127
16698407132
16698407135
16698407142
16698407149
16698407153
16698407154
16698407161
16698407164
16698407167
16698407184
16698407191
16698407193
16698407194
16698407204
16698407205
16698407207
16698407215
16698407231
16698407234
16698407239
16698407241
16698407242
16698407243
16698407249
16698407254
16698407259
16698407261
16698407262
16698407264
16698407267
16698407284
16698407291
16698407295
16698407301
16698407302
16698407304
16698407315
16698407317
16698407344
16698407347
16698407350
16698407354
16698407357
16698407359
16698407360
16698407361
16698407364
16698407365
16698407367
16698407387
16698407402
16698407405
16698407410
16698407415
16698407419
16698407421
16698407424
16698407432
16698407435
16698407437
16698407439
16698407445
16698407451
16698407457
16698407459
16698407461
16698407462
16698407464
16698407469
16698407484
16698407490
16698407493
16698407503
16698407513
16698407514
16698407535
16698407537
16698407541
16698407544
16698407547
16698407551
16698407560
16698407561
16698407562
16698407563
16698407583
16698407584
16698407589
16698407591
16698407592
16698407601
16698407603
16698407604
16698407605
16698407612
16698407614
16698407615
16698407621
16698407624
16698407625
16698407632
16698407637
16698407644
16698407647
16698407649
16698407653
16698407657
16698407682
16698407685
16698407694
16698407704
16698407754
16698407763
16698407764
16698407804
16698407814
16698407824
16698407827
16698407831
16698407834
16698407842
16698407849
16698407851
16698407853
16698407857
16698407859
16698407864
16698407901
16698407904
16698407905
16698407914
16698407915
16698407927
16698407931
16698407932
16698407935
16698407937
16698407941
16698407942
16698407947
16698407953
16698407954
16698407960
16698407965
16698407967
16698407981
16698407984
16698407987
16698408019
16698408027
16698408034
16698408037
16698408053
16698408071
16698408109
16698408134
16698408135
16698408141
16698408143
16698408144
16698408153
16698408154
16698408157
16698408160
16698408165
16698408175
16698408194
16698408195
16698408214
16698408215
16698408237
16698408240
16698408243
16698408245
16698408251
16698408264
16698408265
16698408273
16698408274
16698408297
16698408302
16698408304
16698408305
16698408324
16698408325
16698408341
16698408351
16698408352
16698408354
16698408359
16698408364
16698408365
16698408370
16698408371
16698408372
16698408375
16698408395
16698408412
16698408417
16698408419
16698408424
16698408427
16698408429
16698408431
16698408437
16698408441
16698408449
16698408453
16698408463
16698408465
16698408470
16698408471
16698408473
16698408492
16698408495
16698408497
16698408504
16698408514
16698408517
16698408519
16698408527
16698408529
16698408531
16698408534
16698408541
16698408542
16698408544
16698408547
16698408557
16698408559
16698408562
16698408563
16698408573
16698408591
16698408593
16698408603
16698408604
16698408609
16698408614
16698408620
16698408624
16698408632
16698408634
16698408637
16698408640
16698408645
16698408647
16698408651
16698408654
16698408659
16698408670
16698408674
16698408692
16698408695
16698408697
16698408714
16698408715
16698408719
16698408721
16698408729
16698408732
16698408741
16698408753
16698408761
16698408763
16698408794
16698408795
16698408905
16698408912
16698408931
16698408935
16698408937
16698408941
16698408943
16698408954
16698408957
16698408964
16698408965
16698408974
16698409013
16698409017
16698409021
16698409025
16698409034
16698409041
16698409051
16698409053
16698409063
16698409067
16698409085
16698409087
16698409105
16698409112
16698409145
16698409147
16698409151
16698409157
16698409161
16698409163
16698409172
16698409173
16698409174
16698409184
16698409203
16698409205
16698409207
16698409210
16698409215
16698409225
16698409242
16698409244
16698409254
16698409257
16698409261
16698409262
16698409263
16698409264
16698409275
16698409302
16698409304
16698409305
16698409312
16698409317
16698409325
16698409327
16698409342
16698409343
16698409351
16698409354
16698409357
16698409365
16698409385
16698409387
16698409401
16698409412
16698409413
16698409425
16698409427
16698409434
16698409437
16698409441
16698409443
16698409447
16698409451
16698409452
16698409454
16698409462
16698409471
16698409473
16698409514
16698409531
16698409532
16698409543
16698409547
16698409572
16698409585
16698409605
16698409607
16698409617
16698409619
16698409631
16698409632
16698409642
16698409645
16698409650
16698409654
16698409657
16698409664
16698409673
16698409674
16698409675
16698409684
16698409702
16698409703
16698409704
16698409720
16698409723
16698409724
16698409732
16698409734
16698409735
16698409737
16698409740
16698409741
16698409743
16698409750
16698409754
16698409762
16698409767
16698409770
16698409775
16698409805
16698409823
16698409849
16698409950
16698409951
16698501437
16698501450
16698501524
16698501694
16698502370
16698502394
16698502443
16698502549
16698502674
16698502764
16698503024
16698503074
16698503140
16698503427
16698503462
16698503541
16698503741
16698504017
16698504053
16698504074
16698504154
16698504173
16698504254
16698504279
16698504301
16698504314
16698504375
16698504391
16698504461
16698504579
16698504632
16698504692
16698504724
16698504734
16698504751
16698504761
16698504794
16698504904
16698504927
16698504947
16698504954
16698505275
16698505412
16698505461
16698505491
16698505634
16698506141
16698506340
16698506435
16698506514
16698506574
16698506743
16698506754
16698506943
16698507204
16698507425
16698507441
16698507451
16698507632
16698507647
16698507842
16698507854
16698507914
16698508154
16698508254
16698508374
16698508542
16698508614
16698508947
16698509324
16698509341
16698509514
16698509628
16698510154
16698510454
16698510464
16698510534
16698510542
16698510644
16698510744
16698510754
16698510764
16698510834
16698510843
16698510867
16698510964
16698511274
16698511474
16698511947
16698512042
16698512047
16698512074
16698512094
16698512149
16698512427
16698512451
16698512497
16698512641
16698512743
16698512864
16698512940
16698512974
16698512984
16698513043
16698513480
16698513704
16698513734
16698513847
16698513854
16698514041
16698514246
16698514265
16698514329
16698514357
16698514375
16698514397
16698514507
16698514601
16698514602
16698514604
16698514607
16698514650
16698514672
16698514750
16698514784
16698514792
16698514835
16698514857
16698514897
16698514921
16698514934
16698514945
16698514967
16698515074
16698515324
16698515634
16698515741
16698515847
16698515941
16698515964
16698516124
16698516204
16698516214
16698516374
16698516417
16698516421
16698516425
16698516431
16698516542
16698516724
16698517024
16698517043
16698517264
16698517304
16698517364
16698517452
16698517454
16698517469
16698517472
16698517534
16698517584
16698517643
16698517649
16698517824
16698517984
16698518049
16698518243
16698518245
16698518247
16698518254
16698518415
16698518434
16698518734
16698519014
16698519064
16698519074
16698519347
16698519453
16698519470
16698519534
16698520483
16698521457
16698521464
16698521574
16698521594
16698521641
16698521645
16698521746
16698522064
16698522407
16698522470
16698522754
16698523147
16698523174
16698523294
16698523549
16698523584
16698523984
16698524027
16698524075
16698524094
16698524154
16698524193
16698524297
16698524357
16698524374
16698524381
16698524507
16698524534
16698524540
16698524583
16698524609
16698524614
16698524635
16698524654
16698524672
16698524741
16698524742
16698524754
16698524767
16698524804
16698524864
16698524875
16698524941
16698524942
16698524945
16698524957
16698525034
16698525724
16698525781
16698525843
16698525874
16698525904
16698526240
16698526274
16698526342
16698526404
16698526453
16698526473
16698526547
16698526734
16698526941
16698526974
16698527054
16698527354
16698527415
16698527435
16698527481
16698527904
16698527941
16698528045
16698528174
16698528437
16698528447
16698528457
16698528634
16698528640
16698528647
16698529047
16698529141
16698529143
16698529174
16698529264
16698529401
16698529425
16698529467
16698529704
16698529747
17606640749
17606640870
17606641494
17606641790
17606643247
17606643634
17606645247
17606646204
17606648769
17606652389
17606653783
17606658610
17606662175
17606672995
17606677082
17606678912
17620603051
17620603792
17620605715
17620607051
17620607967
17620608031
17620618374
17620621135
17620621437
17620621792
17620622507
17620622607
17620623713
17620623790
17620625479
17620625661
17620625981
17620626357
17620628075
17620628097
17620628379
17620628637
17620628673
17620629112
17620630149
17620630241
17620630254
17620631264
17620631295
17620631737
17620631824
17620632241
17620632314
17620632434
17620632657
17620632685
17620632964
17620634691
17620634814
17620635741
17620635905
17620635915
17620636510
17620636793
17620636934
17620637627
17620637934
17620638430
17620638550
17620638604
17620638697
17620638947
17620639271
17620639310
17620639761
17620649163
17620650781
17620652132
17620652383
17620652601
17620653704
17620656303
17620656927
17620657127
17620657427
17620657641
17620657753
17620657853
17620658331
17620658639
17620658964
17620659903
17620662971
17620670291
17620670471
17620670493
17620670951
17620671159
17620671539
17620671572
17620671650
17620671729
17620672144
17620672839
17620672842
17620673304
17620673614
17620673765
17620673794
17620673863
17620674063
17620674154
17620674175
17620674249
17620674479
17620674583
17620674814
17620674925
17620675060
17620675292
17620675441
17620675592
17620675607
17620675727
17620675837
17620675871
17620676240
17620676420
17620676484
17620676491
17620676507
17620676617
17620676895
17620676914
17620677391
17620678049
17620678179
17620679024
17620679051
17620679145
17620679502
17620679671
17620680037
17620681135
17620681379
17620681501
17620681671
17620681795
17620683225
17620683247
17620683293
17620685037
17620685109
17620685623
17620686257
17620688251
17620689062
17620689651
17620689653
17620690461
17620690482
17620693037
17620693432
17620694137
17620694194
17620694490
17620694505
17620694583
17620694850
17620694873
17620695142
17620695147
17620695340
17620695460
17620696440
17620696471
17620697236
17620697404
17620697432
17620698405
17620699415
17665603182
17665603252
17665603857
17665603972
17665606375
17665607105
17665607803
17665610371
17665611353
17665612283
17665612763
17665612765
17665613693
17665614013
17665616387
17665616713
17665617293
17665618731
17665620051
17665620174
17665630965
17665632073
17665632512
17665632709
17665633591
17665635370
17665635809
17665637267
17665638730
17665638791
17665644245
17665648346
17665653573
17665671275
17665671426
17665672301
17665672673
17665673182
17665675972
17665676359
17665678162
17665678261
17665679615
17665679723
17665679873
17665690174
17665690360
17665690652
17665690951
17665691375
17665691805
17665692674
17665693094
17665693157
17665693712
17665695637
17665697095
17665697805
17665698514
17665699751
17666152305
17666152582
17666152613
17666152793
17666153102
17666156351
17666159867
17666162197
17666167829
17666170135
17666173581
17666178253
17666179585
17666182235
17666186513
17666189452
17666189682
17666196023
17666197163
17688203762
17688203791
17688205673
17688206029
17688206371
17688206917
17688206973
17688207169
17688207253
17688211801
17688213697
17688215917
17688216020
17688216803
17688217097
17688231072
17688231459
17688232734
17688236537
17688237232
17688237730
17688238361
17688239340
17688240347
17688243407
17688244381
17688245410
17688245534
17688246075
17688246095
17688246359
17688246587
17688246701
17688246780
17688247561
17688247632
17688247843
17688247864
17688249344
17688249576
17688250352
17688251975
17688253785
17688257103
17688259702
17688259837
17688264806
17688270235
17688270795
17688271160
17688271432
17688272362
17688274264
17688274593
17688274675
17688274750
17688274893
17688275631
17688276439
17688276802
17688278473
17688278479
17688279653
17688280793
17688282391
17688283692
17688284501
17688285231
17688285792
17688291529
17688293271
17688293810
17688294257
17688294645
17688297395
18520902574
18520904674
18520908174
18520910269
18520910569
18520910853
18520911295
18520911780
18520911873
18520912072
18520912150
18520912634
18520912667
18520912775
18520912897
18520912902
18520912980
18520913163
18520913641
18520913853
18520913915
18520914524
18520914624
18520914943
18520915021
18520915097
18520916057
18520916215
18520916270
18520916337
18520916702
18520916772
18520916801
18520916820
18520917289
18520917623
18520917763
18520917859
18520917862
18520918167
18520918170
18520918230
18520918539
18520918697
18520918742
18520918797
18520918952
18520919371
18520919539
18520919750
18520920650
18520921097
18520921270
18520921561
18520921692
18520921732
18520922165
18520922539
18520922619
18520922967
18520923762
18520925072
18520925875
18520925927
18520926737
18520927095
18520927315
18520927961
18520928270
18520928357
18520928367
18520929571
18520929675
18520929765
18520929861
18520930194
18520930274
18520930895
18520931294
18520931461
18520931467
18520931494
18520931694
18520931742
18520931745
18520934064
18520934071
18520934104
18520934524
18520934540
18520934574
18520934631
18520934754
18520934914
18520935294
18520935304
18520935634
18520935764
18520935840
18520935864
18520936104
18520936241
18520936407
18520936704
18520936734
18520936740
18520937140
18520937204
18520937481
18520937491
18520937534
18520937542
18520937804
18520938147
18520938547
18520939514
18520939531
18520939542
18520939574
18520939644
18520939754
18520939847
18520940171
18520940645
18520940954
18520941405
18520941420
18520941467
18520941572
18520941749
18520941942
18520942372
18520942714
18520942974
18520943271
18520943497
18520943671
18520943714
18520943730
18520944019
18520944284
18520944364
18520944370
18520944704
18520944742
18520944954
18520945243
18520945274
18520945294
18520945347
18520945427
18520945474
18520945741
18520948247
18520950143
18520950467
18520951074
18520951405
18520951473
18520951524
18520951894
18520952457
18520952641
18520953470
18520953474
18520953492
18520953794
18520953847
18520954031
18520954261
18520954264
18520954487
18520956247
18520956439
18520957342
18520957841
18520958914
18520958954
18520960175
18520960197
18520960264
18520960372
18520960671
18520960795
18520961093
18520961643
18520961734
18520961943
18520962075
18520962081
18520962494
18520962650
18520962803
18520963017
18520963251
18520963572
18520963657
18520963841
18520964057
18520964304
18520965021
18520965037
18520965084
18520965192
18520965231
18520965425
18520965637
18520965892
18520965940
18520966157
18520966204
18520966271
18520966783
18520966957
18520966973
18520967247
18520967565
18520967584
18520967601
18520967603
18520967645
18520967732
18520967792
18520967809
18520967851
18520967951
18520967957
18520968237
18520968359
18520968544
18520968705
18520968741
18520968750
18520968759
18520968774
18520968951
18520969237
18520969552
18520969587
18520970231
18520970249
18520970543
18520970545
18520970574
18520970641
18520970893
18520971274
18520971382
18520971387
18520971421
18520971504
18520971673
18520971675
18520971701
18520971861
18520971934
18520972069
18520972235
18520972295
18520972374
18520972541
18520972670
18520972714
18520972732
18520972865
18520972969
18520973023
18520973074
18520973107
18520973112
18520973405
18520973472
18520973607
18520973614
18520973644
18520973753
18520973757
18520973820
18520973872
18520974190
18520974374
18520974537
18520974613
18520974674
18520974792
18520974951
18520975272
18520975364
18520975414
18520975802
18520975809
18520975845
18520975994
18520976095
18520976134
18520976179
18520976290
18520976325
18520976405
18520976584
18520976753
18520976871
18520977034
18520977127
18520977157
18520977501
18520977621
18520978047
18520978163
18520978262
18520978291
18520978295
18520978342
18520978362
18520978364
18520978637
18520978724
18520978902
18520978921
18520978942
18520979025
18520979142
18520979153
18520979171
18520979174
18520979210
18520979273
18520979465
18520980297
18520981045
18520981079
18520981501
18520981690
18520981703
18520981820
18520982061
18520982075
18520982109
18520982154
18520982164
18520982172
18520982315
18520982374
18520982651
18520982895
18520982910
18520983243
18520983261
18520983361
18520983563
18520983797
18520983903
18520983952
18520984544
18520984706
18520985241
18520985680
18520985713
18520985871
18520985937
18520985972
18520986194
18520986235
18520986271
18520986305
18520986352
18520986571
18520986575
18520986721
18520986731
18520986825
18520986957
18520987051
18520987153
18520987253
18520987340
18520987603
18520987612
18520987915
18520987925
18520988342
18520989570
18566010273
18566011494
18566011732
18566011752
18566012139
18566012597
18566012692
18566012801
18566012971
18566012987
18566013172
18566013561
18566013702
18566013825
18566015197
18566015307
18566015315
18566015615
18566015673
18566016031
18566017927
18566017967
18566018927
18566018950
18566019137
18566019257
18566021075
18566021634
18566021745
18566021841
18566022841
18566023350
18566023715
18566023871
18566025083
18566026583
18566027307
18566027513
18566027561
18566027739
18566027892
18566028073
18566028673
18566028704
18566029287
18566029381
18566032394
18566033705
18566034894
18566035325
18566036772
18566037687
18566039654
18566050132
18566051364
18566051427
18566051583
18566051964
18566052215
18566053104
18566053250
18566053513
18566053657
18566053759
18566053760
18566053791
18566053875
18566054157
18566054273
18566056417
18566056742
18566056952
18566056981
18566057250
18566057312
18566057329
18566057453
18566057539
18566057583
18566057619
18566057851
18566057923
18566057937
18566058053
18566058204
18566058293
18566058351
18566058532
18566058547
18566058635
18566058723
18566059124
18566059171
18566059267
18566059385
18566059612
18566059634
18566059637
18566059713
18566059750
18566070153
18566070537
18566070592
18566070642
18566071039
18566071132
18566071261
18566071723
18566071873
18566071920
18566071950
18566071967
18566072039
18566072057
18566072560
18566072594
18566072653
18566072690
18566072693
18566072695
18566072890
18566072903
18566072904
18566072964
18566073209
18566073261
18566073291
18566073727
18566074154
18566074264
18566074814
18566075223
18566075265
18566075295
18566075360
18566075390
18566075615
18566075637
18566075905
18566075940
18566076082
18566076171
18566076174
18566076331
18566076701
18566076719
18566076725
18566076952
18566077293
18566077407
18566077519
18566078101
18566078563
18566078973
18566079034
18566079235
18566079262
18566079335
18566079371
18566079374
18566079472
18566079581
18566079672
18566079754
18566080370
18566080594
18566080775
18566080957
18566081257
18566081365
18566081373
18566081420
18566081553
18566081571
18566081907
18566082065
18566082273
18566082361
18566082641
18566082642
18566082674
18566082693
18566083157
18566083424
18566083561
18566083617
18566084587
18566084673
18566084962
18566085237
18566085265
18566085605
18566086051
18566086207
18566086903
18566087315
18566087439
18566087451
18566087631
18566089102
18566089304
18566089359
18566089367
18566301307
18566301741
18566301751
18566301907
18566302067
18566302675
18566302763
18566303187
18566303283
18566303584
18566303602
18566305087
18566305092
18566305095
18566305341
18566305702
18566305791
18566305874
18566305879
18566305981
18566307063
18566307315
18566307527
18566309267
18566310942
18566312734
18566314814
18566315174
18566317954
18566320074
18566320142
18566320152
18566320195
18566320273
18566320437
18566320441
18566320485
18566320487
18566320597
18566320635
18566320651
18566320657
18566320742
18566320749
18566320753
18566320764
18566320961
18566320962
18566321142
18566321157
18566321165
18566321267
18566321274
18566321279
18566321291
18566321530
18566321590
18566321623
18566321627
18566321672
18566321731
18566321734
18566321735
18566321757
18566321835
18566321843
18566321905
18566321939
18566321952
18566321961
18566322174
18566322179
18566322190
18566322437
18566322537
18566322547
18566322670
18566322754
18566322845
18566323014
18566323019
18566323052
18566323057
18566323064
18566323067
18566323105
18566323124
18566323165
18566323384
18566323402
18566323414
18566323464
18566323491
18566323494
18566323501
18566323512
18566323513
18566323524
18566323584
18566323610
18566323670
18566323701
18566323714
18566323759
18566323879
18566323891
18566323952
18566324071
18566324107
18566324109
18566324167
18566324174
18566324181
18566324197
18566324207
18566324215
18566324237
18566324274
18566324339
18566324371
18566324384
18566324472
18566324524
18566324614
18566324651
18566324684
18566324704
18566324721
18566324734
18566324737
18566324754
18566324791
18566324803
18566324823
18566324893
18566324931
18566324974
18566324975
18566325024
18566325064
18566325085
18566325104
18566325107
18566325137
18566325147
18566325167
18566325192
18566325263
18566325365
18566325370
18566325483
18566325484
18566325605
18566325645
18566325697
18566325704
18566325709
18566325720
18566325730
18566325837
18566325861
18566325873
18566325891
18566325905
18566325907
18566325914
18566325920
18566325940
18566325971
18566325974
18566326051
18566326053
18566326054
18566326137
18566326139
18566326150
18566326157
18566326259
18566326287
18566326307
18566326312
18566326374
18566326391
18566326473
18566326534
18566326544
18566326573
18566326781
18566326794
18566326851
18566326852
18566326874
18566326932
18566326941
18566327015
18566327019
18566327031
18566327057
18566327083
18566327102
18566327121
18566327141
18566327235
18566327251
18566327261
18566327362
18566327403
18566327409
18566327442
18566327457
18566327467
18566327491
18566327497
18566327514
18566327539
18566327547
18566327580
18566327605
18566327651
18566327684
18566327695
18566327713
18566327754
18566327837
18566327841
18566327857
18566327861
18566327864
18566327932
18566327943
18566328091
18566328104
18566328145
18566328163
18566328173
18566328243
18566328275
18566328364
18566328394
18566328395
18566328472
18566328491
18566328714
18566328724
18566328725
18566328741
18566328753
18566328794
18566328795
18566328904
18566328935
18566328945
18566328961
18566329034
18566329057
18566329063
18566329135
18566329174
18566329213
18566329224
18566329235
18566329254
18566329275
18566329341
18566329347
18566329371
18566329403
18566329427
18566329450
18566329470
18566329517
18566329572
18566329621
18566329653
18566329754
18566329841
18566329844
18566329849
18566329864
18566340584
18566341934
18566342943
18566350674
18566351749
18566352834
18566352944
18566353842
18566357649
18566359274
18566367384
18566371840
18566372594
18566374324
18566374534
18566374674
18566375764
18566375864
18566377184
18566379461
18566379574
18566390344
18566397247
18566397403
18566397453
18566397524
18566402714
18566406354
18566407043
18566407854
18566409714
18566410247
18566430049
18566430145
18566430174
18566430184
18566430240
18566430243
18566430247
18566430293
18566430347
18566430374
18566430457
18566430461
18566430469
18566430472
18566430534
18566430541
18566430584
18566430597
18566430641
18566430642
18566430675
18566430745
18566430790
18566430849
18566430870
18566431074
18566431084
18566431094
18566431142
18566431174
18566431284
18566431291
18566431327
18566431354
18566431402
18566431407
18566431425
18566431435
18566431437
18566431439
18566431450
18566431452
18566431457
18566431459
18566431462
18566431465
18566431467
18566431475
18566431487
18566431504
18566431543
18566431584
18566431604
18566431647
18566431724
18566431754
18566431794
18566431847
18566431904
18566431934
18566432053
18566432065
18566432083
18566432114
18566432145
18566452874
18566453494
18566461247
18566463274
18566463904
18566497371
18566591384
18566860192
18566860253
18566860273
18566860367
18566860397
18566861509
18566861527
18566861569
18566861583
18566861625
18566861627
18566861637
18566861721
18566861725
18566861730
18566861731
18566861735
18566861782
18566861925
18566861935
18566861952
18566862053
18566862059
18566862087
18566862091
18566862173
18566862217
18566862307
18566862352
18566862375
18566862530
18566862557
18566862571
18566862587
18566862597
18566862695
18566862703
18566862709
18566862712
18566862732
18566862753
18566862783
18566862895
18566862935
18566862950
18566863017
18566863019
18566863051
18566863052
18566863059
18566863072
18566863075
18566863081
18566863091
18566863097
18566863107
18566863172
18566863197
18566863207
18566863271
18566863501
18566863617
18566863717
18566863851
18566863905
18566863927
18566863951
18566863952
18566863967
18566863972
18566865037
18566865039
18566865063
18566865071
18566865072
18566865073
18566865075
18566865137
18566865279
18566865309
18566865382
18566865705
18566865713
18566865715
18566865721
18566865731
18566865773
18566865782
18566865791
18566865792
18566865793
18566865807
18566865832
18566865907
18566865913
18566865937
18566865961
18566865971
18566865972
18566867062
18566867082
18566867092
18566867095
18566867192
18566867203
18566867235
18566867253
18566867263
18566867290
18566867297
18566867302
18566867307
18566867312
18566867325
18566867331
18566867357
18566867359
18566867361
18566867382
18566867395
18566867519
18566867523
18566867532
18566867563
18566867597
18566867627
18566867632
18566867635
18566867691
18566867693
18566867792
18566867927
18566867930
18566867937
18566868293
18566868735
18566868753
18566868763
18566869017
18566869021
18566869027
18566869072
18566869105
18566869107
18566869135
18566869157
18566869351
18566869361
18566869530
18566869562
18566869570
18566869572
18566869573
18566869657
18566869671
18566869673
18566869701
18566869751
18566869752
18575710294
18575710341
18575710474
18575714354
18575714970
18575718409
18575720341
18575720484
18575725239
18575730834
18575731174
18575731640
18575731694
18575732914
18575734610
18575735247
18575735274
18575735413
18575735487
18575736149
18575736842
18575738453
18575738564
18575738914
18575740561
18575741034
18575741271
18575742461
18575742547
18575742614
18575742834
18575743071
18575743604
18575743642
18575743684
18575744245
18575744251
18575744397
18575744592
18575744702
18575744954
18575745043
18575746405
18575746443
18575746834
18575748374
18575748794
18575749174
18575749465
18575749754
18575749814
18575781454
18575781645
18575784071
18575784204
18575784704
18575789034
18575850754
18575853417
18575853674
18575856214
18575872874
18575873147
18575874167
18575874674
18575876174
18575876417
18575876574
18576510354
18576510431
18576510457
18576510464
18576510754
18576510894
18576511294
18576511405
18576511464
18576512104
18576512504
18576512574
18576512924
18576513074
18576514064
18576514067
18576514072
18576514740
18576514764
18576514794
18576514843
18576515074
18576515841
18576516914
18576517143
18576517431
18576517434
18576517454
18576517614
18576518341
18576518407
18576519147
18576519424
18576519437
18576519457
18576530954
18576551724
18576551894
18576551934
18576552374
18576552964
18576553284
18576554074
18576554964
18576560147
18576560451
18576560649
18576560847
18576560947
18576561047
18576561784
18576562154
18576562407
18576562744
18576563064
18576563084
18576563841
18576563914
18576564194
18576564207
18576564274
18576564874
18576564914
18576568241
18576568524
18576568941
18576568974
18576569074
18576569461
18576570154
18576570242
18576570647
18576571064
18576571084
18576571244
18576571347
18576572264
18576572457
18576572472
18576573497
18576573604
18576574254
18576574294
18576574513
18576574597
18576574674
18576577684
18576578451
18576578624
18576579064
18576579244
18576579417
18576579514
18576579674
18576579704
18576579714
18576579724
18576589471
18576589473
18576590347
18576591464
18576591547
18576592064
18576592934
18576593047
18576593274
18576594674
18576594804
18576595294
18576595341
18576595434
18576595841
18576596241
18576596714
18576596974
18576597041
18576597402
18576597542
18576597614
18576599241
18578300381
18578300574
18578300769
18578300835
18578300857
18578300871
18578300970
18578301150
18578301297
18578301563
18578301705
18578301709
18578301760
18578301763
18578302291
18578302370
18578302605
18578302691
18578302697
18578302752
18578302791
18578302959
18578303061
18578303194
18578303272
18578303752
18578303753
18578303792
18578303872
18578303907
18578303924
18578303964
18578304673
18578304676
18578304702
18578304709
18578304761
18578304764
18578304794
18578304950
18578304954
18578304970
18578305014
18578305041
18578305047
18578305109
18578305112
18578305241
18578305294
18578305365
18578305406
18578305467
18578305634
18578305710
18578305797
18578305814
18578305865
18578305894
18578305934
18578305946
18578305961
18578305974
18578306013
18578306047
18578306071
18578306075
18578306104
18578306140
18578306154
18578306157
18578306224
18578306314
18578306414
18578306483
18578306514
18578306544
18578306652
18578306675
18578306679
18578306704
18578306712
18578306715
18578306754
18578306874
18578307014
18578307021
18578307143
18578307164
18578307325
18578307327
18578307359
18578307385
18578307410
18578307419
18578307443
18578307447
18578307534
18578307553
18578307580
18578307685
18578307690
18578307693
18578307834
18578307927
18578307944
18578307995
18578308074
18578308124
18578308162
18578308207
18578308504
18578308509
18578308512
18578308565
18578308572
18578308573
18578308645
18578308714
18578308724
18578308764
18578308924
18578309071
18578309125
18578309167
18578309203
18578309317
18578309347
18578309350
18578309367
18578309425
18578309467
18578309501
18578309564
18578309574
18578309647
18578309675
18578309707
18578309741
18578309761
18578309769
18578309787
18578309804
18578309805
18578309831
18578309854
18578309864
18578309951
18578310034
18578310063
18578310097
18578310137
18578310165
18578310191
18578310265
18578310271
18578310293
18578310294
18578310357
18578310384
18578310392
18578310437
18578310534
18578310540
18578310554
18578310559
18578310572
18578310595
18578310651
18578310662
18578310694
18578310735
18578310741
18578310750
18578310762
18578310791
18578310837
18578310843
18578310845
18578310849
18578310854
18578310865
18578310874
18578310879
18578310953
18578310965
18578310970
18578310975
18578310981
18578310997
18578311062
18578311067
18578311087
18578311257
18578311307
18578311497
18578311549
18578311571
18578311604
18578311623
18578311631
18578311674
18578311697
18578311721
18578311734
18578311741
18578311763
18578311781
18578311827
18578311853
18578311875
18578311902
18578311930
18578311937
18578312030
18578312050
18578312051
18578312054
18578312062
18578312091
18578312097
18578312137
18578312264
18578312307
18578312351
18578312367
18578312387
18578312393
18578312404
18578312415
18578312447
18578312467
18578312503
18578312510
18578312532
18578312563
18578312564
18578312573
18578312575
18578312632
18578312640
18578312674
18578312679
18578312693
18578312737
18578312871
18578312903
18578313017
18578313023
18578313042
18578313052
18578313057
18578313063
18578313074
18578313162
18578313167
18578313179
18578313201
18578313250
18578313253
18578313259
18578313270
18578313271
18578313279
18578313295
18578313365
18578313367
18578313402
18578313424
18578313453
18578313472
18578313505
18578313540
18578313607
18578313609
18578313650
18578313661
18578313675
18578313690
18578313701
18578313705
18578313759
18578313763
18578313772
18578313774
18578313850
18578313854
18578313872
18578313891
18578313910
18578313927
18578313941
18578313969
18578313971
18578313974
18578313995
18578314024
18578314035
18578314047
18578314057
18578314064
18578314073
18578314084
18578314087
18578314091
18578314094
18578314120
18578314237
18578314363
18578314364
18578314415
18578314453
18578314502
18578314514
18578314524
18578314573
18578314587
18578314621
18578314650
18578314673
18578314675
18578314684
18578314687
18578314701
18578314703
18578314732
18578314759
18578314765
18578314767
18578314784
18578314795
18578314802
18578314823
18578314874
18578314893
18578314901
18578314905
18578314952
18578314960
18578314964
18578315027
18578315031
18578315087
18578315172
18578315173
18578315194
18578315217
18578315247
18578315264
18578315289
18578315371
18578315383
18578315397
18578315435
18578315447
18578315487
18578315501
18578315504
18578315543
18578315572
18578315587
18578315590
18578315597
18578315615
18578315620
18578315624
18578315631
18578315632
18578315703
18578315719
18578315723
18578315743
18578315762
18578315783
18578315787
18578315794
18578315810
18578315813
18578315840
18578315864
18578315892
18578315895
18578315905
18578315935
18578315942
18578315943
18578315981
18578316013
18578316015
18578316023
18578316054
18578316071
18578316115
18578316117
18578316121
18578316125
18578316157
18578316175
18578316203
18578316217
18578316250
18578316252
18578316273
18578316275
18578316309
18578316342
18578316343
18578316352
18578316372
18578316379
18578316391
18578316395
18578316417
18578316437
18578316447
18578316514
18578316515
18578316582
18578316595
18578316625
18578316627
18578316707
18578316729
18578316731
18578316741
18578316745
18578316754
18578316795
18578316797
18578316871
18578316892
18578316902
18578316914
18578316931
18578316970
18578316971
18578316975
18578317014
18578317029
18578317037
18578317045
18578317083
18578317092
18578317094
18578317115
18578317124
18578317130
18578317160
18578317162
18578317203
18578317204
18578317210
18578317235
18578317241
18578317243
18578317264
18578317269
18578317282
18578317324
18578317362
18578317407
18578317415
18578317423
18578317443
18578317451
18578317453
18578317464
18578317483
18578317504
18578317514
18578317519
18578317525
18578317534
18578317552
18578317594
18578317614
18578317634
18578317635
18578317663
18578317682
18578317684
18578317685
18578317704
18578317723
18578317794
18578317802
18578317803
18578317814
18578317815
18578317864
18578317891
18578317903
18578317909
18578317912
18578317934
18578317940
18578317947
18578317949
18578317953
18578317961
18578317965
18578317967
18578317982
18578317983
18578318021
18578318063
18578318073
18578318075
18578318093
18578318105
18578318142
18578318145
18578318154
18578318162
18578318163
18578318205
18578318217
18578318225
18578318240
18578318292
18578318302
18578318304
18578318364
18578318365
18578318419
18578318425
18578318457
18578318474
18578318519
18578318564
18578318594
18578318651
18578318712
18578318715
18578318737
18578318745
18578318751
18578318763
18578318793
18578318795
18578318931
18578318967
18578318973
18578319017
18578319021
18578319030
18578319053
18578319073
18578319103
18578319130
18578319132
18578319160
18578319161
18578319179
18578319185
18578319207
18578319217
18578319241
18578319280
18578319287
18578319342
18578319352
18578319359
18578319361
18578319380
18578319382
18578319435
18578319540
18578319561
18578319563
18578319582
18578319603
18578319612
18578319620
18578319637
18578319650
18578319674
18578319704
18578319723
18578319724
18578319734
18578319737
18578319764
18578319765
18578319775
18578319813
18578319820
18578319832
18578319835
18578319851
18578319864
18578319921
18578319973
18578320042
18578320059
18578320141
18578320143
18578320165
18578320167
18578320237
18578320254
18578320274
18578320279
18578320285
18578320294
18578320341
18578320347
18578320349
18578320357
18578320391
18578320392
18578320457
18578320461
18578320482
18578320492
18578320494
18578320552
18578320553
18578320563
18578320571
18578320574
18578320583
18578320587
18578320593
18578320631
18578320632
18578320674
18578320754
18578320797
18578320839
18578320841
18578320847
18578320874
18578320897
18578320934
18578320935
18578320947
18578320953
18578320961
18578320964
18578320972
18578321041
18578321047
18578321049
18578321097
18578321137
18578321167
18578321193
18578321264
18578321274
18578321275
18578321295
18578321309
18578321347
18578321359
18578321403
18578321453
18578321454
18578321457
18578321460
18578321463
18578321480
18578321490
18578321502
18578321527
18578321531
18578321539
18578321541
18578321542
18578321547
18578321549
18578321562
18578321563
18578321564
18578321565
18578321592
18578321607
18578321657
18578321671
18578321692
18578321701
18578321702
18578321703
18578321704
18578321721
18578321729
18578321735
18578321743
18578321745
18578321751
18578321754
18578321762
18578321775
18578321781
18578321807
18578321841
18578321843
18578321942
18578321947
18578321954
18578321957
18578321972
18578322034
18578322047
18578322051
18578322064
18578322071
18578322109
18578322141
18578322152
18578322164
18578322182
18578322191
18578322359
18578322360
18578322372
18578322401
18578322403
18578322431
18578322434
18578322437
18578322472
18578322501
18578322534
18578322562
18578322570
18578322575
18578322593
18578322595
18578322597
18578322609
18578322634
18578322635
18578322640
18578322702
18578322751
18578322754
18578322764
18578322765
18578322837
18578322850
18578322857
18578322864
18578322865
18578322874
18578322934
18578322950
18578322952
18578322967
18578322981
18578323025
18578323029
18578323041
18578323049
18578323054
18578323062
18578323070
18578323072
18578323082
18578323083
18578323085
18578323093
18578323107
18578323109
18578323142
18578323152
18578323169
18578323189
18578323192
18578323195
18578323214
18578323270
18578323271
18578323295
18578323340
18578323351
18578323375
18578323404
18578323414
18578323461
18578323474
18578323504
18578323505
18578323513
18578323514
18578323524
18578323547
18578323560
18578323587
18578323597
18578323610
18578323641
18578323653
18578323665
18578323684
18578323697
18578323719
18578323740
18578323760
18578323772
18578323790
18578323795
18578323825
18578323827
18578323874
18578323875
18578324031
18578324062
18578324074
18578324075
18578324127
18578324139
18578324154
18578324163
18578324165
18578324167
18578324184
18578324187
18578324193
18578324204
18578324212
18578324214
18578324257
18578324259
18578324271
18578324350
18578324353
18578324374
18578324384
18578324385
18578324390
18578324435
18578324452
18578324453
18578324457
18578324463
18578324469
18578324490
18578324524
18578324535
18578324537
18578324571
18578324573
18578324574
18578324584
18578324617
18578324621
18578324657
18578324673
18578324692
18578324695
18578324714
18578324715
18578324717
18578324725
18578324750
18578324751
18578324771
18578324804
18578324807
18578324823
18578324825
18578324837
18578324852
18578324854
18578324857
18578324862
18578324903
18578324917
18578324924
18578324951
18578324952
18578324953
18578324964
18578324972
18578325014
18578325047
18578325049
18578325067
18578325074
18578325084
18578325092
18578325107
18578325121
18578325134
18578325141
18578325145
18578325170
18578325174
18578325217
18578325244
18578325261
18578325270
18578325275
18578325290
18578325301
18578325304
18578325317
18578325341
18578325344
18578325347
18578325349
18578325360
18578325369
18578325384
18578325395
18578325412
18578325417
18578325419
18578325460
18578325472
18578325485
18578325584
18578325604
18578325620
18578325623
18578325641
18578325661
18578325671
18578325674
18578325739
18578325760
18578325773
18578325791
18578325794
18578325795
18578325814
18578325817
18578325841
18578325844
18578325847
18578325860
18578325907
18578325910
18578325912
18578325914
18578325920
18578325934
18578325941
18578326013
18578326015
18578326027
18578326031
18578326047
18578326071
18578326075
18578326113
18578326137
18578326141
18578326147
18578326149
18578326225
18578326230
18578326241
18578326244
18578326271
18578326274
18578326294
18578326310
18578326317
18578326357
18578326384
18578326403
18578326404
18578326410
18578326417
18578326427
18578326434
18578326471
18578326505
18578326544
18578326557
18578326575
18578326582
18578326592
18578326607
18578326653
18578326691
18578326704
18578326734
18578326739
18578326751
18578326754
18578326757
18578326773
18578326774
18578326787
18578326794
18578326801
18578326807
18578326814
18578326823
18578326843
18578326852
18578326873
18578326891
18578326923
18578326925
18578326932
18578326947
18578326952
18578326954
18578327015
18578327020
18578327021
18578327045
18578327060
18578327067
18578327069
18578327083
18578327092
18578327129
18578327130
18578327157
18578327181
18578327191
18578327194
18578327205
18578327214
18578327240
18578327249
18578327281
18578327295
18578327314
18578327329
18578327334
18578327351
18578327359
18578327393
18578327402
18578327404
18578327409
18578327413
18578327420
18578327424
18578327431
18578327434
18578327439
18578327443
18578327451
18578327454
18578327464
18578327465
18578327481
18578327513
18578327525
18578327542
18578327549
18578327553
18578327562
18578327565
18578327593
18578327594
18578327607
18578327614
18578327694
18578327713
18578327714
18578327735
18578327739
18578327794
18578327803
18578327804
18578327805
18578327837
18578327840
18578327847
18578327849
18578327850
18578327864
18578327902
18578327917
18578327924
18578327941
18578327942
18578327957
18578327964
18578327967
18578328025
18578328029
18578328071
18578328095
18578328142
18578328204
18578328212
18578328254
18578328257
18578328262
18578328274
18578328301
18578328330
18578328364
18578328421
18578328425
18578328441
18578328443
18578328454
18578328459
18578328470
18578328472
18578328495
18578328502
18578328505
18578328507
18578328519
18578328523
18578328524
18578328539
18578328541
18578328560
18578328571
18578328594
18578328602
18578328621
18578328632
18578328654
18578328674
18578328693
18578328709
18578328735
18578328769
18578328774
18578328790
18578328794
18578328901
18578328925
18578328930
18578328964
18578329025
18578329027
18578329029
18578329034
18578329041
18578329050
18578329052
18578329071
18578329075
18578329104
18578329105
18578329115
18578329124
18578329134
18578329135
18578329141
18578329152
18578329154
18578329174
18578329239
18578329254
18578329264
18578329265
18578329270
18578329273
18578329274
18578329275
18578329340
18578329354
18578329357
18578329364
18578329367
18578329373
18578329375
18578329417
18578329419
18578329441
18578329442
18578329474
18578329504
18578329537
18578329542
18578329545
18578329547
18578329549
18578329564
18578329587
18578329619
18578329634
18578329640
18578329647
18578329683
18578329703
18578329715
18578329735
18578329743
18578329744
18578329745
18578329747
18578329754
18578329764
18578329784
18578329804
18578329841
18578329849
18578329859
18578329951
18578329952
18578330175
18578330230
18578330235
18578330265
18578330271
18578330273
18578330392
18578330463
18578330552
18578330591
18578330690
18578330692
18578330865
18578330867
18578330962
18578331093
18578331095
18578331270
18578331285
18578331325
18578331502
18578331507
18578331532
18578331539
18578331565
18578331571
18578331573
18578331591
18578331592
18578331652
18578331679
18578331767
18578331792
18578331950
18578332105
18578332151
18578332157
18578332159
18578332171
18578332187
18578332392
18578332597
18578332637
18578332651
18578332715
18578332741
18578332817
18578332835
18578332910
18578332917
18578332951
18578332971
18578332981
18578333852
18578334534
18578334719
18578335074
18578335160
18578335165
18578335197
18578335271
18578335272
18578335297
18578335302
18578335310
18578335630
18578335647
18578335685
18578335704
18578335719
18578335760
18578335772
18578335781
18578335832
18578335902
18578335905
18578336017
18578336079
18578336153
18578336157
18578336213
18578336287
18578336437
18578336707
18578336724
18578336735
18578336757
18578336831
18578336921
18578336970
18578337097
18578337132
18578337135
18578337150
18578337152
18578337157
18578337192
18578337197
18578337251
18578337257
18578337259
18578337281
18578337295
18578337641
18578337650
18578337681
18578337692
18578337694
18578338035
18578338072
18578338751
18578339087
18578339160
18578339173
18578339201
18578339205
18578339247
18578339257
18578339274
18578339287
18578339357
18578339379
18578339501
18578339532
18578339601
18578339602
18578339607
18578339670
18578339701
18578339752
18578339762
18578339763
18578339775
18578339782
18578339807
18578339820
18578339827
18578339831
18578339835
18578339837
18578350150
18578350183
18578350251
18578350287
18578350291
18578350297
18578350353
18578350592
18578350679
18578350781
18578350879
18578350892
18578350932
18578350961
18578351035
18578351067
18578351087
18578351175
18578351267
18578351285
18578351363
18578351379
18578351434
18578351523
18578351531
18578351557
18578351571
18578351573
18578351579
18578351590
18578351639
18578351672
18578351692
18578351701
18578351727
18578351750
18578351764
18578351870
18578351873
18578351895
18578352073
18578352101
18578352193
18578352265
18578352339
18578352414
18578352507
18578352519
18578352539
18578352547
18578352551
18578352573
18578352667
18578352672
18578352693
18578352724
18578352735
18578352765
18578352780
18578352792
18578352794
18578352803
18578352973
18578352979
18578353023
18578353051
18578353085
18578353103
18578353127
18578353153
18578353157
18578353193
18578353201
18578353212
18578353215
18578353320
18578353715
18578353750
18578353762
18578353772
18578353817
18578353827
18578353854
18578353904
18578353907
18578353954
18578353961
18578353972
18578353973
18578354046
18578354194
18578354249
18578354270
18578354297
18578354401
18578354652
18578354670
18578354702
18578354967
18578355164
18578355231
18578355292
18578355310
18578355349
18578355370
18578355601
18578355672
18578355694
18578355720
18578355729
18578355793
18578355807
18578355970
18578356030
18578356073
18578356097
18578356131
18578356140
18578356142
18578356153
18578356157
18578356195
18578356217
18578356230
18578356232
18578356245
18578356250
18578356253
18578356281
18578356313
18578356329
18578356349
18578356352
18578356357
18578356372
18578356414
18578356514
18578356531
18578356570
18578356583
18578356712
18578356717
18578356721
18578356742
18578356751
18578356771
18578356779
18578356834
18578356892
18578356921
18578357024
18578357025
18578357027
18578357049
18578357052
18578357069
18578357087
18578357149
18578357187
18578357191
18578357204
18578357250
18578357263
18578357282
18578357323
18578357416
18578357507
18578357510
18578357542
18578357553
18578357603
18578357630
18578357657
18578357703
18578357719
18578357725
18578357732
18578357753
18578357759
18578357760
18578357761
18578357820
18578357827
18578357897
18578357932
18578357952
18578357980
18578357993
18578357995
18578358027
18578358029
18578358037
18578358075
18578358091
18578358092
18578358120
18578358135
18578358154
18578358210
18578358217
18578358267
18578358275
18578358307
18578358329
18578358342
18578358343
18578358371
18578358504
18578358507
18578358574
18578358590
18578358592
18578358607
18578358617
18578358647
18578358650
18578358725
18578358729
18578358934
18578358979
18578359021
18578359025
18578359027
18578359072
18578359073
18578359120
18578359152
18578359171
18578359173
18578359179
18578359205
18578359212
18578359219
18578359239
18578359251
18578359252
18578359263
18578359281
18578359283
18578359310
18578359314
18578359319
18578359327
18578359329
18578359360
18578359470
18578359605
18578359635
18578359685
18578359715
18578359739
18578359742
18578359814
18578359817
18578359831
18578359861
18578359867
18578359910
18578360267
18578360547
18578360859
18578360865
18578361045
18578361437
18578361605
18578361659
18578361670
18578361752
18578361864
18578361894
18578361903
18578361959
18578362230
18578362374
18578362584
18578362649
18578362975
18578363021
18578363104
18578363410
18578363447
18578363754
18578364171
18578364172
18578364184
18578364264
18578364275
18578364524
18578364652
18578364674
18578364705
18578364750
18578364762
18578365024
18578365501
18578365604
18578365704
18578366017
18578366194
18578366204
18578366273
18578366575
18578366924
18578367093
18578367202
18578367620
18578367853
18578367903
18578367914
18578367924
18578367964
18578367987
18578368017
18578368019
18578368053
18578368067
18578368071
18578368072
18578368104
18578368124
18578368352
18578368403
18578369031
18578369105
18578369167
18578369263
18578369275
18578369372
18578369434
18578369952
18578370542
18578370574
18578371453
18578371487
18578372594
18578372945
18578373504
18578373614
18578374284
18578374361
18578374394
18578374764
18578375047
18578376947
18578376974
18578377142
18578377352
18578378475
18578378634
18578401454
18578403674
18578413364
18578416340
18578416475
18578424053
18578430394
18578430634
18578430954
18578431464
18578431474
18578431541
18578431594
18578431604
18578431654
18578432194
18578432514
18578432734
18578432874
18578432904
18578434064
18578434794
18578435174
18578435340
18578435424
18578439464
18578439674
18603081065
18603081137
18603081253
18603081261
18603081295
18603082154
18603082791
18603082947
18664200135
18664200143
18664200149
18664200157
18664200243
18664200373
18664200454
18664200565
18664200590
18664200682
18664200837
18664200971
18664201139
18664201274
18664201305
18664201329
18664201483
18664201523
18664201541
18664201630
18664201652
18664201695
18664201724
18664201825
18664201942
18664202372
18664202439
18664202473
18664202494
18664202534
18664202539
18664202563
18664202564
18664202601
18664202842
18664202890
18664203064
18664203072
18664203172
18664203295
18664203395
18664203440
18664203507
18664203529
18664203591
18664203594
18664203619
18664203641
18664203684
18664203701
18664203751
18664203771
18664203780
18664203845
18664203895
18664203913
18664203927
18664203964
18664204037
18664204157
18664204183
18664204329
18664204391
18664204435
18664204535
18664204572
18664204601
18664204673
18664204763
18664204869
18664205109
18664205135
18664205181
18664205194
18664205319
18664205327
18664205334
18664205362
18664205397
18664205465
18664205471
18664205501
18664205625
18664205717
18664205771
18664205872
18664205903
18664205930
18664205982
18664206014
18664206039
18664206092
18664206103
18664206157
18664206173
18664206235
18664206274
18664206295
18664206351
18664206375
18664206427
18664206501
18664206514
18664206591
18664206710
18664206812
18664206875
18664206907
18664206914
18664206947
18664206972
18664207027
18664207061
18664207063
18664207065
18664207212
18664207294
18664207310
18664207357
18664207449
18664207465
18664207494
18664207590
18664207639
18664207640
18664207693
18664207694
18664207790
18664207812
18664207852
18664207853
18664207893
18664207894
18664207963
18664208043
18664208047
18664208052
18664208073
18664208112
18664208172
18664208239
18664208305
18664208365
18664208401
18664208562
18664208623
18664208635
18664208651
18664208703
18664208737
18664208745
18664208907
18664208931
18664208932
18664209032
18664209041
18664209085
18664209129
18664209149
18664209172
18664209175
18664209249
18664209340
18664209451
18664209475
18664209501
18664209543
18664209713
18664209730
18664209734
18664209765
18664209805
18664209827
18664209857
18664231924
18664233574
18664235165
18664235634
18664235764
18664239374
18664260140
18664260394
18664260437
18664260974
18664261047
18664261305
18664261354
18664261702
18664261714
18664261940
18664262245
18664262437
18664262747
18664262759
18664262903
18664262974
18664263057
18664263175
18664263407
18664263847
18664264064
18664264402
18664264542
18664264574
18664280474
18664281274
18664283274
18665406704
18665406917
18665407341
18665407354
18665407403
18665407453
18665407594
18665407634
18665408124
18665408274
18665408347
18665408424
18665408614
18665408634
18665408701
18665408921
18665409051
18665409084
18665409143
18665409237
18665409431
18665409467
18665409674
18665431487
18665431674
18665431704
18665431746
18665433284
18665434724
18665435741
18665437346
18665437490
18665438174
18665438247
18665438415
18665438524
18665438541
18665439304
18665440146
18665441540
18665441961
18665442124
18665442671
18665442943
18665445057
18665445216
18665446164
18665449016
18665450447
18665450491
18665450652
18665450934
18665451064
18665451894
18665452374
18665452464
18665452574
18665452695
18665452849
18665452934
18665453497
18665456374
18665456384
18665456472
18665457164
18665457324
18665457635
18665457940
18665472191
18665472765
18665473240
18665474192
18665474304
18665474504
18665474582
18665475034
18665475312
18665475376
18665475814
18665476297
18665476594
18665476934
18665484205
18665485094
18665485341
18665486017
18665490431
18665490467
18665491425
18665491474
18665492041
18665492344
18665492410
18665493940
18665493942
18665494274
18665494364
18665494744
18665495029
18665495104
18665495284
18665495542
18665495614
18665497243
18665497614
18665498364
18665530792
18665530952
18665531034
18665531785
18665531941
18665532394
18665532485
18665532571
18665532967
18665534059
18665534274
18665534457
18665534472
18665534634
18665534703
18665534714
18665534773
18665534807
18665534834
18665535973
18665536240
18665536410
18665536429
18665536504
18665537203
18665537435
18665537489
18665538465
18665538493
18665538524
18665538732
18665539414
18665539441
18665540174
18665540284
18665540285
18665540362
18665540463
18665540534
18665541375
18665541501
18665541637
18665541674
18665541675
18665541763
18665541904
18665542043
18665542057
18665542194
18665542359
18665542501
18665542705
18665542735
18665542804
18665542849
18665543087
18665543260
18665543703
18665543705
18665545797
18665545937
18665545975
18665546315
18665546984
18665547215
18665547395
18665547497
18665548127
18665548405
18665548561
18665549423
18665549574
18665549673
18666350871
18666358491
18666397145
18666397984
18666399842
18666501464
18666502694
18666503794
18666504193
18666504394
18666504973
18666507264
18666507594
18666508349
18666508914
18666509324
18666513374
18666513964
18666513982
18666515637
18666515967
18666517095
18666519124
18666519752
18675130037
18675131037
18675131093
18675131591
18675131635
18675131935
18675132031
18675132067
18675132531
18675132672
18675132781
18675133091
18675133501
18675133702
18675135063
18675135190
18675135379
18675135635
18675135673
18675135727
18675135825
18675136092
18675136153
18675136190
18675136192
18675136205
18675136235
18675160073
18675160139
18675160163
18675160380
18675160743
18675160851
18675161150
18675161281
18675162039
18675162047
18675162397
18675162532
18675162564
18675162635
18675162739
18675163273
18675163670
18675163764
18675163787
18675163804
18675164364
18675164435
18675164794
18675165379
18675165621
18675165827
18675166090
18675166393
18675167081
18675167342
18675167395
18675167513
18675167593
18675168054
18675168064
18675168074
18675168247
18675168370
18675168953
18675169037
18675169050
18675169134
18675169621
18675169754
18675169760
18675180481
18675181643
18675183454
18675184294
18675184341
18675184415
18675185142
18675185462
18675187424
18675192447
18675704784
18675704830
18675709764
18675710474
18675714249
18675714947
18675715614
18675717604
18675719142
18675719264
18675724463
18675726394
18676500137
18676500175
18676501272
18676501332
18676501392
18676501495
18676501497
18676501587
18676501703
18676501761
18676501837
18676502194
18676502251
18676502363
18676502443
18676502461
18676502594
18676502631
18676502672
18676502747
18676502759
18676502917
18676502951
18676502953
18676503024
18676503493
18676503580
18676503583
18676503661
18676503857
18676503987
18676504127
18676504164
18676504165
18676504354
18676504575
18676504732
18676504934
18676505173
18676505175
18676505243
18676505397
18676505434
18676505485
18676505714
18676505813
18676505823
18676506227
18676506319
18676506497
18676506581
18676506712
18676506752
18676506793
18676507035
18676507193
18676507257
18676507297
18676507312
18676507324
18676507453
18676507531
18676507697
18676507721
18676507964
18676508025
18676508104
18676508170
18676508230
18676508270
18676508347
18676508447
18676508651
18676508701
18676508751
18676509045
18676509075
18676509134
18676509257
18676509543
18676509545
18676509735
18676509804
18676509927
18676510151
18676510174
18676510197
18676510235
18676510249
18676510253
18676510274
18676510457
18676510484
18676510492
18676510554
18676510595
18676510640
18676510672
18676510673
18676510684
18676510745
18676510753
18676510773
18676510787
18676510791
18676510797
18676510840
18676510841
18676510853
18676510932
18676510935
18676511061
18676511062
18676511065
18676511265
18676511295
18676511370
18676511371
18676511391
18676511395
18676511524
18676511571
18676511585
18676511621
18676511673
18676511729
18676511741
18676511751
18676511843
18676511902
18676511904
18676512061
18676512062
18676512084
18676512104
18676512140
18676512154
18676512162
18676512209
18676512461
18676512495
18676512514
18676512531
18676512532
18676512537
18676512605
18676512639
18676512683
18676512707
18676512819
18676512837
18676512907
18676512917
18676512972
18676513017
18676513059
18676513070
18676513097
18676513105
18676513127
18676513163
18676513174
18676513205
18676513260
18676513262
18676513265
18676513270
18676513290
18676513292
18676513325
18676513424
18676513449
18676513503
18676513552
18676513562
18676513587
18676513612
18676513662
18676513674
18676513703
18676513707
18676513725
18676513741
18676513780
18676513782
18676513821
18676513823
18676513865
18676513905
18676513952
18676514015
18676514023
18676514107
18676514161
18676514162
18676514203
18676514232
18676514367
18676514410
18676514523
18676514629
18676514670
18676514705
18676514834
18676515043
18676515071
18676515192
18676515235
18676515237
18676515297
18676515323
18676515491
18676515495
18676515527
18676515637
18676515684
18676515702
18676515703
18676515760
18676515762
18676515791
18676515795
18676515803
18676515841
18676515847
18676515872
18676515910
18676515935
18676515943
18676515944
18676515974
18676516057
18676516075
18676516079
18676516082
18676516117
18676516121
18676516124
18676516149
18676516205
18676516213
18676516273
18676516312
18676516325
18676516329
18676516349
18676516351
18676516353
18676516387
18676516424
18676516430
18676516487
18676516507
18676516514
18676516524
18676516534
18676516579
18676516672
18676516721
18676516753
18676516815
18676516851
18676516853
18676516871
18676516917
18676517027
18676517252
18676517254
18676517261
18676517284
18676517301
18676517319
18676517360
18676517367
18676517403
18676517419
18676517459
18676517514
18676517523
18676517540
18676517552
18676517562
18676517580
18676517602
18676517613
18676517690
18676517691
18676517764
18676517783
18676517792
18676517810
18676517921
18676517953
18676517959
18676517967
18676518004
18676518013
18676518067
18676518071
18676518094
18676518107
18676518120
18676518142
18676518153
18676518167
18676518170
18676518197
18676518213
18676518264
18676518291
18676518293
18676518301
18676518305
18676518324
18676518325
18676518365
18676518413
18676518441
18676518493
18676518517
18676518531
18676518593
18676518712
18676518721
18676519013
18676519015
18676519071
18676519072
18676519082
18676519105
18676519130
18676519284
18676519657
18676519712
18676519830
18676520169
18676520264
18676520265
18676520291
18676520362
18676520381
18676520490
18676520561
18676520673
18676520732
18676520753
18676520837
18676520943
18676521043
18676521060
18676521167
18676521179
18676521241
18676521249
18676521271
18676521327
18676521352
18676521354
18676521385
18676521387
18676521507
18676521601
18676521724
18676521769
18676521875
18676521901
18676521903
18676521920
18676521925
18676521961
18676521964
18676521970
18676522069
18676522070
18676522072
18676522105
18676522171
18676522370
18676522483
18676522695
18676522807
18676522894
18676522903
18676522965
18676522975
18676523104
18676523109
18676523159
18676523167
18676523172
18676523219
18676523265
18676523270
18676523273
18676523279
18676523290
18676523315
18676523374
18676523495
18676523502
18676523613
18676523629
18676523651
18676523662
18676523695
18676523752
18676523769
18676523775
18676523795
18676523907
18676523941
18676523967
18676524027
18676524120
18676524194
18676524237
18676524261
18676524307
18676524362
18676524371
18676524394
18676524403
18676524417
18676524453
18676524587
18676524594
18676524691
18676524713
18676524720
18676524734
18676525041
18676525071
18676525085
18676525095
18676525104
18676525107
18676525145
18676525169
18676525171
18676525307
18676525327
18676525331
18676525363
18676525371
18676525373
18676525439
18676525440
18676525620
18676525632
18676525701
18676525705
18676525787
18676525837
18676525863
18676525901
18676525931
18676525970
18676526051
18676526125
18676526195
18676526249
18676526310
18676526324
18676526350
18676526431
18676526457
18676526517
18676526541
18676526571
18676526573
18676526574
18676526590
18676526631
18676526704
18676526713
18676526742
18676526815
18676526843
18676526875
18676526894
18676526897
18676526925
18676527037
18676527057
18676527103
18676527215
18676527241
18676527243
18676527304
18676527309
18676527352
18676527423
18676527434
18676527435
18676527451
18676527531
18676527535
18676527547
18676527582
18676527645
18676527734
18676527745
18676527749
18676528043
18676528093
18676528214
18676528431
18676528504
18676528605
18676528621
18676528637
18676528643
18676528653
18676528742
18676528744
18676528762
18676528774
18676529010
18676529014
18676529017
18676529075
18676529172
18676529252
18676529281
18676529312
18676529340
18676529341
18676529437
18676529445
18676529540
18676529605
18676529623
18676529632
18676529670
18676529709
18676529724
18676529759
18676529784
18676529787
18676529863
18676530290
18676530569
18676530797
18676530951
18676531261
18676531595
18676531857
18676531920
18676531931
18676531952
18676532179
18676532352
18676532502
18676532605
18676532752
18676532771
18676532813
18676533179
18676533582
18676533702
18676533971
18676535712
18676535721
18676535962
18676536113
18676536279
18676536287
18676536293
18676536581
18676536732
18676536820
18676537190
18676537552
18676537780
18676537917
18676538059
18676538130
18676538507
18676538701
18676538760
18676539157
18676539201
18676539707
18676539781
18676563043
18676563754
18676573964
18676577892
18676579437
18676582942
18676585074
18676585974
18676587264
18676590274
18676590749
18676591487
18676594034
18676594041
18676594124
18676594262
18676594643
18676597124
18680020157
18680020247
18680020494
18680020547
18680021073
18680021583
18680021632
18680021694
18680021762
18680021795
18680021804
18680021841
18680021854
18680023097
18680023583
18680023672
18680023957
18680024130
18680024362
18680024372
18680024391
18680024393
18680024413
18680024519
18680024572
18680024592
18680024615
18680024653
18680024657
18680024739
18680024859
18680024867
18680024913
18680024979
18680025342
18680025412
18680025415
18680025903
18680025912
18680025964
18680026107
18680026470
18680027034
18680027084
18680027140
18680027197
18680027412
18680027457
18680027549
18680027581
18680027641
18680027954
18680028047
18680028347
18680028374
18680028409
18680028761
18680028947
18680029034
18680029057
18680029067
18680029342
18680029414
18680029430
18680029473
18680041247
18680041735
18680041842
18680042043
18680042053
18680043145
18680043495
18680043503
18680043893
18680043965
18680044583
18680045042
18680045731
18680046074
18680046297
18680046392
18680047193
18680047530
18680047543
18680047602
18680047613
18680047642
18680048295
18680048379
18680048575
18680049530
18680049563
18680049625
18680049673
18688231835
18688232109
18688232751
18688233549
18688235695
18688236503
18688237451
18688239043
18688240294
18688240354
18688240394
18688240451
18688240469
18688240479
18688240487
18688240547
18688240675
18688240875
18688241320
18688241401
18688241505
18688241729
18688241762
18688241794
18688241835
18688242094
18688242190
18688242501
18688242534
18688242640
18688242734
18688242761
18688242807
18688242903
18688242961
18688242965
18688243062
18688243081
18688243105
18688243172
18688243295
18688243517
18688243624
18688243672
18688243692
18688243702
18688243703
18688243957
18688244214
18688244507
18688244635
18688244735
18688244784
18688244953
18688245062
18688245072
18688245091
18688245125
18688245342
18688245364
18688245462
18688245493
18688245634
18688245719
18688245734
18688245760
18688245834
18688245843
18688245904
18688246043
18688246127
18688246174
18688246193
18688246205
18688246241
18688246485
18688246720
18688246724
18688246754
18688246903
18688247031
18688247159
18688247164
18688247293
18688247409
18688247507
18688247563
18688247764
18688247965
18688248463
18688248467
18688248935
18688249159
18688249251
18688249762
18688249823
18688250237
18688250971
18688251287
18688251371
18688251607
18688251679
18688252447
18688252761
18688253127
18688253140
18688253474
18688253752
18688254493
18688254962
18688255731
18688255782
18688257102
18688257519
18688259374
18688260372
18688260451
18688260494
18688260534
18688260784
18688260947
18688260957
18688260967
18688260973
18688261045
18688261094
18688261249
18688261304
18688261403
18688261439
18688261495
18688261647
18688261724
18688261751
18688261941
18688262164
18688262443
18688262451
18688263075
18688263147
18688263271
18688263403
18688263405
18688263454
18688263494
18688263540
18688263554
18688263654
18688263704
18688263714
18688263749
18688263754
18688263847
18688264021
18688264024
18688264032
18688264051
18688264057
18688264061
18688264091
18688264094
18688264162
18688264230
18688264254
18688264284
18688264354
18688264364
18688264367
18688264390
18688264437
18688264531
18688264534
18688264573
18688264597
18688264619
18688264652
18688264673
18688264709
18688264724
18688264954
18688265014
18688265132
18688265249
18688265384
18688265417
18688265463
18688265492
18688265741
18688265804
18688265847
18688265894
18688266140
18688266154
18688266194
18688266734
18688266974
18688267084
18688267164
18688267245
18688267301
18688267314
18688267347
18688267405
18688267427
18688267429
18688267445
18688267462
18688267490
18688267493
18688267524
18688267601
18688267624
18688267647
18688267684
18688267741
18688267754
18688267854
18688267864
18688268124
18688268204
18688268674
18688268704
18688269105
18688269170
18688269241
18688269534
18688269704
18688269751
18688270564
18688270752
18688271064
18688271465
18688271591
18688271724
18688272041
18688272492
18688272652
18688273065
18688273847
18688274039
18688274207
18688274381
18688274517
18688274615
18688274921
18688275421
18688275435
18688275635
18688275894
18688276149
18688276254
18688276270
18688276354
18688276450
18688276932
18688276972
18688277514
18688278564
18688279362
18688279425
18688279753
18688279842
18688296324
18689233104
18689235503
18689240032
18689240181
18689240194
18689240235
18689240290
18689240445
18689240451
18689240475
18689240560
18689240564
18689240584
18689240672
18689240679
18689240697
18689240772
18689240782
18689240892
18689240957
18689241073
18689241167
18689241271
18689241327
18689241432
18689241473
18689241474
18689241497
18689241554
18689241570
18689241651
18689241745
18689241750
18689241767
18689241780
18689241790
18689241831
18689241971
18689242115
18689242179
18689242367
18689242582
18689242609
18689242651
18689242671
18689242704
18689242712
18689242714
18689242719
18689242737
18689242871
18689243015
18689243047
18689243063
18689243084
18689243153
18689243154
18689243172
18689243203
18689243251
18689243261
18689243265
18689243273
18689243310
18689243454
18689243463
18689243467
18689243584
18689243683
18689243694
18689243704
18689243760
18689243819
18689243901
18689244017
18689244064
18689244072
18689244105
18689244163
18689244273
18689244357
18689244557
18689244579
18689244742
18689244749
18689244751
18689244873
18689244964
18689245132
18689245171
18689245174
18689245232
18689245295
18689245365
18689245404
18689245405
18689245474
18689245543
18689245549
18689245592
18689245713
18689245771
18689245773
18689245820
18689245941
18689246013
18689246017
18689246130
18689246171
18689246174
18689246192
18689246201
18689246204
18689246213
18689246270
18689246347
18689246351
18689246381
18689246382
18689246404
18689246427
18689246454
18689246502
18689246507
18689246594
18689246634
18689246639
18689246640
18689246703
18689246725
18689246732
18689246857
18689247063
18689247081
18689247082
18689247114
18689247142
18689247149
18689247241
18689247254
18689247257
18689247280
18689247343
18689247381
18689247409
18689247421
18689247437
18689247503
18689247510
18689247537
18689247541
18689247601
18689247764
18689247813
18689247914
18689248047
18689248063
18689248171
18689248174
18689248204
18689248317
18689248327
18689248330
18689248367
18689248372
18689248430
18689248465
18689248504
18689248554
18689248635
18689248649
18689248701
18689248751
18689248757
18689248901
18689248950
18689248970
18689249045
18689249064
18689249171
18689249343
18689249540
18689249635
18689249704
18689249737
18689249743
18689249751
18689249752
18689249840
18689249842
18689250895
18689251370
18689251674
18689252831
18689252902
18689253147
18689253152
18689253464
18689253912
18689256501
18689258202
18689260391
18689261074
18689261085
18689261291
18689261829
18689265905
18689266105
18689268120
18689268305
18689273964
18689274954
18689275417
18689275642
18689275924
18689276041
18689279424
18689280773
18689281632
18689282573
18689285029
18689286203
18689287210
18689288172
18689288571
18689289561
18689290732
18689291527
18689291571
18689292091
18689293167
18689293357
18689297052
18689297081
18689297293
18689297863
18689298231
18689305142
18689310274
18689315854
18689320057
18689320137
18689320150
18689320151
18689320152
18689320157
18689320160
18689320161
18689320162
18689320165
18689320167
18689320171
18689320179
18689320191
18689320252
18689320582
18689320781
18689321709
18689321975
18689322752
18689322775
18689322917
18689323725
18689325601
18689325795
18689325871
18689325947
18689326857
18689327031
18689327102
18689327183
18689327251
18689327301
18689328093
18689328132
18689328197
18689328515
18689328607
18689328797
18689329312