13018597361
13018597620
13025626354
13025630674
13025634284
13025634374
13025638474
13025638594
13030156832
13046204216
13046208491
13046208495
13046210476
13046210685
13046211346
13046213152
13046214037
13046214579
13046214592
13046215102
13046215243
13046216239
13046216743
13046217397
13046217451
13046217463
13046217490
13046217947
13046218103
13046219245
13046219731
13046227562
13046230264
13046230674
13046231625
13046232617
13046232781
13046232795
13046233027
13046233167
13046235083
13046235709
13046235721
13046236276
13046237054
13046237490
13046237529
13046237964
13046238051
13046239053
13046239206
13046239739
13046240574
13046240847
13046241064
13046243712
13046244097
13046245156
13046245973
13046246385
13046247065
13046247126
13046247265
13046247501
13046247527
13046247621
13046247914
13046248137
13046248251
13046248395
13058342057
13058359764
13058367312
13058372693
13078201084
13078201631
13078201784
13078204374
13078204924
13078205104
13078210361
13078212974
13078215907
13078215960
13078216376
13078236094
13078236945
13078237124
13078252937
13078254703
13078254841
13078256412
13078273912
13078274516
13078276042
13078278642
13078299324
13104901451
13104901642
13104901746
13104902471
13104902643
13104902647
13104903542
13104904432
13104904510
13104904673
13104904853
13104905247
13104905409
13104905437
13104905485
13104905491
13104907410
13104907413
13104907485
13104907492
13104907593
13104908462
13104908643
13104910572
13104912687
13104912691
13104913093
13104913257
13104915469
13104915470
13104915475
13104915480
13104915481
13104915482
13104915486
13104915490
13104915492
13104915493
13104915497
13104915640
13104916092
13104916402
13104916405
13104916410
13104916412
13104916415
13104916419
13104916427
13104916429
13104916432
13104916437
13104916439
13104916452
13104916453
13104916459
13104916465
13104916471
13104916473
13104916476
13104916487
13104916495
13104916701
13104916952
13104917029
13104917403
13104917405
13104917407
13104917410
13104917412
13104917416
13104917419
13104917427
13104917436
13104917437
13104917457
13104917459
13104917461
13104917463
13104917471
13104917472
13104917475
13104917479
13104917481
13104917487
13104917495
13104917497
13104917539
13104917840
13104918042
13104918047
13104918275
13104918403
13104918405
13104918425
13104918426
13104918427
13104918437
13104918457
13104918463
13104918467
13104918470
13104918471
13104918472
13104918480
13104919371
13104919405
13104919425
13104919435
13104919451
13104919452
13104919453
13104919457
13104919467
13104919473
13104919475
13104919476
13104919480
13104919482
13104919487
13104921435
13104921459
13104921472
13104921476
13104924053
13104924156
13104924161
13104924165
13104924270
13104924367
13104924415
13104924507
13104924569
13104924670
13104924693
13104924701
13104924732
13104924752
13104924813
13104924872
13104924932
13104924936
13104925401
13104925403
13104925415
13104925419
13104925425
13104925470
13104925472
13104925473
13104925490
13104926409
13104926412
13104926415
13104926421
13104927496
13104927937
13104928017
13104928257
13104928416
13104928465
13104929415
13104929425
13104929471
13106613075
13106613762
13106615395
13106615795
13124967524
13124968431
13124968764
13124993579
13124997261
13124997651
13124997659
13124997852
13149326806
13149327186
13149327236
13149327410
13149327426
13149327432
13149327465
13149329753
13149337461
13168120674
13169132937
13178551612
13178553946
13178554940
13178568291
13178568915
13178572961
13178590467
13178590542
13178590847
13178590982
13178591471
13178591472
13178592047
13178592415
13178592541
13178593249
13178593446
13178593496
13178593847
13178594049
13178594062
13178594261
13178594281
13178594317
13178594517
13178594613
13178594650
13178594687
13178594721
13178594762
13178594901
13178594916
13178595745
13178596142
13178596247
13178597145
13178597431
13178597472
13178597941
13178598347
13178598640
13178599475
13189455603
13189455615
13189455902
13189456256
13189456310
13189456852
13189456901
13189458032
13189458103
13189458112
13189458210
13189458625
13189458635
13189458653
13189458905
13189458965
13189459031
13189459081
13189459103
13189459109
13189459115
13189459163
13189459213
13189459261
13189459310
13189459506
13189459613
13189459636
13189459805
13189460157
13189460539
13189460647
13189460749
13189460947
13189461043
13189461047
13189461405
13189461430
13189461451
13189461467
13189461485
13189461547
13189461941
13189461945
13189462142
13189462401
13189462403
13189462570
13189462745
13189462781
13189463043
13189463247
13189463402
13189463426
13189463475
13189463807
13189463947
13189463962
13189464017
13189464057
13189464075
13189464156
13189464159
13189464187
13189464257
13189464507
13189464531
13189464572
13189464736
13189464792
13189464901
13189464903
13189464937
13189464951
13189464952
13189464971
13189465147
13189465247
13189465271
13189465349
13189465541
13189465743
13189465842
13189466247
13189466417
13189466427
13189466430
13189466905
13189466943
13189467059
13189467340
13189467365
13189467412
13189467413
13189467431
13189467450
13189467471
13189467549
13189467592
13189467841
13189467847
13189467943
13189468043
13189468045
13189468327
13189470162
13189470193
13189470231
13189470241
13189470462
13189470467
13189470489
13189470495
13189470542
13189470549
13189470579
13189470643
13189470742
13189470843
13189470945
13189470986
13189471145
13189471262
13189471395
13189471437
13189471461
13189472597
13189472610
13189472639
13189472652
13189472683
13189472701
13189472762
13189472835
13189472853
13189472895
13189472917
13189473160
13189473162
13189473173
13189473179
13189473279
13189473515
13189473532
13189473579
13189473581
13189473637
13189473716
13189473905
13189473912
13189473952
13189475026
13189475071
13189475109
13189475135
13189475153
13189475283
13189475291
13189475293
13189475297
13189475319
13189475326
13189475371
13189475673
13189475691
13189475712
13189475867
13189475890
13189475907
13189476051
13189476097
13189476105
13189476170
13189476190
13189476215
13189476295
13189476297
13189476361
13189476375
13189476501
13189476513
13189476516
13189476526
13189476529
13189476561
13189476571
13189476621
13189476716
13189476815
13189476857
13189476871
13189476930
13189476957
13189476985
13189477056
13189477103
13189477127
13189477150
13189486531
13189801603
13189802687
13189802960
13189805073
13189805261
13189805651
13189806072
13189806075
13189806135
13189806201
13189806739
13189807261
13189807561
13189807692
13189807932
13189809875
13189832597
13189836270
13217590215
13217590274
13217590384
13217590593
13217590692
13217590953
13217590965
13217591065
13217591163
13217591381
13217591471
13217591563
13217591692
13217591861
13217591895
13217592095
13217592315
13217592612
13217592851
13217592893
13217593127
13217593205
13217593254
13217593531
13217594674
13217595315
13217595327
13217595915
13217596105
13217596152
13217596285
13217596380
13217598350
13217598732
13217599023
13217599856
13226221305
13226230985
13226232161
13226232512
13226235625
13226236932
13226238156
13226238352
13226238503
13226239161
13226239662
13226239861
13226241945
13226245492
13226245741
13226246942
13226250036
13226250095
13226250530
13226250561
13226250851
13226250858
13226250887
13226251572
13226251706
13226251727
13226251812
13226251823
13226252031
13226252117
13226252327
13226252637
13226252692
13226252717
13226252925
13226253017
13226253221
13226253253
13226253308
13226253635
13226253667
13226253870
13226253893
13226253895
13226253931
13226255001
13226255010
13226255061
13226255089
13226255125
13226255156
13226255181
13226255285
13226255301
13226255317
13226255390
13226255619
13226255659
13226255773
13226255963
13226256215
13226256315
13226256381
13226256383
13226256553
13226256578
13226256580
13226256639
13226256651
13226256689
13226256750
13226256821
13226256830
13226256835
13226256837
13226256895
13226256897
13226256992
13226257071
13226257073
13226257379
13226257505
13226257510
13226257531
13226257571
13226257872
13226257891
13226258091
13226258125
13226258173
13226258216
13226258297
13226258320
13226258527
13226258560
13226258563
13226258657
13226258932
13226258939
13226258970
13226258990
13226259013
13226259050
13226259065
13226259089
13226259159
13226259190
13226259252
13226259259
13226259517
13226259637
13226259670
13226259795
13226259798
13226259895
13226259986
13226261710
13226262380
13226263215
13226263291
13226263295
13226265921
13229500593
13229500956
13229501281
13229501561
13229501753
13229501827
13229502089
13229502152
13229502601
13229503220
13229503275
13229503352
13229503356
13229503369
13229503892
13229503896
13229505015
13229505331
13229506193
13229506195
13229506893
13229507235
13229508056
13229508120
13229508359
13229508365
13229508692
13229508913
13229508995
13229509206
13229509265
13229509613
13229509830
13229510093
13229510739
13229511821
13229512093
13229512097
13229512365
13229512652
13229513083
13229513281
13229513597
13229513695
13229515790
13229516057
13229516535
13229517257
13229517656
13229518539
13229519816
13229520357
13229520851
13229520853
13229521065
13229521853
13229523764
13229524974
13229527126
13229527375
13229527584
13229527629
13229528017
13229530227
13229530279
13229530365
13229530382
13229530603
13229530916
13229531061
13229531796
13229531903
13229532157
13229532660
13229532676
13229533089
13229533239
13229533289
13229533701
13229533865
13229533932
13229535270
13229535290
13229535391
13229535583
13229535596
13229535768
13229535810
13229535887
13229536073
13229536259
13229536303
13229536561
13229536602
13229537025
13229537062
13229537183
13229537197
13229537316
13229537597
13229537627
13229537723
13229537819
13229537959
13229538152
13229538335
13229538550
13229538573
13229538710
13229538757
13229538921
13229538963
13229539117
13229539332
13229539390
13229539608
13229539658
13229539680
13229539723
13229540346
13229540431
13229540741
13229541846
13229542743
13229543412
13229543415
13229543473
13229543476
13229547143
13229547347
13229547490
13229547942
13229548471
13229548743
13229550253
13229550612
13229550637
13229550652
13229550850
13229550972
13229551562
13229551631
13229551710
13229551782
13229551837
13229552270
13229552350
13229552372
13229552387
13229552679
13229552812
13229552817
13229552861
13229552871
13229552976
13229552982
13229553072
13229553251
13229553301
13229553526
13229553560
13229553601
13229553723
13229553805
13229553831
13229553865
13229556081
13229556201
13229556219
13229556532
13229557120
13229557250
13229558053
13229558213
13229558392
13229558561
13229558602
13229558761
13229559231
13229559602
13229560126
13229560215
13229560313
13229560695
13229561315
13229561956
13229562119
13229562319
13229562595
13229562809
13229562919
13229563006
13229563115
13229563292
13229563502
13229563509
13229563893
13229565086
13229565091
13229565680
13229565806
13229565892
13229566061
13229566086
13229566205
13229566962
13229566973
13229567207
13229567403
13229567941
13229568451
13229568763
13229569615
13229569673
13229569850
13229570354
13229570653
13229570705
13229570719
13229570887
13229571107
13229571170
13229571287
13229571613
13229571782
13229571787
13229571813
13229572167
13229572237
13229572379
13229572485
13229572765
13229572776
13229572784
13229572870
13229573015
13229573027
13229573243
13229573607
13229573762
13229573795
13229573827
13229573859
13229573872
13229573975
13229575073
13229575507
13229575597
13229575785
13229576207
13229576337
13229577059
13229577136
13229577191
13229577276
13229577372
13229577389
13229577510
13229577572
13229577626
13229577629
13229577683
13229577760
13229577976
13229578317
13229579203
13229579297
13229579667
13229579767
13229579781
13229579850
13232650150
13232650157
13232650162
13232650180
13232650282
13232650315
13232650397
13232650651
13232650659
13232650689
13232650793
13232650971
13232651051
13232651531
13232651657
13232651685
13232651816
13232651951
13232652106
13232652127
13232652179
13232652273
13232652531
13232652560
13232652586
13232652672
13232652869
13232652917
13232652996
13232653091
13232653152
13232653185
13232653529
13232653561
13232653713
13232653851
13232653950
13232653957
13232655312
13232655681
13232655806
13232656173
13232656906
13232657082
13232657091
13232657817
13232657861
13232658063
13232658317
13232658652
13232658679
13232659382
13232670089
13232670297
13232670353
13232670473
13232670515
13232670571
13232670596
13232670615
13232670662
13232670705
13232670726
13232670787
13232670805
13232670810
13232670832
13232670920
13232670929
13232670995
13232671029
13232671127
13232671165
13232671207
13232671356
13232671376
13232671539
13232671602
13232671686
13232671726
13232671735
13232671750
13232671870
13232671887
13232671926
13232671929
13232671930
13232671985
13232672016
13232672017
13232672050
13232672173
13232672206
13232672217
13232672281
13232672290
13232672623
13232672651
13232672689
13232672690
13232672796
13232672817
13232672836
13232672887
13232672907
13232673003
13232673080
13232673089
13232673102
13232673208
13232673327
13232673505
13232673523
13232673587
13232673616
13232673620
13232673630
13232673637
13232673690
13232673706
13232673779
13232673793
13232673865
13232673983
13232675192
13232675295
13232675387
13232675502
13232675512
13232675669
13232675672
13232675786
13232675887
13232675906
13232675936
13232676160
13232676189
13232676502
13232676571
13232676590
13232676725
13232676820
13232676859
13232676871
13232676925
13232677020
13232677115
13232677187
13232677202
13232677221
13232677296
13232677312
13232677320
13232677362
13232677519
13232677562
13232677639
13232677819
13232677960
13232677963
13232678010
13232678051
13232678067
13232678352
13232678387
13232678693
13232678731
13232678761
13232678791
13232678826
13232678956
13232679025
13232679108
13232679163
13232679257
13232679263
13232679265
13232679283
13232679398
13232679528
13232679607
13232679608
13232679629
13232679673
13232679709
13232679763
13232679780
13232679783
13232679838
13232679850
13232679875
13232679902
13232679923
13232680189
13232680192
13232680287
13232680291
13232680358
13232680569
13232680601
13232680612
13232680639
13232680675
13232680691
13232680961
13232681062
13232681175
13232681503
13232681557
13232681795
13232681805
13232681832
13232681959
13232682571
13232682592
13232682615
13232682702
13232682906
13232682923
13232683079
13232683207
13232683502
13232683515
13232683580
13232683651
13232683691
13232683756
13232683927
13232683967
13232683985
13232685129
13232685236
13232685263
13232685287
13232685390
13232685526
13232685537
13232685602
13232685637
13232686010
13232686301
13232686501
13232686590
13232687019
13232687090
13232687213
13232688390
13232688512
13232688596
13232688620
13232688921
13232689031
13232689065
13232689306
13232689329
13232689425
13232689745
13232690395
13232690773
13232690802
13232691287
13232691526
13232691737
13232691757
13232691867
13232691875
13232692036
13232692125
13232692161
13232692162
13232692387
13232692393
13232692785
13232692956
13232692965
13232693260
13232693395
13232694527
13232694841
13232695561
13232695676
13232695865
13232695910
13232696052
13232696306
13232696319
13232696503
13232696593
13232696595
13232696805
13232697361
13232697392
13232698056
13232698137
13232700393
13232700502
13232700516
13232700595
13232700762
13232701359
13232701595
13232701601
13232701603
13232701685
13232701752
13232701825
13232701862
13232702095
13232702537
13232702569
13232702653
13232702803
13232702810
13232702836
13232702910
13232703165
13232703282
13232703919
13232705107
13232705119
13232705129
13232705279
13232705396
13232705632
13232705756
13232705805
13232705916
13232706036
13232706165
13232706267
13232706291
13232706295
13232706297
13232706890
13232707512
13232707629
13232708172
13232708206
13232708215
13232708219
13232708310
13232708335
13232708369
13232708783
13232709051
13232709082
13232709239
13232709295
13232709352
13232709535
13232709569
13232709576
13232709592
13232709597
13232709630
13232709850
13232709851
13232710150
13232710160
13232710236
13232710263
13232711256
13232711260
13232711310
13232711350
13232711631
13232711839
13232711952
13232711982
13232712013
13232712016
13232712063
13232712065
13232712076
13232712095
13232712160
13232712263
13232712361
13232712512
13232712651
13232712686
13232712695
13232712926
13232713090
13232713502
13232713595
13232713619
13232713801
13232713821
13232713912
13232715023
13232715182
13232715223
13232715226
13232715383
13232715389
13232715591
13232715630
13232716081
13232716102
13232716251
13232716561
13232716859
13232716920
13232716923
13232718137
13232718290
13232718362
13232718586
13232718589
13232719112
13232719629
13232719810
13232719956
13232720381
13232720551
13232720576
13232720692
13232721037
13232721061
13232721335
13232721351
13232721613
13232721781
13232722093
13232722896
13232722901
13232722935
13232723069
13232723626
13232723831
13232723896
13232725113
13232725162
13232725539
13232726053
13232726572
13232726871
13232728075
13232728563
13232728651
13232728790
13232728921
13232728952
13232728963
13232729253
13232729301
13232729306
13232729571
13232729583
13232730231
13232730956
13232731056
13232731291
13232731826
13232731892
13232732129
13232732195
13232732865
13232733210
13232733825
13232733921
13232735213
13232735230
13232735301
13232735329
13232736031
13232736183
13232736537
13232736805
13232738256
13232738365
13232738531
13232738695
13232739015
13232739083
13232739619
13232739815
13232739871
13232740943
13232741547
13232741645
13232742405
13232742491
13232742643
13232744637
13232744642
13232744643
13232744645
13232744670
13232744675
13232744683
13232744689
13232744720
13232744735
13232744752
13232744835
13232744847
13232744849
13232744859
13232744872
13232744960
13232744965
13232745041
13232745043
13232745049
13232745140
13232745406
13232745409
13232745410
13232745412
13232745413
13232745429
13232745442
13232745460
13232745462
13232745467
13232745476
13232745483
13232745489
13232745491
13232747929
13246501340
13246502849
13246502945
13246503402
13246503847
13246503947
13246504175
13246504391
13246504536
13246504675
13246504691
13246505342
13246505472
13246505479
13246505483
13246505649
13246505743
13246505849
13246506241
13246506421
13246506425
13246506491
13246506743
13246507143
13246507403
13246507457
13246507490
13246507491
13246507647
13246507843
13246507941
13246508194
13246508340
13246508402
13246508410
13246508451
13246508472
13246508641
13246508749
13246508945
13246509145
13246509437
13246509467
13246509640
13246519296
13246520745
13246520747
13246521047
13246522649
13246523087
13246523140
13246524590
13246524950
13246525742
13246525784
13246525841
13246526041
13246526415
13246526854
13246527407
13246527540
13246528043
13246528540
13246529341
13246529453
13246529457
13246529747
13246536985
13246538347
13246538392
13246538403
13246538450
13246538467
13246538496
13246538507
13246538643
13246539271
13246539406
13246539416
13246539436
13246539471
13246539485
13246539542
13246539570
13246539740
13246539840
13257590157
13257591060
13257592531
13257592584
13257593291
13257593501
13257594165
13257594781
13257595153
13257595617
13257595720
13257595815
13257595980
13257596154
13257596510
13257596804
13257596931
13257596952
13257598051
13257598332
13257598347
13257598365
13257598512
13266402743
13266407472
13266409346
13266429343
13266429475
13267850093
13267850295
13267850561
13267851507
13267851509
13267851579
13267851906
13267851931
13267851932
13267852610
13267852807
13267853197
13267853297
13267853507
13267853761
13267853801
13267853802
13267853825
13267853860
13267853926
13267855253
13267855625
13267855932
13267855982
13267856020
13267856071
13267856112
13267856257
13267856279
13267856359
13267856903
13267856910
13267856990
13267857067
13267857092
13267857127
13267857217
13267857257
13267857305
13267857352
13267857839
13267858220
13267858257
13267858615
13267858629
13267858693
13267858937
13267858960
13267859017
13267859031
13267859102
13267859172
13267859293
13267859358
13267859360
13267859652
13267859656
13267859680
13267859702
13267859736
13267859816
13267859852
13267859862
13267860236
13267860269
13267860392
13267860593
13267860867
13267860891
13267860982
13267861097
13267861261
13267861352
13267861596
13267861629
13267861631
13267861851
13267862057
13267862529
13267863156
13267863293
13267863591
13267863759
13267863820
13267863861
13267865103
13267865319
13267865592
13267865891
13267865902
13267865923
13267865967
13267866023
13267868192
13267868589
13267870093
13267870135
13267870180
13267870236
13267870253
13267870350
13267870352
13267870531
13267870910
13267870960
13267871286
13267871551
13267871606
13267871906
13267872092
13267872140
13267872156
13267872219
13267872391
13267872585
13267872613
13267872812
13267872820
13267873032
13267873161
13267873260
13267873536
13267873853
13267873913
13267873925
13267875006
13267875010
13267875036
13267875061
13267875232
13267875239
13267875265
13267875293
13267875471
13267875472
13267875923
13267875963
13267876039
13267876053
13267876105
13267876125
13267876159
13267876195
13267876201
13267876235
13267876320
13267876390
13267876392
13267876602
13267876653
13267876692
13267876831
13267876953
13267876982
13267877137
13267877685
13267877921
13267877937
13267877953
13267877956
13267877968
13267877983
13267878036
13267878065
13267878087
13267878153
13267878351
13267878362
13267878560
13267878737
13267878939
13267878970
13267879006
13267879015
13267879017
13267879060
13267879083
13267879102
13267879103
13267879156
13267879251
13267879280
13267879330
13267879359
13267879367
13267879379
13267879550
13267879551
13267879596
13267879620
13267879635
13267879660
13267879729
13267879830
13267879865
13267879871
13267880139
13267880387
13267880613
13267880750
13267880761
13267880785
13267880792
13267881157
13267881312
13267881352
13267881527
13267881720
13267881760
13267881905
13267882161
13267882261
13267882703
13267882780
13267882932
13267882972
13267882997
13267883156
13267883205
13267883570
13267883591
13267883712
13267883853
13267885063
13267885597
13267885779
13267885912
13267886023
13267886035
13267886050
13267886201
13267886283
13267886319
13267886509
13267886538
13267886571
13267886737
13267886772
13267886792
13267886795
13267886802
13267886803
13267886813
13267886819
13267886852
13267886895
13267887060
13267887067
13267887105
13267887163
13267887189
13267887209
13267887219
13267887232
13267887303
13267887331
13267887385
13267887393
13267887515
13267887519
13267887550
13267887601
13267887691
13267887695
13267887715
13267887730
13267887937
13267887962
13267887991
13267888057
13267888103
13267888201
13267888225
13267888260
13267888281
13267888357
13267888393
13267888590
13267888790
13267888953
13267889020
13267889197
13267889208
13267889216
13267889219
13267889257
13267889260
13267889262
13267889273
13267889285
13267889289
13267889332
13267889336
13267889337
13267889375
13267889385
13267889506
13267889515
13267889530
13267889536
13267889537
13267889683
13267889771
13267889905
13267889923
13267889932
13267889952
13267889953
13267891637
13267891736
13267891825
13267892157
13267893516
13267893621
13267893792
13267895293
13267895929
13267897251
13267897602
13267898019
13267898357
13286950027
13286950067
13286950078
13286950097
13286950120
13286950126
13286950127
13286950128
13286950135
13286950137
13286950162
13286950171
13286950173
13286950174
13286950176
13286950227
13286950269
13286950297
13286950310
13286950368
13286950369
13286950374
13286950376
13286950501
13286950507
13286950530
13286950562
13286950580
13286950612
13286950626
13286950635
13286950663
13286950669
13286950686
13286950701
13286950752
13286950760
13286950761
13286950770
13286950798
13286950809
13286950813
13286950831
13286950860
13286950879
13286950905
13286950932
13286950952
13286950961
13286950971
13286950986
13286951001
13286951002
13286951019
13286951031
13286951043
13286951059
13286951076
13286951102
13286951186
13286951193
13286951196
13286951273
13286951289
13286951297
13286951309
13286951330
13286951369
13286951373
13286951380
13286951391
13286951556
13286951563
13286951569
13286951573
13286951621
13286951623
13286951635
13286951653
13286951658
13286951659
13286951705
13286951707
13286951712
13286951713
13286951718
13286951719
13286951741
13286951758
13286951762
13286951786
13286951797
13286951816
13286951831
13286951859
13286951895
13286951898
13286951917
13286952025
13286952026
13286952065
13286952087
13286952116
13286952120
13286952263
13286952273
13286952293
13286952301
13286952312
13286952360
13286952365
13286952379
13286952557
13286952560
13286952561
13286952562
13286952580
13286952612
13286952635
13286952652
13286952653
13286952663
13286952686
13286952750
13286952778
13286952782
13286952791
13286952860
13286952881
13286952890
13286952901
13286952902
13286952915
13286952937
13286952969
13286952981
13286953050
13286953070
13286953089
13286953137
13286953153
13286953173
13286953175
13286953189
13286953190
13286953192
13286953202
13286953219
13286953253
13286953259
13286953274
13286953290
13286953293
13286953307
13286953319
13286953376
13286953392
13286953502
13286953527
13286953553
13286953558
13286953586
13286953592
13286953629
13286953652
13286953662
13286953756
13286953807
13286953825
13286953862
13286953880
13286953890
13286953926
13286953932
13286953959
13286953995
13286955037
13286955059
13286955071
13286955082
13286955169
13286955173
13286955231
13286955237
13286955305
13286955317
13286955350
13286955387
13286955393
13286955690
13286955691
13286955697
13286955857
13286955862
13286955878
13286955883
13286955950
13286955967
13286955976
13286955997
13286956010
13286956020
13286956056
13286956118
13286956131
13286956139
13286956151
13286956162
13286956231
13286956328
13286956332
13286956339
13286956397
13286956587
13286956790
13286956823
13286956827
13286957001
13286957010
13286957085
13286957096
13286957103
13286957117
13286957153
13286957182
13286957203
13286957216
13286957236
13286957239
13286957296
13286957329
13286957656
13286957695
13286957696
13286957810
13286957827
13286957883
13286957910
13286958007
13286958036
13286958157
13286958175
13286958178
13286958263
13286958292
13286958606
13286958607
13286958632
13286958782
13286958792
13286958795
13286958853
13286958890
13286958929
13286958962
13286958969
13286959007
13286959050
13286959089
13286959273
13286959390
13286959506
13286959651
13286959727
13286959731
13286959798
13286959865
13286959870
13286959879
13286959881
13286959937
13286960013
13286960027
13286960051
13286960213
13286960221
13286960275
13286960293
13286960298
13286960531
13286960535
13286960537
13286960539
13286960550
13286960605
13286960692
13286960693
13286960751
13286960763
13286960793
13286960796
13286960975
13286960992
13286961005
13286961026
13286961056
13286961078
13286961136
13286961170
13286961207
13286961217
13286961273
13286961302
13286961319
13286961352
13286961550
13286961592
13286961635
13286961637
13286961650
13286961723
13286961735
13286961795
13286961801
13286961810
13286961816
13286961819
13286961930
13286961957
13286961958
13286961990
13286962027
13286962031
13286962035
13286962053
13286962137
13286962176
13286962295
13286962337
13286962373
13286962396
13286962529
13286962535
13286962559
13286962582
13286962589
13286962630
13286962752
13286962762
13286962783
13286962801
13286962829
13286962839
13286962851
13286962862
13286962907
13286962917
13286962956
13286962959
13286963058
13286963061
13286963076
13286963115
13286963153
13286963192
13286963203
13286963350
13286963362
13286963376
13286963379
13286963389
13286963509
13286963575
13286963625
13286963718
13286963731
13286963735
13286963815
13286963880
13286963891
13286963937
13286964107
13286965051
13286965091
13286965121
13286965230
13286965235
13286965239
13286965278
13286965332
13286965583
13286965635
13286965651
13286965786
13286965794
13286965796
13286965806
13286965830
13286965937
13286965957
13286965986
13286966005
13286966038
13286966207
13286966212
13286966221
13286966269
13286966279
13286966512
13286966591
13286966708
13286966753
13286966760
13286966761
13286966779
13286966825
13286966850
13286966861
13286966862
13286966978
13286967019
13286967105
13286967191
13286967205
13286967216
13286967283
13286967285
13286967305
13286967306
13286967361
13286967539
13286967557
13286967603
13286967630
13286967662
13286967681
13286967686
13286967723
13286967753
13286967761
13286967807
13286967829
13286967835
13286968020
13286968036
13286968072
13286968103
13286968213
13286968369
13286968379
13286968393
13286968552
13286968565
13286968582
13286968710
13286968737
13286968752
13286969028
13286969125
13286969170
13286969195
13286969291
13286969337
13286969372
13286969502
13286969657
13286969772
13286969793
13286969851
13286969930
13286969978
13286969982
13286970539
13286970857
13286970875
13286971507
13286971519
13286971825
13286972137
13286972780
13286973161
13286973173
13286973792
13286973857
13286975067
13286975176
13286975273
13286975719
13286975897
13286975925
13286976137
13286976907
13286979037
13286979107
13286979129
13286979271
13286979279
13286979357
13286979373
13286980058
13286980106
13286980117
13286980126
13286980136
13286980153
13286980167
13286980190
13286980212
13286980235
13286980239
13286980253
13286980259
13286980271
13286980289
13286980291
13286980301
13286980319
13286980321
13286980330
13286980332
13286980350
13286980396
13286980507
13286980512
13286980515
13286980516
13286980523
13286980532
13286980539
13286980557
13286980562
13286980569
13286980585
13286980591
13286980592
13286980598
13286980630
13286980650
13286980657
13286980660
13286980673
13286980687
13286980690
13286980691
13286980697
13286980710
13286980715
13286980730
13286980731
13286980737
13286980753
13286980757
13286980760
13286980761
13286980776
13286980780
13286980832
13286980919
13286980972
13286981152
13286981178
13286981215
13286981252
13286981256
13286981331
13286981381
13286981551
13286981763
13286981829
13286981891
13286981980
13286982061
13286982068
13286982106
13286982192
13286982201
13286982330
13286982360
13286982369
13286982516
13286982635
13286982732
13286982772
13286982832
13286982909
13286982936
13286982969
13286983020
13286983039
13286983083
13286983092
13286983106
13286983119
13286983180
13286983182
13286983195
13286983217
13286983230
13286983312
13286983350
13286983365
13286983391
13286983395
13286983573
13286983770
13286983926
13286983936
13286983956
13286983980
13286985073
13286985090
13286985097
13286985101
13286985113
13286985165
13286985195
13286985229
13286985231
13286985241
13286985257
13286985307
13286985321
13286985330
13286985338
13286985368
13286985371
13286985397
13286985750
13286985760
13286985761
13286985819
13286985835
13286985867
13286985881
13286985882
13286985891
13286985907
13286985916
13286985921
13286985950
13286985956
13286986031
13286986069
13286986103
13286986106
13286986165
13286986201
13286986238
13286986258
13286986286
13286986317
13286986320
13286986326
13286986335
13286986338
13286986528
13286986539
13286986579
13286986652
13286986715
13286986837
13286986903
13286986925
13286986931
13286986971
13286986992
13286987006
13286987031
13286987120
13286987137
13286987162
13286987179
13286987193
13286987297
13286987312
13286987316
13286987328
13286987336
13286987350
13286987361
13286987380
13286987395
13286987501
13286987519
13286987553
13286987561
13286987569
13286987691
13286987692
13286987705
13286987706
13286987791
13286987837
13286987851
13286987929
13286987992
13286988163
13286988235
13286988256
13286988257
13286988259
13286988261
13286988272
13286988275
13286988278
13286988280
13286988307
13286988316
13286988317
13286988319
13286988352
13286988360
13286988385
13286988386
13286988393
13286988395
13286988516
13286988552
13286988557
13286988560
13286988562
13286988572
13286988576
13286988581
13286988587
13286988603
13286988612
13286988621
13286988652
13286988690
13286988693
13286988713
13286988717
13286988719
13286988721
13286988727
13286988737
13286988751
13286988753
13286988772
13286988776
13286988793
13286988795
13286988901
13286988907
13286988912
13286989050
13286989059
13286989065
13286989067
13286989085
13286989106
13286989115
13286989167
13286989206
13286989237
13286989251
13286989258
13286989272
13286989305
13286989317
13286989327
13286989329
13286989351
13286989370
13286989383
13286989501
13286989510
13286989597
13286989657
13286989695
13286989720
13286989750
13286989770
13286989903
13286989956
13286989962
13286991965
13286993250
13286996151
13286997105
15521341954
15521345726
15521346327
15521346352
15521346371
15521348075
15521348193
15521348672
15521350359
15521350869
15521350952
15521351053
15521351596
15521351603
15521351625
15521351719
15521351932
15521352601
15521352606
15521352613
15521352637
15521352682
15521352750
15521352761
15521352781
15521352785
15521352791
15521352796
15521352832
15521352835
15521352850
15521352856
15521352865
15521352871
15521352873
15521352912
15521352919
15521352930
15521352951
15521352953
15521352967
15521352982
15521353021
15521353027
15521353052
15521353063
15521353067
15521353069
15521353075
15521353079
15521353081
15521353087
15521353097
15521353102
15521353170
15521353185
15521353197
15521353216
15521353251
15521353267
15521353271
15521353283
15521353293
15521353312
15521353503
15521353630
15521353657
15521353681
15521353702
15521353710
15521353751
15521353752
15521353791
15521353801
15521353825
15521353832
15521353869
15521353891
15521353902
15521353906
15521353912
15521353913
15521353917
15521353921
15521353952
15521353962
15521353963
15521353967
15521355061
15521355065
15521355073
15521355103
15521356215
15521356236
15521356269
15521356369
15521356516
15521356613
15521358021
15521358231
15521358392
15521358965
15521358967
15521359010
15521359017
15521359037
15521359070
15521359185
15521359219
15521359269
15521359301
15521359387
15521359529
15521359550
15521359572
15521359617
15521359662
15521359726
15521359765
15521359850
15521360162
15521360359
15521360376
15521360823
15521360839
15521360959
15521360965
15521361032
15521361035
15521361039
15521361056
15521361096
15521361279
15521361301
15521361309
15521361370
15521361517
15521361627
15521361632
15521361637
15521366163
15521366797
15521366851
15521368129
15521368160
15521368653
15521369025
15521369710
15521630285
15521630289
15521630319
15521630502
15521630569
15521630693
15521630879
15521630903
15521631162
15521631259
15521631393
15521631853
15521631890
15521631969
15521632305
15521632315
15521632610
15521632783
15521632819
15521632965
15521633156
15521633281
15521633562
15521633853
15521633905
15521635030
15521635037
15521635382
15521635392
15521635929
15521636225
15521636827
15521637236
15521637609
15521638010
15521638021
15521638153
15521638195
15521638501
15521638612
15521638701
15521638790
15521638925
15521638936
15521639065
15521639067
15521639115
15521639262
15521639275
15521639357
15521639385
15521639525
15521639565
15521639603
15521639609
15521639683
15521639862
15521640276
15521640537
15521640570
15521640592
15521640653
15521640736
15521640832
15521640856
15521640937
15521641051
15521641305
15521641631
15521641657
15521641775
15521641975
15521642087
15521642137
15521642559
15521642675
15521642701
15521642832
15521642853
15521642865
15521642960
15521642963
15521643602
15521643630
15521643807
15521645079
15521645262
15521645932
15521645971
15521646067
15521646192
15521646357
15521646982
15521647032
15521647069
15521647093
15521647105
15521647197
15521647237
15521647503
15521647635
15521647709
15521650279
15521650297
15521650676
15521650761
15521650937
15521651091
15521651096
15521651182
15521651673
15521652215
15521652702
15521652756
15521652797
15521653257
15521653279
15521653762
15521653859
15521655195
15521655712
15521655760
15521656260
15521656276
15521656287
15521656927
15521656956
15521657079
15521657192
15521657193
15521657351
15521657357
15521657371
15521657982
15521658163
15521658170
15521658182
15521658392
15521658673
15521658923
15521659071
15521659281
15521659307
15521659323
15521659375
15521659637
15521659670
15521659702
15521659715
15521660393
15521660530
15521660593
15521660653
15521661326
15521661562
15521662096
15521662150
15521662303
15521662856
15521662930
15521663029
15521663035
15521663125
15521663129
15521663190
15521663260
15521663591
15521663691
15521663829
15521664350
15521664603
15521664687
15521664697
15521664713
15521664730
15521664746
15521664767
15521664790
15521665015
15521665016
15521665059
15521665232
15521665296
15521665835
15521666382
15521668196
15521668201
15521668396
15521668936
15521669153
15521669781
15521670525
15521670573
15521670592
15521670596
15521671307
15521671350
15521671393
15521671632
15521671832
15521671861
15521672397
15521672501
15521672601
15521672610
15521672635
15521672653
15521673027
15521673061
15521673291
15521673440
15521673470
15521673479
15521673481
15521673482
15521673493
15521673495
15521673536
15521673647
15521673743
15521673843
15521673846
15521673847
15521673872
15521673907
15521673942
15521673946
15521673950
15521675263
15521675532
15521675867
15521675912
15521675969
15521676032
15521676169
15521676296
15521676352
15521678256
15521678303
15521678390
15521678752
15521678903
15521679125
15521679280
15521679285
15521679287
15521679386
15521679621
15521679630
15521679682
15521679805
15521679831
15521679836
15521679871
15521680083
15521680112
15521680136
15521680156
15521680160
15521680265
15521680271
15521680321
15521680357
15521680530
15521680569
15521680891
15521680895
15521680910
15521680952
15521681160
15521681192
15521681335
15521681365
15521681392
15521681659
15521682130
15521682136
15521682161
15521682612
15521682673
15521682732
15521682735
15521682751
15521682915
15521683029
15521683073
15521683105
15521683163
15521683302
15521683390
15521683517
15521683556
15521683630
15521683651
15521683767
15521683829
15521685063
15521685221
15521685360
15521685382
15521685393
15521685532
15521685583
15521685619
15521685669
15521685750
15521685781
15521685923
15521686029
15521686103
15521686120
15521686295
15521686505
15521686525
15521686529
15521686561
15521686620
15521686705
15521687239
15521687631
15521687652
15521688037
15521688503
15521688573
15521688960
15521689023
15521689032
15521689051
15521689501
15521689717
15521689767
15521689782
15521689871
15521690036
15521690061
15521690102
15521690190
15521690191
15521690315
15521690681
15521690982
15521691032
15521691353
15521691803
15521691869
15521691965
15521692069
15521692161
15521692283
15521692653
15521692860
15521693016
15521693220
15521693620
15521693802
15521693951
15521693959
15521693969
15521695010
15521695156
15521695621
15521695801
15521695892
15521695901
15521695931
15521696003
15521696029
15521696160
15521696191
15521696196
15521696203
15521696293
15521696312
15521696320
15521696331
15521696395
15521696809
15521696862
15521696923
15521698131
15521698231
15521698269
15521698281
15521698362
15521698932
15521699320
15521699603
15627165795
15627167651
15627168539
16607592544
16607595141
16607596427
16607598244
16607598264
16607598274
16607598374
16607598410
16607598454
16607598472
16607598542
16626450135
16626450141
16626450142
16626450143
16626450154
16626450165
16626450170
16626450172
16626450176
16626450194
16626450195
16626450237
16626450240
16626450251
16626450261
16626450264
16626450271
16626450274
16626450281
16626450294
16626450342
16626450343
16626450347
16626450351
16626450362
16626450367
16626450371
16626450374
16626450376
16626450384
16626450394
16626450437
16626450447
16626450454
16626450459
16626450462
16626450464
16626450469
16626450470
16626450473
16626450474
16626450481
16626450491
16626450497
16626450537
16626450543
16626450574
16626450581
16626450584
16626450592
16626450629
16626450631
16626450637
16626450647
16626450649
16626450653
16626450672
16626450675
16626450679
16626450681
16626450735
16626450740
16626450741
16626450743
16626450746
16626450747
16626450761
16626450763
16626450774
16626450785
16626450791
16626450794
16626450840
16626450843
16626450846
16626450851
16626450894
16626450931
16626450932
16626450934
16626450941
16626450942
16626450943
16626450947
16626450964
16626450967
16626450983
16626450984
16626450985
16626451035
16626451036
16626451041
16626451042
16626451046
16626451049
16626451053
16626451064
16626451071
16626451074
16626451075
16626451076
16626451081
16626451084
16626451094
16626451097
16626451180
16626451249
16626451269
16626451274
16626451275
16626451285
16626451302
16626451304
16626451361
16626451364
16626451365
16626451371
16626451374
16626451375
16626451384
16626451394
16626451425
16626451427
16626451429
16626451437
16626451450
16626451459
16626451463
16626451470
16626451471
16626451472
16626451479
16626451483
16626451485
16626451487
16626451490
16626451493
16626451495
16626451496
16626451506
16626451524
16626451547
16626451562
16626451564
16626451565
16626451571
16626451574
16626451579
16626451586
16626451590
16626451592
16626451594
16626451601
16626451630
16626451631
16626451643
16626451649
16626451672
16626451673
16626451690
16626451693
16626451694
16626451695
16626451702
16626451706
16626451709
16626451713
16626451723
16626451725
16626451729
16626451734
16626451740
16626451742
16626451743
16626451751
16626451759
16626451783
16626451790
16626451794
16626451801
16626451829
16626451834
16626451841
16626451842
16626451853
16626451854
16626451864
16626451874
16626451875
16626451879
16626451894
16626451901
16626451904
16626451917
16626451940
16626451941
16626451954
16626451964
16626451967
16626452037
16626452064
16626452135
16626452140
16626452146
16626452171
16626452173
16626452174
16626452179
16626452185
16626452197
16626452271
16626452357
16626452362
16626452367
16626452384
16626452395
16626452397
16626452403
16626452407
16626452412
16626452431
16626452450
16626452470
16626452471
16626452474
16626452480
16626452487
16626452490
16626452492
16626452497
16626452503
16626452504
16626452507
16626452513
16626452514
16626452570
16626452573
16626452576
16626452579
16626452597
16626452612
16626452649
16626452670
16626452680
16626452694
16626452701
16626452724
16626452730
16626452732
16626452739
16626452745
16626452751
16626452754
16626452756
16626452764
16626452765
16626452785
16626452793
16626452796
16626452832
16626452847
16626452849
16626452854
16626452901
16626453901
16626454601
16626454612
16626454671
16626454673
16626454685
16626454701
16626454702
16626454703
16626454712
16626454713
16626454714
16626454720
16626454723
16626454724
16626454725
16626454727
16626454730
16626454731
16626454732
16626454735
16626454736
16626454743
16626454751
16626454753
16626454760
16626454763
16626454780
16626454784
16626454791
16626454801
16626454804
16626454813
16626454821
16626454824
16626454834
16626454837
16626454841
16626454851
16626454852
16626454853
16626454862
16626454867
16626454869
16626454871
16626454872
16626454874
16626454902
16626454903
16626454905
16626454915
16626454916
16626454924
16626454927
16626454931
16626454935
16626454937
16626454961
16626454962
16626454967
16626454974
16626454975
16626454982
16626454985
16626455017
16626455072
16626455094
16626455107
16626455164
16626455174
16626455247
16626455257
16626455279
16626455293
16626455294
16626455314
16626455346
16626455349
16626455371
16626455391
16626455396
16626455402
16626455409
16626455410
16626455467
16626455487
16626455493
16626455604
16626456204
16626456237
16626456240
16626456241
16626456270
16626456271
16626456275
16626456293
16626456294
16626456297
16626456302
16626456307
16626456314
16626456317
16626456324
16626456340
16626456341
16626456349
16626456354
16626456367
16626456371
16626456384
16626456391
16626456392
16626456397
16626456412
16626456413
16626456417
16626456424
16626456431
16626456434
16626456435
16626456445
16626456457
16626456462
16626456467
16626456473
16626456474
16626456479
16626456494
16626456495
16626456497
16626456507
16626456510
16626456527
16626456531
16626456532
16626456539
16626456540
16626456541
16626456549
16626456573
16626456575
16626456583
16626456584
16626456586
16626456709
16626456743
16626456746
16626456752
16626456753
16626456764
16626456790
16626456814
16626456815
16626456834
16626456842
16626456846
16626456849
16626456857
16626456897
16626456901
16626456904
16626456910
16626456931
16626456934
16626456940
16626456941
16626456943
16626456950
16626456951
16626456954
16626456957
16626456971
16626456975
16626457014
16626457021
16626457025
16626457029
16626457032
16626457041
16626457042
16626457043
16626457046
16626457049
16626457052
16626457061
16626457063
16626457064
16626457072
16626457095
16626457097
16626457104
16626457106
16626457107
16626457124
16626457125
16626457129
16626457135
16626457139
16626457145
16626457146
16626457147
16626457149
16626457151
16626457152
16626457154
16626457163
16626457173
16626457184
16626457191
16626457197
16626457202
16626457203
16626457204
16626457205
16626457209
16626457219
16626457231
16626457235
16626457237
16626457241
16626457243
16626457246
16626457249
16626457253
16626457254
16626457257
16626457279
16626457290
16626457292
16626457295
16626457301
16626457304
16626457305
16626457316
16626457324
16626457327
16626457341
16626457342
16626457350
16626457351
16626457352
16626457359
16626457364
16626457365
16626457367
16626457370
16626457375
16626457385
16626457392
16626457394
16626457404
16626457406
16626457407
16626457413
16626457416
16626457417
16626457420
16626457421
16626457424
16626457425
16626457431
16626457434
16626457449
16626457450
16626457452
16626457454
16626457460
16626457463
16626457465
16626457471
16626457482
16626457485
16626457486
16626457492
16626457494
16626457495
16626457496
16626457503
16626457504
16626457514
16626457527
16626457534
16626457535
16626457536
16626457537
16626457539
16626457540
16626457543
16626457547
16626457551
16626457563
16626457564
16626457580
16626457583
16626457594
16626457601
16626457604
16626457612
16626457613
16626457627
16626457634
16626457635
16626457637
16626457641
16626457642
16626457673
16626457681
16626457684
16626457685
16626457690
16626457694
16626457801
16626457804
16626457815
16626457817
16626457824
16626457829
16626457831
16626457834
16626457835
16626457837
16626457845
16626457851
16626457852
16626457853
16626457854
16626457860
16626457876
16626457903
16626457913
16626457924
16626457925
16626457934
16626457935
16626457940
16626457941
16626457942
16626457945
16626457947
16626457956
16626457962
16626457970
16626457972
16626457984
16626458014
16626458021
16626458027
16626458029
16626458034
16626458037
16626458042
16626458047
16626458049
16626458053
16626458057
16626458059
16626458065
16626458069
16626458071
16626458074
16626458091
16626458093
16626458096
16626458097
16626458103
16626458104
16626458107
16626458127
16626458134
16626458137
16626458139
16626458141
16626458142
16626458147
16626458151
16626458156
16626458163
16626458167
16626458172
16626458174
16626458175
16626458176
16626458191
16626458194
16626458205
16626458213
16626458231
16626458232
16626458235
16626458237
16626458241
16626458246
16626458247
16626458253
16626458257
16626458261
16626458267
16626458270
16626458274
16626458275
16626458279
16626458291
16626458293
16626458294
16626458297
16626458301
16626458304
16626458305
16626458307
16626458309
16626458315
16626458324
16626458327
16626458334
16626458340
16626458341
16626458346
16626458347
16626458349
16626458350
16626458352
16626458354
16626458360
16626458361
16626458364
16626458367
16626458371
16626458372
16626458374
16626458375
16626458391
16626458394
16626458402
16626458405
16626458410
16626458412
16626458415
16626458417
16626458419
16626458423
16626458427
16626458429
16626458432
16626458434
16626458439
16626458440
16626458442
16626458443
16626458447
16626458451
16626458452
16626458453
16626458454
16626458461
16626458462
16626458467
16626458471
16626458472
16626458473
16626458474
16626458475
16626458479
16626458490
16626458493
16626458495
16626458501
16626458504
16626458510
16626458519
16626458524
16626458534
16626458540
16626458541
16626458546
16626458547
16626458549
16626458561
16626458562
16626458564
16626458571
16626458573
16626458575
16626458576
16626458591
16626458595
16626458602
16626458610
16626458612
16626458624
16626458625
16626458631
16626458632
16626458634
16626458635
16626458637
16626458641
16626458643
16626458647
16626458674
16626458684
16626458692
16626458694
16626458709
16626458712
16626458714
16626458723
16626458724
16626458740
16626458741
16626458744
16626458747
16626458749
16626458751
16626458753
16626458764
16626458794
16626458874
16626458905
16626458940
16626458953
16626458954
16626458962
16626458967
16626458973
16626459023
16626459029
16626459032
16626459035
16626459053
16626459056
16626459057
16626459063
16626459065
16626459071
16626459073
16626459082
16626459097
16626459105
16626459107
16626459129
16626459130
16626459132
16626459150
16626459152
16626459157
16626459159
16626459170
16626459172
16626459175
16626459195
16626459197
16626459206
16626459216
16626459230
16626459237
16626459250
16626459252
16626459262
16626459265
16626459267
16626459269
16626459276
16626459301
16626459302
16626459303
16626459315
16626459317
16626459325
16626459351
16626459353
16626459357
16626459361
16626459365
16626459371
16626459375
16626459385
16626459501
16626459506
16626459531
16626459561
16626459563
16626459570
16626459601
16626459616
16626459617
16626459621
16626459627
16626459631
16626459632
16626460113
16626460153
16626460162
16626460165
16626460173
16626460179
16626460190
16626460272
16626460275
16626460279
16626460287
16626460295
16626460350
16626460351
16626460357
16626460362
16626460375
16626460392
16626460573
16626460585
16626460691
16626460752
16626460753
16626460781
16626460791
16626460795
16626460837
16626460861
16626460931
16626460932
16626460960
16626460963
16626460973
16626461092
16626461172
16626461251
16626461257
16626461295
16626461305
16626461329
16626461352
16626461501
16626461563
16626461571
16626461581
16626461592
16626461705
16626461721
16626461725
16626461752
16626461791
16626461792
16626461870
16626461903
16626461951
16626461953
16626462073
16626462075
16626462076
16626462315
16626462317
16626462352
16626462362
16626462516
16626462573
16626462579
16626462593
16626462671
16626462675
16626462709
16626462730
16626462751
16626462817
16626462857
16626462897
16626462901
16626462907
16626462909
16626462937
16626462951
16626462985
16626463019
16626463020
16626463051
16626463067
16626463072
16626463075
16626463097
16626463119
16626463125
16626463156
16626463157
16626463159
16626463160
16626463173
16626463176
16626463185
16626463187
16626463207
16626463251
16626463259
16626463267
16626463287
16626463295
16626463502
16626463503
16626463507
16626463509
16626463527
16626463561
16626463570
16626463580
16626463582
16626463586
16626463595
16626463685
16626463702
16626463723
16626463725
16626463751
16626463785
16626463793
16626463801
16626463802
16626463827
16626463861
16626463930
16626463931
16626463951
16626463965
16626463971
16626465017
16626465067
16626465073
16626465081
16626465092
16626465106
16626465107
16626465125
16626465153
16626465157
16626465163
16626465167
16626465170
16626465171
16626465197
16626465236
16626465307
16626465310
16626465371
16626465372
16626465387
16626465397
16626465701
16626465710
16626465712
16626465713
16626465729
16626465735
16626465736
16626465759
16626465761
16626465781
16626465782
16626465791
16626465807
16626465812
16626465837
16626465863
16626465871
16626465872
16626465891
16626465903
16626465924
16626465926
16626465931
16626465934
16626465940
16626465942
16626465943
16626465944
16626465945
16626465947
16626465954
16626465971
16626465972
16626465979
16626465983
16626466014
16626466024
16626466094
16626466104
16626466141
16626466142
16626466143
16626466149
16626466203
16626466214
16626466217
16626466249
16626466251
16626466270
16626466279
16626466295
16626466314
16626466325
16626466342
16626466384
16626466402
16626466407
16626466413
16626466419
16626466430
16626466451
16626466457
16626466471
16626466473
16626466493
16626466495
16626466497
16626466584
16626466597
16626466736
16626466739
16626466740
16626466742
16626466743
16626466744
16626466745
16626466746
16626466749
16626466754
16626466794
16626466804
16626466841
16626466901
16626466920
16626466941
16626466950
16626466954
16626467024
16626467025
16626467031
16626467034
16626467041
16626467043
16626467045
16626467049
16626467053
16626467054
16626467074
16626467084
16626467091
16626467104
16626467124
16626467125
16626467134
16626467143
16626467147
16626467149
16626467160
16626467194
16626467215
16626467248
16626467249
16626467254
16626467256
16626467257
16626467265
16626467284
16626467294
16626467297
16626467301
16626467304
16626467305
16626467323
16626467324
16626467327
16626467342
16626467347
16626467349
16626467352
16626467354
16626467364
16626467365
16626467367
16626467381
16626467382
16626467384
16626467394
16626467402
16626467403
16626467405
16626467407
16626467413
16626467421
16626467430
16626467431
16626467434
16626467436
16626467437
16626467439
16626467441
16626467449
16626467452
16626467457
16626467461
16626467462
16626467463
16626467469
16626467481
16626467482
16626467483
16626467484
16626467486
16626467489
16626467491
16626467493
16626467495
16626467503
16626467524
16626467534
16626467541
16626467542
16626467543
16626467545
16626467546
16626467548
16626467562
16626467584
16626467603
16626467609
16626467623
16626467634
16626467635
16626467639
16626467640
16626467645
16626467647
16626467652
16626467680
16626467764
16626467794
16626467817
16626467824
16626467830
16626467834
16626467837
16626467846
16626467853
16626467864
16626467874
16626467894
16626467907
16626467924
16626467941
16626467942
16626467943
16626467948
16626467953
16626467965
16626468014
16626468024
16626468034
16626468041
16626468043
16626468045
16626468054
16626468074
16626468091
16626468094
16626468104
16626468105
16626468114
16626468120
16626468124
16626468125
16626468134
16626468140
16626468143
16626468144
16626468146
16626468147
16626468149
16626468150
16626468153
16626468154
16626468157
16626468164
16626468171
16626468174
16626468194
16626468204
16626468231
16626468243
16626468250
16626468257
16626468264
16626468267
16626468273
16626468274
16626468293
16626468295
16626468304
16626468309
16626468314
16626468324
16626468327
16626468341
16626468342
16626468347
16626468349
16626468352
16626468354
16626468357
16626468359
16626468364
16626468372
16626468374
16626468402
16626468404
16626468407
16626468412
16626468413
16626468414
16626468415
16626468419
16626468423
16626468424
16626468425
16626468427
16626468429
16626468430
16626468431
16626468435
16626468437
16626468440
16626468442
16626468443
16626468445
16626468450
16626468451
16626468452
16626468453
16626468454
16626468457
16626468462
16626468465
16626468470
16626468471
16626468475
16626468476
16626468479
16626468485
16626468490
16626468491
16626468492
16626468493
16626468495
16626468509
16626468516
16626468534
16626468540
16626468541
16626468542
16626468544
16626468547
16626468549
16626468579
16626468596
16626468641
16626468644
16626468647
16626468674
16626468694
16626468701
16626468713
16626468714
16626468721
16626468724
16626468731
16626468734
16626468740
16626468741
16626468743
16626468745
16626468747
16626468749
16626468753
16626468764
16626468784
16626468791
16626468793
16626468907
16626468915
16626468924
16626468934
16626468937
16626468940
16626468941
16626468942
16626468943
16626468945
16626468947
16626468949
16626468950
16626468954
16626468964
16626468971
16626468975
16626468976
16626469036
16626469052
16626469061
16626469157
16626469163
16626469212
16626469302
16626469357
16626469372
16626469375
16626469376
16626469391
16626469507
16626469532
16626469572
16626469587
16626469612
16626469710
16626469723
16626469751
16626469761
16626469763
16626470025
16626470137
16626470139
16626470151
16626470152
16626470156
16626470160
16626470161
16626470167
16626470172
16626470173
16626470176
16626470180
16626470182
16626470185
16626470191
16626470192
16626470193
16626470197
16626470235
16626470236
16626470237
16626470239
16626470251
16626470252
16626470257
16626470261
16626470263
16626470265
16626470271
16626470272
16626470275
16626470281
16626470285
16626470287
16626470297
16626470351
16626470352
16626470359
16626470362
16626470373
16626470375
16626470390
16626470393
16626470397
16626470532
16626470537
16626470562
16626470569
16626470571
16626470580
16626470581
16626470586
16626470587
16626470592
16626470596
16626470620
16626470653
16626470657
16626470672
16626470675
16626470681
16626470691
16626470692
16626470697
16626470750
16626470752
16626470761
16626470787
16626470792
16626470795
16626470796
16626470837
16626470851
16626470853
16626470863
16626470865
16626470873
16626470875
16626470895
16626470897
16626470919
16626470931
16626470950
16626470952
16626470953
16626470956
16626470957
16626470965
16626470970
16626470971
16626470973
16626470980
16626470987
16626471035
16626471037
16626471039
16626471052
16626471057
16626471061
16626471062
16626471073
16626471075
16626471079
16626471081
16626471082
16626471085
16626471090
16626471092
16626471093
16626471095
16626471097
16626471157
16626471213
16626471253
16626471256
16626471262
16626471263
16626471265
16626471267
16626471273
16626471275
16626471279
16626471292
16626471293
16626471295
16626471297
16626471301
16626471310
16626471329
16626471337
16626471353
16626471359
16626471365
16626471375
16626471390
16626471391
16626471395
16626471502
16626471503
16626471506
16626471513
16626471517
16626471526
16626471527
16626471530
16626471531
16626471532
16626471539
16626471560
16626471561
16626471562
16626471569
16626471570
16626471576
16626471579
16626471582
16626471583
16626471587
16626471591
16626471593
16626471601
16626471607
16626471612
16626471623
16626471625
16626471631
16626471635
16626471651
16626471672
16626471673
16626471675
16626471676
16626471690
16626471692
16626471695
16626471702
16626471705
16626471709
16626471720
16626471721
16626471731
16626471739
16626471750
16626471752
16626471762
16626471769
16626471782
16626471785
16626471790
16626471792
16626471795
16626471803
16626471825
16626471826
16626471831
16626471832
16626471837
16626471850
16626471857
16626471859
16626471867
16626471871
16626471875
16626471892
16626471902
16626471905
16626471906
16626471907
16626471913
16626471923
16626471925
16626471930
16626471931
16626471932
16626471951
16626471953
16626471956
16626471962
16626471965
16626471970
16626471975
16626471982
16626472032
16626472057
16626472061
16626472062
16626472063
16626472067
16626472101
16626472102
16626472109
16626472129
16626472132
16626472135
16626472136
16626472139
16626472157
16626472163
16626472165
16626472170
16626472186
16626472187
16626472190
16626472191
16626472192
16626472193
16626472205
16626472239
16626472307
16626472319
16626472327
16626472351
16626472357
16626472359
16626472362
16626472365
16626472371
16626472375
16626472381
16626472387
16626472390
16626472392
16626472395
16626472501
16626472502
16626472503
16626472506
16626472513
16626472517
16626472519
16626472523
16626472530
16626472536
16626472552
16626472557
16626472560
16626472562
16626472565
16626472571
16626472572
16626472573
16626472576
16626472583
16626472587
16626472590
16626472591
16626472593
16626472610
16626472617
16626472627
16626472631
16626472632
16626472653
16626472659
16626472671
16626472675
16626472681
16626472692
16626472695
16626472701
16626472703
16626472712
16626472731
16626472739
16626472751
16626472753
16626472756
16626472762
16626472767
16626472791
16626472793
16626472795
16626472805
16626472806
16626472807
16626472809
16626472813
16626472815
16626472831
16626472832
16626472856
16626472871
16626472872
16626472873
16626472891
16626472895
16626472897
16626472907
16626472913
16626472923
16626472937
16626472950
16626472953
16626472956
16626472959
16626472961
16626472963
16626472970
16626472972
16626472975
16626472980
16626473023
16626473025
16626473032
16626473035
16626473052
16626473053
16626473057
16626473063
16626473072
16626473075
16626473076
16626473085
16626473087
16626473092
16626473093
16626473095
16626473102
16626473106
16626473107
16626473117
16626473137
16626473150
16626473151
16626473157
16626473160
16626473161
16626473163
16626473165
16626473167
16626473171
16626473179
16626473182
16626473186
16626473187
16626473190
16626473196
16626473197
16626473201
16626473202
16626473203
16626473215
16626473219
16626473227
16626473252
16626473253
16626473257
16626473259
16626473260
16626473265
16626473271
16626473281
16626473292
16626473293
16626473295
16626473297
16626473502
16626473503
16626473507
16626473509
16626473513
16626473516
16626473517
16626473523
16626473526
16626473529
16626473530
16626473560
16626473561
16626473562
16626473563
16626473570
16626473571
16626473573
16626473575
16626473580
16626473582
16626473587
16626473592
16626473593
16626473597
16626473603
16626473605
16626473612
16626473623
16626473625
16626473632
16626473637
16626473650
16626473651
16626473652
16626473653
16626473667
16626473675
16626473681
16626473692
16626473695
16626473697
16626473703
16626473709
16626473713
16626473715
16626473725
16626473751
16626473759
16626473760
16626473765
16626473805
16626473807
16626473810
16626473812
16626473821
16626473825
16626473850
16626473856
16626473872
16626473892
16626473902
16626473903
16626473905
16626473906
16626473912
16626473921
16626473930
16626473931
16626473952
16626473956
16626473957
16626473960
16626473961
16626473962
16626473965
16626473970
16626473976
16626473985
16626475019
16626475021
16626475027
16626475029
16626475031
16626475037
16626475039
16626475063
16626475065
16626475069
16626475073
16626475075
16626475079
16626475082
16626475085
16626475091
16626475092
16626475093
16626475096
16626475097
16626475102
16626475109
16626475129
16626475132
16626475136
16626475153
16626475160
16626475162
16626475163
16626475165
16626475169
16626475171
16626475172
16626475173
16626475190
16626475192
16626475193
16626475196
16626475231
16626475261
16626475262
16626475265
16626475267
16626475269
16626475270
16626475271
16626475295
16626475296
16626475301
16626475305
16626475306
16626475309
16626475317
16626475320
16626475325
16626475327
16626475357
16626475371
16626475372
16626475376
16626475382
16626475387
16626475393
16626475397
16626475605
16626475607
16626475609
16626475610
16626475615
16626475621
16626475627
16626475629
16626475630
16626475632
16626475639
16626475673
16626475679
16626475689
16626475692
16626475695
16626475697
16626475702
16626475710
16626475712
16626475725
16626475730
16626475735
16626475739
16626475762
16626475790
16626475792
16626475803
16626475809
16626475812
16626475815
16626475831
16626475839
16626475852
16626475862
16626475871
16626475875
16626475876
16626475891
16626475892
16626475897
16626475901
16626475902
16626475906
16626475907
16626475910
16626475913
16626475923
16626475932
16626475935
16626475936
16626475937
16626475957
16626475961
16626475962
16626475970
16626475975
16626476015
16626476025
16626476027
16626476035
16626476075
16626476076
16626476085
16626476091
16626476095
16626476102
16626476107
16626476109
16626476129
16626476135
16626476159
16626476170
16626476172
16626476175
16626476183
16626476203
16626476213
16626476215
16626476217
16626476231
16626476251
16626476252
16626476253
16626476270
16626476273
16626476276
16626476283
16626476287
16626476292
16626476325
16626476351
16626476357
16626476359
16626476371
16626476372
16626476391
16626476392
16626476397
16626476507
16626476512
16626476516
16626476527
16626476539
16626476591
16626476596
16626476597
16626476672
16626476675
16626476702
16626476732
16626476739
16626476753
16626476790
16626476792
16626476805
16626476817
16626476825
16626476830
16626476835
16626476837
16626476871
16626476895
16626476901
16626476910
16626476912
16626476923
16626476927
16626476935
16626476967
16626476970
16626476973
16626476985
16626477013
16626477051
16626477053
16626477056
16626477151
16626477193
16626477230
16626477236
16626477285
16626477293
16626477305
16626477312
16626477325
16626477372
16626477391
16626477505
16626477509
16626477515
16626477516
16626477536
16626477583
16626477589
16626477593
16626477601
16626477609
16626477630
16626477650
16626477652
16626477653
16626477659
16626477802
16626477831
16626477861
16626477862
16626477901
16626477902
16626477903
16626477931
16626477961
16626477985
16626478030
16626478032
16626478051
16626478053
16626478057
16626478062
16626478065
16626478069
16626478071
16626478072
16626478091
16626478127
16626478135
16626478157
16626478165
16626478170
16626478175
16626478179
16626478192
16626478193
16626478195
16626478197
16626478217
16626478231
16626478237
16626478251
16626478252
16626478257
16626478261
16626478271
16626478273
16626478291
16626478306
16626478315
16626478327
16626478350
16626478352
16626478359
16626478360
16626478371
16626478372
16626478391
16626478392
16626478397
16626478501
16626478503
16626478517
16626478523
16626478525
16626478527
16626478537
16626478539
16626478562
16626478571
16626478573
16626478575
16626478590
16626478593
16626478601
16626478602
16626478607
16626478625
16626478629
16626478637
16626478652
16626478653
16626478657
16626478671
16626478673
16626478692
16626478705
16626478709
16626478715
16626478717
16626478720
16626478723
16626478732
16626478735
16626478753
16626478761
16626478763
16626478875
16626478901
16626478925
16626478927
16626478932
16626478937
16626479013
16626479021
16626479023
16626479031
16626479035
16626479037
16626479051
16626479053
16626479067
16626479071
16626479081
16626479101
16626479102
16626479103
16626479105
16626479130
16626479132
16626479157
16626479162
16626479170
16626479185
16626479207
16626479217
16626479219
16626479231
16626479232
16626479237
16626479253
16626479256
16626479263
16626479270
16626479281
16626479285
16626479293
16626479296
16626479303
16626479307
16626479315
16626479325
16626479327
16626479352
16626479356
16626479362
16626479365
16626479369
16626479372
16626479376
16626479385
16626479387
16626479395
16626479507
16626479509
16626479510
16626479517
16626479526
16626479531
16626479562
16626479563
16626479569
16626479573
16626479582
16626479589
16626479592
16626479602
16626479603
16626479609
16626479613
16626479632
16626479652
16626479690
16626479710
16626479713
16626479725
16626479730
16626479731
16626479735
16626479751
16626479752
16626479760
16626479763
16626479765
16626479785
16626479825
16626479827
16626479830
16626479832
16626479837
16626479857
16626479862
16626479873
16626479875
16626479985
16675906934
16675907156
16675910694
16675912854
16675912964
16675913041
16675913402
16675914842
16675914974
16675915304
16675915394
16675916204
16675916394
16675917481
16675918294
16675918674
16675918943
16675919524
16675920964
16675923604
16675924374
16675924604
16675925742
16675926247
16675926403
16675927347
16675928143
16675928164
16675928451
16675928463
16675928465
16675928471
16675933467
16675933472
16675933496
16675933497
16675933514
16675933541
16675933547
16675933584
16675933604
16675933624
16675933640
16675933641
16675933674
16675933742
16675933745
16675933947
16675934013
16675934014
16675934015
16675934016
16675934026
16675934031
16675934035
16675934041
16675934054
16675934062
16675934072
16675934079
16675934084
16675934087
16675934093
16675934096
16675934106
16675934109
16675934124
16675934143
16675934145
16675934161
16675934164
16675934165
16675934169
16675934170
16675934171
16675934172
16675934173
16675934175
16675934179
16675934192
16675934193
16675934201
16675934207
16675934212
16675934215
16675934216
16675934225
16675934232
16675934236
16675934247
16675934249
16675934251
16675934279
16675934283
16675934292
16675934297
16675934301
16675934305
16675934312
16675934315
16675934317
16675934325
16675934351
16675934364
16675934365
16675934367
16675934371
16675934372
16675934374
16675934382
16675934467
16675934506
16675934507
16675934514
16675934529
16675934531
16675934562
16675934565
16675934571
16675934594
16675934597
16675934610
16675934614
16675934615
16675934621
16675934640
16675934641
16675934650
16675934651
16675934671
16675934674
16675934679
16675934690
16675934703
16675934704
16675934713
16675934735
16675934743
16675934751
16675934752
16675934764
16675934783
16675934784
16675934791
16675934794
16675934796
16675934801
16675934804
16675934823
16675934840
16675934847
16675934850
16675934857
16675934862
16675934874
16675934897
16675934927
16675934937
16675934941
16675934953
16675934964
16675934985
16675935014
16675935041
16675935047
16675935064
16675935104
16675935124
16675935130
16675935140
16675935143
16675935147
16675935149
16675935154
16675935174
16675935243
16675935245
16675935249
16675935284
16675935346
16675935374
16675935403
16675935404
16675935407
16675935421
16675935436
16675935439
16675935461
16675935472
16675935475
16675935476
16675935480
16675935494
16675935495
16675935604
16675935634
16675935643
16675935654
16675935704
16675935740
16675935741
16675935742
16675935754
16675935756
16675935794
16675935804
16675935842
16675935843
16675935892
16675935924
16675935934
16675935943
16675936725
16675937023
16675938254
16675938264
16675938274
16675938284
16675938294
16675938304
16675938324
16675938340
16675938343
16675938346
16675938347
16675938364
16675938374
16675938401
16675938402
16675938405
16675938406
16675938409
16675938410
16675938412
16675938413
16675938415
16675938416
16675938417
16675938419
16675938420
16675938421
16675938423
16675938427
16675938429
16675938430
16675938431
16675938432
16675938435
16675938437
16675938439
16675938443
16675938445
16675938450
16675938454
16675938457
16675938459
16675938460
16675938461
16675938462
16675938463
16675938464
16675938465
16675938467
16675938469
16675938470
16675938472
16675938473
16675938475
16675938476
16675938479
16675938483
16675938492
16675938495
16675938504
16675938514
16675938534
16675938540
16675938542
16675938543
16675938546
16675938547
16675938549
16675938564
16675938594
16675938604
16675938614
16675938624
16675938634
16675938640
16675938641
16675938643
16675938644
16675938645
16675938646
16675938647
16675938674
16675938704
16675938714
16675938724
16675938734
16675938740
16675938741
16675938746
16675938750
16675938764
16675938904
16675938914
16675938934
16675938940
16675938941
16675938942
16675938944
16675938964
16675938974
16675939014
16675939040
16675939041
16675939042
16675939043
16675939045
16675939047
16675939054
16675939064
16675939073
16675939074
16675939084
16675939104
16675939124
16675939140
16675939143
16675939144
16675939146
16675939154
16675939164
16675939170
16675939174
16675939176
16675939194
16675939204
16675939214
16675939243
16675939247
16675939249
16675939254
16675939284
16675939342
16675939347
16675939401
16675939403
16675939404
16675939407
16675939410
16675939414
16675939416
16675939424
16675939454
16675939457
16675939462
16675939463
16675939470
16675939472
16675939492
16675939541
16675939542
16675939546
16675939564
16675939574
16675939584
16675939604
16675939624
16675939704
16675939724
16675939743
16675939747
16675939749
16675939764
16675939784
16675939834
16675950141
16675950164
16675950243
16675950247
16675950384
16675950646
16675950647
16675950674
16675950794
16675950843
16675951042
16675951045
16675951057
16675951084
16675951094
16675951249
16675951284
16675951394
16675951429
16675951483
16675951487
16675951645
16675951675
16675951742
16675951804
16675951843
16675951874
16675952074
16675952164
16675952174
16675952461
16675952495
16675952564
16675952640
16675952641
16675952694
16675952742
16675952754
16675952764
16675952843
16675952845
16675952864
16675952874
16675952894
16675952941
16675952945
16675953047
16675953054
16675953143
16675953149
16675953194
16675953204
16675953240
16675953247
16675953249
16675953274
16675953372
16675953412
16675953427
16675953504
16675953584
16675953642
16675953647
16675953649
16675953754
16675953854
16675953874
16675953945
16675954023
16675954047
16675954067
16675954073
16675954079
16675954109
16675954132
16675954137
16675954159
16675954162
16675954184
16675954185
16675954187
16675954193
16675954217
16675954237
16675954249
16675954250
16675954263
16675954275
16675954290
16675954293
16675954294
16675954314
16675954315
16675954317
16675954349
16675954350
16675954387
16675954397
16675954531
16675954571
16675954572
16675954573
16675954580
16675954592
16675954601
16675954614
16675954629
16675954630
16675954631
16675954641
16675954643
16675954670
16675954687
16675954694
16675954697
16675954713
16675954725
16675954726
16675954729
16675954761
16675954790
16675954793
16675954805
16675954852
16675954871
16675954874
16675954930
16675954951
16675954965
16675954971
16675955754
16675955824
16675955834
16675955849
16675956043
16675956045
16675956074
16675956142
16675956174
16675956214
16675956274
16675956304
16675956314
16675956341
16675956384
16675956394
16675956409
16675956425
16675956435
16675956472
16675956492
16675956574
16675956742
16675956824
16675956941
16675956945
16675957154
16675957264
16675957294
16675957341
16675957394
16675957430
16675957451
16675957478
16675957614
16675957649
16675957847
16675958014
16675958034
16675958064
16675958124
16675958140
16675958174
16675958264
16675958294
16675958324
16675958412
16675958415
16675958450
16675958460
16675958472
16675958479
16675958540
16675958634
16675958740
16675958742
16675958764
16675958784
17576826957
17576827359
17576827390
17576827635
17576827639
17576827675
17576827685
17576827805
17576827852
17576827861
17576827906
17576827910
17576827913
17576827916
17576827920
17576827935
17576827967
17576827981
17576828301
17576828306
17576828309
17576828359
17576828370
17576828371
17576828372
17576828473
17576828476
17576828480
17576828490
17576828495
17576828497
17576828504
17576828514
17576828525
17576828534
17576828540
17576828541
17576828546
17576828547
17576828554
17576828560
17576828584
17576828590
17576828594
17576828634
17576828640
17576828641
17576828902
17576828905
17576828925
17576828930
17576828936
17576828951
17576828957
17576828965
17576828967
17576828970
17576828973
17576828976
17576829015
17576829016
17576829026
17576829031
17576829035
17576829036
17576829052
17576829053
17576829056
17576829062
17576829065
17576829073
17576829079
17576829085
17576829097
17576829102
17576829105
17576829120
17576829143
17576829144
17576829146
17576829147
17576829154
17576829164
17576829194
17576829204
17576829214
17576829241
17576829246
17576829274
17576829275
17576829280
17576829283
17576829295
17576829301
17576829303
17576829305
17576829306
17576829307
17576829314
17576829316
17576829329
17576829343
17576829346
17576829349
17576829350
17576829351
17576829352
17576829353
17576829354
17576829357
17576829359
17576829360
17576829362
17576829363
17576829365
17576829367
17576829370
17576829371
17576829794
17576829802
17576829803
17576829804
17576829805
17576829807
17576829809
17576829812
17576829814
17576829821
17576839465
17576839471
17576839476
17576839491
17576839534
17576839542
17576839574
17576839620
17576839623
17576839624
17576839642
17576839646
17576839671
17576839684
17576839704
17576839713
17576839741
17576839814
17576839841
17576839842
17576839846
17576839847
17607591083
17676175873
17676500675
17676501561
17676501594
17676501702
17676502043
17676502364
17676502419
17676502435
17676502475
17676502764
17676502831
17676502834
17676503164
17676503186
17676503192
17676503195
17676503540
17676503627
17676503784
17676503892
17676504180
17676504236
17676504247
17676504292
17676504307
17676504396
17676504515
17676504627
17676504632
17676504701
17676504735
17676504746
17676504791
17676504804
17676504827
17676504853
17676504854
17676504915
17676504967
17676505273
17676505407
17676505416
17676505463
17676505473
17676505697
17676505851
17676506146
17676506191
17676506249
17676506264
17676506274
17676506284
17676506384
17676506402
17676506417
17676506483
17676506490
17676506492
17676506524
17676506792
17676506915
17676506932
17676507036
17676507039
17676507151
17676507180
17676509210
17676509272
17676509305
17676509320
17676509380
17676518375
17676518796
17676519272
17676519326
17676519356
17676519395
17676519507
17676519517
17676519560
17676519572
17676519687
17676519702
17676519785
17676519827
18575919474
18575931435
18575931481
18575931485
18575931492
18575931496
18575931649
18575931964
18575932047
18575932147
18575932450
18575932492
18575932624
18575932943
18575933421
18575933453
18575933584
18575934075
18575934112
18575934213
18575934852
18575934962
18575935334
18575935341
18575935424
18575935429
18575935495
18575935784
18575936104
18575936340
18575936641
18575936934
18575937242
18575937304
18575937401
18575937402
18575937403
18575937432
18575937437
18575937447
18575937479
18575937494
18575937546
18575937647
18575937734
18575937754
18575937894
18575937934
18575937942
18575937943
18575937947
18575937964
18575952937
18575956241
18575956790
18575957610
18575964209
18575966734
18575969534
18575969746
18607595294
18607595641
18675991374
18675991445
18675992814
18675992845
18675994510
18675995241
18675995465
33361902512
56938942439