13005660734
13005661504
13005661744
13005662146
13005662194
13005663274
13005664021
13005664031
13005664032
13005664053
13005664074
13005664076
13005664078
13005664114
13005664120
13005664164
13005664165
13005664197
13005664240
13005664241
13005664374
13005664385
13005664387
13005664406
13005664594
13005664651
13005664807
13005664851
13005664865
13005664910
13005664969
13005664980
13005665470
13005665473
13005665475
13005665644
13005665704
13005665824
13005665974
13005667142
13005667145
13005667412
13005667415
13005667459
13005667487
13005667491
13005668467
13005671397
13005679735
13005681621
13005682054
13005682944
13005683021
13005683610
13005685293
13018503576
13018503827
13018504164
13018508434
13025669172
13025669672
13025670273
13025670587
13025670753
13025671213
13025672613
13025673502
13025673531
13025675013
13025679031
13025679207
13025679356
13025682571
13025683587
13025685031
13025685160
13025687317
13025689627
13035801757
13035807517
13035810269
13035811736
13035815302
13035826357
13035829370
13035830272
13035831261
13035831265
13035831305
13035831529
13035831592
13035831692
13035831727
13035832073
13035832307
13035832571
13035832637
13035832672
13035832702
13035832970
13035832972
13035833791
13035835172
13035835193
13035836712
13035836760
13035837065
13035837325
13035837562
13035839715
13035843024
13035845096
13035845272
13035845923
13035845951
13035847034
13035849672
13035849752
13035851797
13035853701
13035855172
13046253594
13046257495
13046258544
13046258657
13046258724
13046259571
13046259794
13046264307
13046264310
13046264907
13046264961
13046265193
13046265304
13046265364
13046265384
13046265429
13046265470
13046265941
13046266572
13046267325
13046268121
13046268254
13046268715
13046269450
13046269716
13046270140
13046270145
13046270423
13046270441
13046270556
13046270647
13046270741
13046271064
13046271392
13046271454
13046271456
13046271465
13046272474
13046272595
13046272657
13046272665
13046272694
13046273291
13046273394
13046273463
13046273491
13046273514
13046273740
13046273816
13046274143
13046274372
13046274461
13046275014
13046275214
13046275271
13046275467
13046275790
13046275940
13046276448
13046276594
13046277246
13046277352
13046278240
13046278532
13046278549
13046278741
13046278749
13046278930
13046278964
13046279447
13046279452
13046279461
13046279463
13046279491
13046280284
13046281054
13046282442
13046283794
13046283971
13046284734
13046285794
13046289214
13046290854
13046291624
13046291743
13046292034
13046295146
13046295974
13046296075
13046296764
13046297167
13046297214
13046297421
13046298394
13068516921
13068517032
13068519252
13068535937
13071600437
13071601042
13071601044
13071601445
13071601483
13071601487
13071601493
13071601684
13071602446
13071602450
13071602464
13071602634
13071602694
13071602704
13071603147
13071603148
13071603494
13071603741
13071603746
13071603846
13071603974
13071604612
13071604654
13071604821
13071604959
13071604969
13071605478
13071606304
13071606314
13071606341
13071606490
13071606491
13071606496
13071607145
13071607364
13071607423
13071607435
13071607448
13071607584
13071607734
13071608041
13071608240
13071608244
13071608249
13071608465
13071608543
13071609242
13071609294
13071609410
13071609412
13071609417
13071609440
13071609448
13071609564
13071609574
13071609754
13071610561
13071610915
13071611503
13071612601
13071612703
13071613176
13071615257
13071615370
13071617537
13071617581
13071617923
13071618253
13071618352
13071618657
13071618753
13071619025
13071619162
13071619315
13071619503
13071620795
13071621081
13071621251
13071621263
13071621375
13071621817
13071622197
13071622395
13071623159
13071623191
13071623531
13071623587
13071638781
13071690084
13071690343
13071692734
13104982674
13104983291
13104985349
13104987846
13126046275
13126047941
13126048541
13126049746
13126090345
13126090541
13126091443
13126091740
13126091948
13126092346
13126092434
13126092740
13126092944
13126094356
13126094394
13126094426
13126094534
13126094537
13126094653
13126094791
13126094941
13126095340
13126095467
13126095485
13126095642
13126095644
13126095843
13126095846
13126096491
13126096841
13126097041
13126097247
13126097463
13126097464
13126097741
13126098246
13126098340
13126098643
13126099340
13126099409
13126099415
13126099476
13138725942
13138740132
13138740161
13138741560
13138742607
13138743251
13138743670
13138745187
13138745721
13138748573
13138749252
13138749729
13138754740
13138754795
13138790612
13138791556
13138791682
13138791690
13138791727
13169160661
13169161351
13169162210
13169162237
13169164181
13169164481
13169193381
13169194281
13169760243
13189504261
13189506942
13189509441
13189517479
13189521094
13189524970
13189529063
13189534045
13189534291
13189536041
13189536441
13189536787
13189540935
13189541592
13189542152
13189543481
13189552352
13189576153
13189576170
13189576352
13189581481
13232161792
13232165807
13232168307
15626706201
15626714475
15626717542
15626720571
15627510043
15627510049
15627510146
15627510249
15627510453
15627510454
15627510461
15627510543
15627510574
15627510643
15627510746
15627510849
15627510854
15627511042
15627511245
15627511247
15627511404
15627511412
15627511469
15627511475
15627511478
15627511493
15627511644
15627511684
15627511840
15627512084
15627512142
15627512204
15627512384
15627512460
15627512469
15627512471
15627512564
15627512649
15627512846
15627513284
15627513417
15627513428
15627513645
15627513842
15627513864
15627513894
15627513904
15627514021
15627514042
15627514060
15627514097
15627514115
15627514126
15627514213
15627514285
15627514297
15627514330
15627514417
15627514507
15627514554
15627514601
15627514702
15627514705
15627514734
15627514928
15627515294
15627515334
15627515403
15627515419
15627515452
15627515497
15627515664
15627515743
15627515904
15627515948
15627516504
15627516864
15627516943
15627517194
15627517478
15627517495
15627517541
15627517824
15627518440
15627518441
15627518462
15627518495
15627518549
15627518614
15627518764
15627518946
15627518974
15627519147
15627519324
15627519426
15627519441
15627519483
15627519491
15627519664
15627519764
15627519846
15627519864
15627519943
15627562870
15627593871
16698071475
16698074473
16698074703
16698078485
17506282749
17506282784
17506282845
17506283149
17506283735
17506284049
17506284507
17506284671
17506284682
17506285470
17506286304
17506287572
17506288424
17506289014
17520581443
17520584817
17520587431
17520591603
17520596271
17520596410
17606680594
18575114309
18675680414
18675680445
18675681450
18675681461
18675681604
18675682144
18675682641
18675683194
18675683714
18675683941