13018702501
13018702931
13018703925
13018705103
13018705325
13018706210
13018708935
13025350149
13025350174
13025350349
13025350434
13025350437
13025350445
13025350447
13025350465
13025350467
13025350469
13025350482
13025350494
13025350542
13025350549
13025350574
13025350694
13025350784
13025350941
13025351042
13025351243
13025351394
13025351401
13025351423
13025351457
13025351464
13025351467
13025351469
13025351474
13025351484
13025351491
13025351497
13025351504
13025351584
13025351594
13025351642
13025351647
13025351684
13025351734
13025351742
13025351745
13025351794
13025351849
13025351854
13025351904
13025351947
13025352104
13025352247
13025352294
13025352406
13025352409
13025352412
13025352417
13025352425
13025352475
13025352479
13025352481
13025352486
13025352642
13025352694
13025352740
13025352844
13025353247
13025353342
13025353461
13025353495
13025353496
13025353634
13025354032
13025354041
13025354052
13025354064
13025354074
13025354097
13025354204
13025354214
13025354246
13025354272
13025354285
13025354326
13025354349
13025354376
13025354385
13025354417
13025354459
13025354479
13025354493
13025354506
13025354519
13025354592
13025354601
13025354607
13025354614
13025354659
13025354702
13025354724
13025354751
13025354759
13025354762
13025354764
13025354767
13025354843
13025354859
13025354862
13025354867
13025354870
13025354874
13025354891
13025354912
13059570295
13059570573
13059570591
13059571371
13059571375
13059571576
13059571709
13059571737
13059571950
13059572079
13059572125
13059572387
13059572551
13059572570
13059572576
13059572672
13059572705
13059572730
13059572857
13059572876
13059572897
13059573151
13059573171
13059573252
13059573581
13059573702
13059573719
13059573817
13059575162
13059575176
13059575731
13059576107
13059576276
13059576367
13059576571
13059576937
13059576971
13059576973
13059576975
13059577276
13059577539
13059577653
13059578067
13059578375
13059578752
13059578927
13059579057
13059579157
13059579327
13059579360
13059579372
13059579510
13059579537
13076643709
13149020357
13149020367
13149020371
13149020379
13149020397
13149020431
13149020469
13149020476
13149020485
13149020493
13149020494
13149020534
13149020536
13149020562
13149020573
13149020574
13149020579
13149020582
13149020584
13149020595
13149020631
13149020632
13149020634
13149020641
13149020642
13149020645
13149020651
13149020653
13149020659
13149020671
13149020674
13149020683
13149020687
13149020693
13149020695
13149020735
13149020751
13149020754
13149020759
13149020761
13149020762
13149020769
13149020783
13149020795
13149020846
13149020847
13149020852
13149020867
13149020871
13149020873
13149020891
13149020947
13149021032
13149021034
13149021041
13149021045
13149021053
13149021054
13149021063
13149021070
13149021074
13149021075
13149021076
13149021095
13149021096
13149021140
13149021152
13149021175
13149021176
13149021179
13149021240
13149021241
13149021245
13149021251
13149021253
13149021256
13149021259
13149021264
13149021271
13149021274
13149021275
13149021276
13149021287
13149021294
13149021297
13149021324
13149021325
13149021342
13149021347
13149021353
13149021360
13149021376
13149021394
13149021397
13149021403
13149021406
13149021421
13149021429
13149021430
13149021461
13149021482
13149021493
13149021496
13149021501
13149021503
13149021504
13149021507
13149021517
13149021524
13149021530
13149021535
13149021546
13149021547
13149021570
13149021572
13149021575
13149021576
13149021604
13149021632
13149021635
13149021637
13149021640
13149021641
13149021643
13149021647
13149021649
13149021651
13149021653
13149021664
13149021671
13149021673
13149021691
13149021697
13149021702
13149021703
13149021705
13149021706
13149021709
13149021712
13149021714
13149021721
13149021725
13149021731
13149021734
13149021735
13149021736
13149021737
13149021742
13149021747
13149021754
13149021756
13149021761
13149021764
13149021792
13149021796
13149021825
13149021831
13149021834
13149021837
13149021847
13149021849
13149021850
13149021851
13149021852
13149021865
13149021870
13149021871
13149021874
13149021875
13149021927
13149021937
13149021941
13149021946
13149021954
13149021957
13149021961
13149021964
13149021967
13149022046
13149022062
13149022097
13149022173
13149022184
13149022194
13149022351
13149022372
13149022436
13149022453
13149022479
13149022504
13149022506
13149022517
13149022531
13149022542
13149022572
13149022573
13149022576
13149022582
13149022601
13149022605
13149022635
13149022643
13149022675
13149022734
13149022747
13149022783
13149022793
13149022794
13149022796
13149022804
13149022807
13149022835
13149022846
13149023019
13149023027
13149023029
13149023031
13149023047
13149023051
13149023052
13149023054
13149023056
13149023057
13149023059
13149023071
13149023075
13149023094
13149023097
13149023102
13149023105
13149023106
13149023107
13149023126
13149023135
13149023141
13149023145
13149023154
13149023162
13149023169
13149023170
13149023172
13149023175
13149023176
13149023185
13149023195
13149023217
13149023247
13149023274
13149023275
13149023281
13149023284
13149023294
13149023297
13149023315
13149023379
13149023381
13149023402
13149023403
13149023505
13149023526
13149023537
13149023581
13149023586
13149023591
13149023592
13149023605
13149023620
13149023653
13149023656
13149023671
13149023673
13149023675
13149023695
13149023703
13149023705
13149023712
13149023715
13149023716
13149023719
13149023727
13149023735
13149023750
13149023761
13149023767
13149023782
13149023783
13149023785
13149023797
13149023807
13149023851
13149023853
13149023857
13149023859
13149023865
13149023870
13149023871
13149023873
13149023905
13149023912
13149023921
13149023936
13149023937
13149023953
13149023957
13149023971
13149023975
13149023976
13149025016
13149025027
13149025031
13149025035
13149025053
13149025056
13149025062
13149025067
13149025071
13149025075
13149025079
13149025087
13149025093
13149025097
13149025105
13149025106
13149025129
13149025137
13149025153
13149025157
13149025159
13149025162
13149025173
13149025192
13149025217
13149025237
13149025260
13149025271
13149025305
13149025325
13149025326
13149025327
13149025365
13149025367
13149025371
13149025372
13149025376
13149025379
13149025397
13149025512
13149025560
13149025607
13149025610
13149025617
13149025619
13149025621
13149025623
13149025627
13149025630
13149025657
13149025671
13149025693
13149025701
13149025702
13149025706
13149025713
13149025716
13149025725
13149025726
13149025729
13149025730
13149025751
13149025753
13149025763
13149025765
13149025782
13149025785
13149025787
13149025791
13149025793
13149025795
13149025801
13149025802
13149025817
13149025837
13149025851
13149025860
13149025861
13149025870
13149025872
13149025895
13149025897
13149025916
13149025927
13149025932
13149025951
13149025960
13149025961
13149025965
13149025973
13149025982
13149026027
13149026032
13149026037
13149026065
13149026072
13149026073
13149026075
13149026085
13149026150
13149026152
13149026165
13149026171
13149026175
13149026197
13149026231
13149026237
13149026251
13149026253
13149026279
13149026287
13149026292
13149026305
13149026312
13149026319
13149026327
13149026351
13149026352
13149026357
13149026367
13149026372
13149026375
13149026379
13149026392
13149026397
13149026501
13149026519
13160569571
13160594876
13169731607
13169732752
13169733724
13169737260
13169738353
13178487571
13178495837
13192781752
13192783015
13192785021
13192786251
13192787583
13192796726
13217630637
13217631057
13217635736
13217635759
13217636573
13217638561
13226587329
13226587592
13226589761
13226593761
13229815037
13229816723
13229818759
13229820134
13229820145
13229820243
13229820347
13229820454
13229820484
13229820534
13229820541
13229820549
13229820647
13229820841
13229820847
13229821042
13229821247
13229821274
13229821354
13229821364
13229821374
13229821394
13229821410
13229821454
13229821486
13229821495
13229821497
13229821524
13229821564
13229821594
13229821604
13229821641
13229821643
13229821645
13229821704
13229821724
13229821744
13229821745
13229821841
13229821874
13229821944
13229821964
13229822104
13229822124
13229822146
13229822346
13229822413
13229822491
13229822542
13229822574
13229822584
13229822634
13229822643
13229822646
13229822694
13229823024
13229823042
13229823047
13229823049
13229823094
13229823144
13229823154
13229823194
13229823204
13229823346
13229823364
13229823407
13229823410
13229823429
13229823437
13229823446
13229823449
13229823514
13229823524
13229823549
13229823642
13229823644
13229823645
13229823674
13229823742
13229823844
13229823944
13229823974
13229823984
13229824019
13229824034
13229824054
13229824064
13229824104
13229824105
13229824106
13229824107
13229824115
13229824127
13229824146
13229824160
13229835723
13229840372
13229840595
13229840657
13229840952
13229840976
13229841073
13229841296
13229841305
13229841573
13229841692
13229841761
13229841935
13229842129
13229842172
13229842173
13229842360
13229842376
13229842395
13229842587
13229842931
13229842937
13229842957
13229843026
13229843129
13229843723
13229845079
13229845165
13229845961
13229845965
13229846075
13229846076
13229846130
13229846231
13229846250
13229846271
13229846273
13229846525
13229846795
13229846907
13229847250
13229847326
13229847532
13229847619
13229847815
13229847871
13229848079
13229848137
13229848156
13229848225
13229848721
13229848729
13229848795
13229849172
13229849173
13229849315
13229849536
13229849579
13232450539
13232450835
13232450871
13232451270
13232451297
13232451359
13232451367
13232451692
13232451762
13232452197
13232452265
13232452371
13232452572
13232452602
13232452691
13232452927
13232453605
13232453607
13232453701
13232453721
13232453791
13232453792
13232453867
13232456151
13232456279
13232456927
13232457017
13232457025
13232457162
13232457301
13232457325
13232457501
13232457532
13232457617
13232457825
13232457962
13232457971
13232457972
13232458157
13232458267
13232458306
13232458501
13232458561
13232458627
13232458671
13232458732
13232458752
13232458761
13232459153
13232459173
13232459231
13232459267
13232459315
13232459381
13232459570
13232459576
13232459617
13232459753
13232460159
13232460230
13232460587
13232460631
13232460679
13232461376
13232461850
13232462057
13232462191
13232462303
13232462370
13232462537
13232462610
13232462730
13232463615
13232463825
13232463975
13232465171
13232465197
13232465275
13232465967
13232465973
13232466207
13232466327
13232467037
13232467085
13232467329
13232467795
13232467817
13232468052
13232468260
13232468750
13232468781
13232468796
13232469072
13232469217
13232469251
13232469703
13232469765
13232469785
13232469857
13232470161
13232470169
13232470387
13232470593
13232470651
13232470652
13232470681
13232471396
13232471536
13232471537
13232471593
13232471627
13232471659
13232471692
13232471726
13232471896
13232472065
13232472193
13232480941
13232486237
13232486259
13232486931
13232486957
13232486959
13232486970
13232487157
13232487253
13232487325
13232487351
13232487391
13232487527
13232487560
13232487630
13232487905
13232488670
13232489021
13232489531
13232489625
13232489753
13232840161
13232840175
13232840351
13232840513
13232840590
13232840637
13232840652
13232840751
13232840759
13232840853
13232841076
13232841275
13232841291
13232841329
13232841371
13232841556
13232841623
13232841631
13232841651
13232841673
13232841751
13232841807
13232841857
13232841867
13232841879
13232841907
13232842057
13232842137
13232842185
13232842197
13232842371
13232842513
13232842596
13232842671
13232842697
13232842701
13232842716
13232842781
13232842956
13232842957
13232843025
13232843197
13232843507
13232843592
13232843725
13232843792
13232843935
13232843962
13232843972
13232843976
13232845061
13232845062
13232845071
13232845073
13232845095
13232845157
13232845372
13232845379
13232845387
13232845637
13232845719
13232845752
13232845761
13232845791
13232845829
13232845852
13232845875
13232845930
13232845967
13232845972
13232845987
13232846107
13232846153
13232846302
13232846325
13232846357
13232846371
13232846531
13232846536
13232846570
13232846572
13232846597
13232846705
13232846719
13232846957
13232847019
13232847025
13232847075
13232847120
13232847232
13232847253
13232847267
13232847540
13232848140
13232848541
13232848761
13232848763
13232849267
13232849621
13232849653
13232849750
13232849867
13232970436
13232970462
13232971357
13232971401
13232971637
13232973875
13242372165
13242372179
13242372271
13242372291
13242372295
13242372337
13242372350
13242372352
13242372356
13242372357
13242372371
13242372375
13242372376
13242372381
13242372397
13242372509
13242372510
13242372515
13242372523
13242372526
13242372529
13242372530
13242372531
13242372537
13242372557
13242372561
13242372562
13242372565
13242372569
13242372581
13242372591
13242372593
13242372595
13242372596
13242372605
13242372607
13242372612
13242372617
13242372630
13242372637
13242372652
13242372657
13242372659
13242372671
13242372683
13242372685
13242372697
13242372703
13242372705
13242372706
13242372709
13242372715
13242372735
13242372739
13242372752
13242372753
13242372785
13242372787
13242372791
13242372792
13242372793
13242372807
13242372817
13242372825
13242372827
13242372831
13242372832
13242372835
13242372837
13242372839
13242372851
13242372853
13242372857
13242372860
13242372865
13242372871
13242372892
13242372893
13242372895
13242372901
13242372905
13242372907
13242372910
13242372913
13242372921
13242372927
13242372931
13242372935
13242372951
13242372953
13242372961
13242372965
13242372967
13242372975
13242372976
13242373015
13242373016
13242373025
13242373027
13242373029
13242373031
13242373036
13242373053
13242373057
13242373059
13242373067
13242373072
13242373075
13242373085
13242373087
13242373095
13242373096
13242373097
13242373101
13242373125
13242373127
13242373153
13242373156
13242373157
13242373160
13242373167
13242373170
13242373172
13242373176
13242373207
13242373217
13242373253
13242373276
13242373279
13242373292
13242373297
13242373317
13242373327
13242373359
13242373372
13242373387
13242373501
13242373503
13242373512
13242373517
13242373519
13242373529
13242373531
13242373537
13242373562
13242373570
13242373572
13242373575
13242373581
13242373582
13242373597
13242373605
13242373607
13242373610
13242373617
13242373621
13242373625
13242373629
13242373631
13242373632
13242373635
13242373637
13242373650
13242373651
13242373652
13242373653
13242373671
13242373702
13242373717
13242373803
13242373810
13242373817
13242373827
13242373835
13242373852
13242373853
13242373857
13242373861
13242373867
13242373870
13242373871
13242373876
13242373892
13242373895
13242373907
13242373910
13242373915
13242373916
13242373917
13242373921
13242373937
13242373951
13242373952
13242373953
13242373956
13242373957
13242373959
13242373962
13242373963
13242373972
13242373973
13242373979
13242375070
13242375075
13242375079
13242375087
13242375157
13242375173
13242375176
13242375267
13242375271
13242375287
13242375291
13242375297
13242375307
13242375317
13242375329
13242375367
13242375371
13242375372
13242375373
13242375571
13242375607
13242375617
13242375627
13242375631
13242375637
13242375671
13242375673
13242375675
13242375679
13242375701
13242375706
13242375707
13242375712
13242375715
13242375719
13242375721
13242375727
13242375731
13242375735
13242375760
13242375762
13242375763
13242375769
13242375780
13242375781
13242375782
13242375785
13242375787
13242375791
13242375792
13242375796
13242375807
13242375817
13242375831
13242375837
13242375906
13242376159
13242376569
13242376617
13242376735
13242376821
13242376903
13242376915
13242376925
13242376935
13242376953
13242377513
13242377590
13242377851
13242377916
13242378051
13242378230
13242378279
13242378565
13242378592
13242378653
13242378719
13242378737
13242379127
13242379165
13242379172
13242379291
13242379325
13242379515
13242379591
13242379603
13242379635
13242379671
13242379752
13242379792
13242381571
13242381631
13242381702
13242381731
13242381736
13242381781
13242381795
13242381952
13242381976
13242382025
13242382065
13242382075
13242382076
13242382081
13242382087
13242382306
13242382576
13242382605
13242382637
13242382731
13242382751
13242382873
13242382931
13242382973
13242383207
13242383257
13242383576
13242383621
13242383725
13242383731
13242385107
13242385127
13242385137
13242385167
13242385176
13242385721
13242385735
13242385791
13242385817
13242385905
13242386320
13242386587
13242386597
13242386793
13242386907
13242386927
13242386952
13242386957
13242386970
13242387059
13242387091
13242387137
13242387152
13242387153
13242387360
13242387501
13242387503
13242387529
13242387621
13242387635
13242387951
13242387953
13242389067
13242389071
13242389073
13242389701
13242391260
13242392057
13242392153
13242392195
13242392197
13242392367
13242392375
13242392516
13242392565
13242392607
13242392620
13242392716
13242392905
13242393350
13242393517
13242393531
13242393537
13242393550
13242393560
13242393573
13242393605
13242393607
13242393617
13242393652
13242393657
13242393659
13242393671
13242393707
13242393712
13242393715
13242393717
13242393719
13242393720
13242393726
13242393752
13242393753
13242393765
13242393791
13242393816
13242393821
13242393851
13242393852
13242393857
13242393871
13242393879
13242393905
13242395016
13242395029
13242395072
13242395105
13242395120
13242395130
13242395153
13242395172
13242395175
13242395187
13242395190
13242395210
13242395232
13242395263
13242395267
13242395270
13242395281
13242395307
13242395316
13242395357
13242395361
13242395362
13242395371
13242395372
13242395375
13242395381
13242395391
13242395396
13242395397
13242395601
13242395603
13242395627
13242395631
13242395639
13242395687
13242395692
13242395695
13242395716
13242395717
13242395727
13242395760
13242395761
13242395762
13242395763
13242395769
13242395876
13242395912
13242395937
13242395967
13242395971
13242395973
13242396017
13242396071
13242396073
13242396092
13242396097
13242396150
13242396153
13242396170
13242396172
13242396176
13242396179
13242396225
13242396237
13242396265
13242396271
13242396272
13242396290
13242396315
13242396327
13242396335
13242396352
13242396357
13242396367
13242396501
13242396502
13242396516
13242396563
13242396570
13242396571
13242396572
13242396597
13242396671
13242396716
13242396729
13242396753
13242396760
13242396763
13242396792
13242396802
13242396829
13242396861
13242396871
13242396875
13242396937
13242396952
13242396972
13242397037
13242397039
13242397051
13242397062
13242397065
13242397082
13242397127
13242397152
13242397153
13242397157
13242397187
13242397192
13242397230
13242397237
13242397271
13242397293
13242397297
13242397305
13242397306
13242397321
13242397326
13242397329
13242397357
13242397367
13242397392
13242397506
13242397507
13242397512
13242397513
13242397516
13242397565
13242397593
13242397601
13242397625
13242397627
13242397630
13242397637
13242397652
13242397679
13242397691
13242397692
13242397761
13242397817
13242397835
13242397837
13242397851
13242397865
13242397871
13242397872
13242397896
13242397952
13242397961
13242398037
13242398051
13242398057
13242398075
13242398120
13242398175
13242398219
13242398271
13242398273
13242398287
13242398295
13242398307
13242398375
13242398376
13242398381
13242398513
13242398571
13242398592
13242398637
13242398651
13242398670
13242398676
13242398687
13242398701
13242398715
13242398723
13242398726
13242398731
13242398753
13242398759
13242398767
13242398793
13242398905
13242398915
13242398925
13242398937
13242398951
13242398953
13242398961
13242399117
13242399159
13242399175
13242399231
13242399265
13242399269
13242399307
13242399367
13242399371
13242399502
13242399503
13242399532
13250670739
13250671251
13250673782
13250675576
13250677627
13250678927
13286573710
15627603541
16185576636
16676360142
16676360372
16676360953
16676361346
16676361857
16676362951
16676364134
16676365044
16676365197
16676365307
16676365705
16676370593
16676370643
16676370872
16676370893
16676370965
16676371352
16676371621
16676372115
16676372315
16676372831
16676373529
16676373601
16676375271
16676375312
16676375840
16676376029
16676376079
16676376513
16676378361
16676378531
16676378705
16676379085
16676379351
16676379352
16676380271
16676380343
16676380721
16676380792
16676380957
16676381094
16676381259
16676381542
16676381621
16676381762
16676381842
16676381879
16676381902
16676382041
16676382165
16676382245
16676382249
16676382372
16676382405
16676382410
16676382457
16676382483
16676382493
16676382534
16676382545
16676382645
16676382694
16676382734
16676382740
16676382745
16676382764
16676382841
16676382971
16676382973
16676382974
16676383027
16676383071
16676383072
16676383074
16676383175
16676383324
16676383402
16676383419
16676383464
16676383465
16676383492
16676383624
16676383651
16676383715
16676383946
16676383971
16676383974
17607630124
17607630143
17607630264
17607630275
17607630294
17607630347
17607630364
17607630401
17607630456
17607630465
17607630472
17607630513
17607630594
17607630694
17607630781
17607630850
17607630891
17607630957
17607630994
17607631017
17607631042
17607631047
17607631052
17607631143
17607631146
17607631217
17607631249
17607631251
17607631269
17607631285
17607631287
17607631344
17607631350
17607631371
17607631402
17607631403
17607631404
17607631410
17607631441
17607631450
17607631464
17607631467
17607631469
17607631504
17607631509
17607631531
17607631534
17607631541
17607631570
17607631591
17607631593
17607631637
17607631640
17607631650
17607631670
17607631674
17607631679
17607631726
17607631742
17607631743
17607631767
17607631921
17607631924
17607631970
17607632015
17607632045
17607632047
17607632097
17607632140
17607632141
17607632172
17607632174
17607632194
17607632253
17607632274
17607632342
17607632343
17607632371
17607632390
17607632403
17607632421
17607632423
17607632441
17607632442
17607632443
17607632457
17607632462
17607632497
17607632501
17607632534
17607632541
17607632549
17607632569
17607632570
17607632576
17607632621
17607632643
17607632652
17607632664
17607632679
17607632706
17607632714
17607632721
17607632731
17607632734
17607632752
17607632792
17607632797
17607632807
17607632894
17607632934
17607632945
17607632964
17607632967
17607633024
17607633062
17607633140
17607633145
17607633157
17607633172
17607633251
17607633254
17607633281
17607633406
17607633552
17607633627
17607633705
17607633723
17607633731
17607633751
17607633762
17607635061
17607635127
17607635169
17607635170
17607635251
17607635257
17607635316
17607635367
17607635532
17607635561
17607635597
17607635637
17607635691
17607635703
17607635713
17607635739
17607635790
17607635795
17607635796
17607635812
17607635820
17607635827
17607635907
17607635973
17607636057
17607636127
17607636137
17607636175
17607636231
17607636251
17607636257
17607636260
17607636287
17607636536
17607636712
17607636721
17607636726
17607636752
17607636937
17607637167
17607637935
17607637952
17607638102
17607638150
17607638152
17607638205
17607638301
17607638359
17607638532
17607638575
17607638617
17607638625
17607638657
17607638679
17607638697
17607638721
17607638753
17607638795
17607638905
17607638932
17607639023
17607639057
17607639075
17607639152
17607639153
17607639172
17607639271
17607639352
17607639357
17607639563
17607639581
17607639582
17607639631
17607639712
17607639752
17607639753
17607639821
17607639857
18576329074