13025561744
13025569704
13025592401
13030203874
13030261575
13059355281
13059355287
13059355318
13059355319
13059355328
13059355375
13059355387
13059355390
13059355532
13059355635
13059355737
13059355871
13059355892
13059355897
13059355906
13059356026
13059356112
13059356135
13059356139
13059356157
13059356187
13059356189
13059356367
13059356652
13059356695
13059356697
13059356702
13059356761
13059356782
13059356890
13059356912
13059356925
13059357085
13059357090
13059357110
13059357128
13059357169
13059357261
13059357351
13059357556
13059357819
13059357903
13059358035
13059358063
13059358131
13059358213
13059358237
13059358257
13059358273
13059358353
13059358759
13059360028
13059360031
13059360073
13059360078
13059360151
13059360159
13059360162
13059360165
13059360175
13059360182
13059360270
13059360352
13059360357
13059360532
13059360551
13059360578
13059360591
13059360667
13059360675
13059360681
13059360736
13059360771
13059360786
13059360790
13059360795
13059360835
13059360865
13059360871
13059360872
13059360876
13059360931
13059360972
13059360978
13059361032
13059361095
13059361173
13059361189
13059361256
13059361257
13059361271
13059361272
13059361275
13059361291
13059361302
13059361315
13059361316
13059361378
13059361379
13059361508
13059361525
13059361535
13059361569
13059361570
13059361571
13059361591
13059361597
13059361608
13059361652
13059361671
13059361681
13059361721
13059361763
13059361778
13059361786
13059361791
13059361813
13059361823
13059361852
13059361859
13059361861
13059361892
13059361897
13059361920
13059362030
13059362031
13059362037
13059362075
13059362076
13059362101
13059362150
13059362156
13059362175
13059362195
13059362231
13059362261
13059362271
13059362281
13059362308
13059362312
13059362352
13059362505
13059362509
13059362572
13059362582
13059362595
13059362607
13059362630
13059362637
13059362671
13059362705
13059362769
13059362791
13059362806
13059362838
13059362851
13059362902
13059362908
13059362910
13059362917
13059362937
13059362956
13059362968
13059362986
13059363051
13059363062
13059363125
13059363159
13059363171
13059363180
13059363219
13059363262
13059363287
13059363310
13059363319
13059363329
13059363360
13059363387
13059363502
13059363505
13059363508
13059363516
13059363518
13059363550
13059363579
13059363596
13059363610
13059363671
13059363708
13059363709
13059363725
13059363791
13059363801
13059363805
13059363818
13059363821
13059363951
13059363961
13059363976
13059363979
13059365020
13059365038
13059365102
13059365112
13059365139
13059365165
13059365180
13059365216
13059365286
13059365338
13059365356
13059365376
13059365516
13059365602
13059365609
13059365630
13059365632
13059365679
13059365809
13059365830
13059365921
13059365975
13059365976
13059365996
13059366027
13059366137
13059366157
13059366167
13059366208
13059366215
13059366235
13059366251
13059366296
13059366309
13059366337
13059366352
13059366367
13059366376
13059366383
13059366581
13059366769
13059366850
13059366982
13059367191
13059367220
13059367523
13059367712
13059367720
13059367780
13059367806
13059367815
13059367856
13059367872
13059368010
13059368131
13059368179
13059368236
13059368262
13059368602
13059368620
13059368651
13059368665
13059368853
13059369031
13059369092
13059369097
13059369515
13059369659
13059369851
13059369856
13059369865
13059369957
13059370346
13059370451
13059370467
13059370480
13059390346
13059390482
13059390486
13059390542
13059391142
13059391419
13059391746
13059392041
13059392246
13059392542
13059392649
13059392949
13059393242
13059393243
13059393428
13059393430
13059393449
13059393841
13059394010
13059394017
13059394025
13059394067
13059394165
13059394201
13059394261
13059394320
13059394349
13059394473
13059394491
13059394496
13059394539
13059394589
13059394792
13059394813
13059394818
13059394819
13059394876
13059394897
13059394957
13059395045
13059395246
13059395342
13059395429
13059395485
13059395541
13059395543
13059396040
13059396240
13059396451
13059396475
13059396648
13059396946
13059397043
13059397045
13059397048
13059397346
13059397402
13059397421
13059397478
13059397489
13059397848
13059397943
13059397947
13059398147
13059398450
13059398476
13059399148
13059399428
13059399430
13059399463
13059399489
13129706964
13129710046
13129710470
13129710498
13129710641
13129710742
13129710746
13129711040
13129711042
13129711407
13129711430
13129711497
13129711649
13129711746
13129711845
13129712043
13129712147
13129712403
13129712409
13129712417
13129712420
13129712437
13129712485
13129712747
13129712748
13129712848
13129712943
13129713249
13129713341
13129713406
13129713416
13129713420
13129713453
13129713498
13129713540
13129713642
13129713745
13129713842
13129714003
13129714041
13129714049
13129714051
13129714071
13129714089
13129714135
13129714140
13129714151
13129714157
13129714179
13129714182
13129714270
13129714297
13129714308
13129714336
13129714337
13129714363
13129714416
13129714459
13129714508
13129714517
13129714529
13129714569
13129714576
13129714612
13129714657
13129714680
13129714691
13129714890
13129714891
13129714971
13129715048
13129715405
13129715431
13129715446
13129715472
13129715481
13129715740
13129715840
13129715842
13129715845
13129715940
13129715941
13129716246
13129716412
13129716427
13129716457
13129716470
13129716476
13129716545
13129716647
13129716947
13129716948
13129717242
13129717417
13129717427
13129717430
13129717456
13129717748
13129718143
13129718146
13129718447
13129718497
13129718549
13129718742
13129718748
13129718842
13129719142
13129719143
13129719341
13129719421
13129719446
13129719496
13129719546
13129719745
13129719746
13129734804
13129750141
13129750448
13129750549
13129751042
13129751246
13129751347
13129751405
13129751498
13129751643
13129751645
13129751749
13129751847
13129752430
13129752436
13129752437
13129752448
13129752542
13129752640
13129752740
13129752748
13129753349
13129753427
13129753475
13129753483
13129753547
13129753949
13129754041
13129754048
13129754070
13129754110
13129754145
13129754147
13129754210
13129754246
13129754253
13129754267
13129754273
13129754360
13129754378
13129754481
13129754483
13129754515
13129754557
13129754638
13129754667
13129754670
13129754731
13129754805
13129754806
13129754810
13129754823
13129754838
13129754843
13129754871
13129754883
13129754898
13129754905
13129754945
13129754968
13129754970
13129754978
13129755049
13129755143
13129755241
13129755242
13129755243
13129755412
13129755426
13129755427
13129756436
13129756472
13129756642
13129756747
13129756846
13129756949
13129757040
13129757406
13129757435
13129757467
13129757487
13129757841
13129757941
13129758246
13129758248
13129758340
13129758403
13129758418
13129758463
13129758545
13129758645
13129759140
13129759146
13129759148
13129759240
13129759349
13129759406
13129759410
13129759418
13129759429
13129759443
13129759476
13129759483
13129759485
13129759646
13129759849
13129760243
13129760472
13129760492
13129761041
13129761147
13129761148
13129761149
13129761402
13129761405
13129761421
13129761427
13129761442
13129761443
13129761447
13129761463
13129761471
13129761478
13129761485
13129761491
13129761540
13129761542
13129761543
13129761548
13129761741
13129761840
13129761841
13129761847
13129762040
13129762041
13129762042
13129762142
13129762245
13129762247
13129762343
13129762402
13129762403
13129762407
13129762408
13129762413
13129762416
13129762428
13129762430
13129762440
13129762443
13129762447
13129762450
13129762451
13129762453
13129762458
13129762460
13129762473
13129762475
13129762476
13129762478
13129762483
13129762489
13129762498
13129762841
13129762849
13129763046
13129763049
13129763240
13129763249
13129763405
13129763425
13129763427
13129763429
13129763432
13129763438
13129763465
13129763472
13129763475
13129763479
13129763489
13129763490
13129763493
13129763495
13129763497
13129763543
13129763545
13129763547
13129763549
13129763640
13129763642
13129763740
13129763946
13129763947
13129764005
13129764007
13129764013
13129764018
13129764020
13129764042
13129764046
13129764051
13129764062
13129764068
13129764072
13129764089
13129764101
13129764118
13129764132
13129764135
13129764147
13129764153
13129764167
13129764169
13129764190
13129764192
13129764196
13129764207
13129764216
13129764227
13129764229
13129764240
13129764245
13129764250
13129764252
13129764256
13129764263
13129764267
13129764270
13129764286
13129764292
13129764306
13129764315
13129764326
13129764327
13129764338
13129764347
13129764358
13129764359
13129764360
13129764362
13129764373
13129764392
13129764405
13129764413
13129764416
13129764419
13129764426
13129764427
13129764430
13129764443
13129764450
13129764453
13129764457
13129764460
13129764473
13129764478
13129764487
13129764501
13129764513
13129764516
13129764518
13129764519
13129764525
13129764526
13129764536
13129764539
13129764542
13129764547
13129764576
13129764579
13129764586
13129764595
13129764621
13129764623
13129764635
13129764642
13129764650
13129764665
13129764668
13129764687
13129764690
13129764697
13129764717
13129764718
13129764728
13129764729
13129764732
13129764737
13129764738
13129764750
13129764762
13129764773
13129764803
13129764818
13129764828
13129764830
13129764831
13129764845
13129764869
13129764871
13129764875
13129764882
13129764898
13129764908
13129764913
13129764916
13129764928
13129764940
13129764943
13129764947
13129764949
13129764962
13129764968
13129764990
13129765145
13129765240
13129765242
13129765341
13129765412
13129765421
13129765425
13129765435
13129765436
13129765437
13129765446
13129765449
13129765465
13129765475
13129765483
13129765487
13129765490
13129765493
13129765646
13129765741
13129765746
13129765747
13129765840
13129765843
13129765941
13129765946
13129766046
13129766048
13129766141
13129766143
13129766241
13129766346
13129766347
13129766406
13129766415
13129766420
13129766421
13129766426
13129766429
13129766432
13129766447
13129766476
13129766493
13129766542
13129766549
13129766645
13129766747
13129766841
13129766843
13129766947
13129767041
13129767042
13129767047
13129767148
13129767347
13129767349
13129767403
13129767405
13129767407
13129767408
13129767413
13129767415
13129767421
13129767429
13129767431
13129767432
13129767453
13129767468
13129767470
13129767472
13129767476
13129767486
13129767489
13129767492
13129767542
13129767549
13129767646
13129767741
13129768040
13129768143
13129768246
13129768249
13129768346
13129768347
13129768348
13129768349
13129768403
13129768409
13129768415
13129768418
13129768421
13129768427
13129768436
13129768445
13129768446
13129768447
13129768459
13129768461
13129768469
13129768481
13129768487
13129768491
13129768840
13129768948
13129769143
13129769145
13129769147
13129769243
13129769345
13129769346
13129769347
13129769401
13129769407
13129769427
13129769429
13129769441
13129769448
13129769459
13129769461
13129769485
13129769542
13129769641
13129769649
13129769843
13129769845
13129769847
13129769942
13129769948
13169354069
13169355254
13169358064
13189329715
13189363595
13189363597
13189363598
13189363607
13189363610
13189363615
13189363617
13189363627
13189363657
13189363658
13189363659
13189363667
13189363671
13189363672
13189363690
13189363695
13189363707
13189363709
13189363717
13189363719
13189363721
13189363723
13189363725
13189363726
13189363727
13189363728
13189363729
13189363731
13189363751
13189363753
13189363756
13189363757
13189363758
13189363759
13189363760
13189363761
13189363770
13189363771
13189363783
13189363786
13189363793
13189363801
13189363805
13189363807
13189363815
13189363817
13189363819
13189363820
13189363821
13189363823
13189363826
13189363827
13189363829
13189363832
13189363852
13189363853
13189363856
13189363857
13189363859
13189363862
13189363865
13189363869
13189363870
13189363871
13189363872
13189363881
13189363892
13189363896
13189363901
13189363905
13189363906
13189363907
13189363915
13189363916
13189363917
13189363918
13189363919
13189363921
13189363927
13189363931
13189363951
13189363952
13189363953
13189363957
13189363961
13189363965
13189363967
13189363969
13189363970
13189363971
13189363972
13189363975
13189363979
13189363980
13189363981
13189363982
13189363987
13189363997
13189365009
13189365010
13189365015
13189365016
13189365017
13189365019
13189365020
13189365031
13189365032
13189365037
13189365052
13189365053
13189365056
13189365057
13189365058
13189365061
13189365063
13189365065
13189365069
13189365070
13189365071
13189365078
13189365079
13189365080
13189365083
13189365089
13189365090
13189365092
13189365093
13189365102
13189365106
13189365107
13189365113
13189365117
13189365119
13189365120
13189365121
13189365127
13189365130
13189365135
13189365137
13189365138
13189365156
13189365157
13189365416
13189365417
13189365418
13189365419
13189365420
13189365421
13189365425
13189365427
13189365429
13189365430
13189365435
13189365436
13189365437
13189365438
13189365440
13189365441
13189365442
13189365443
13189365447
13189365449
13189365450
13189365452
13189365458
13189365459
13189365460
13189365461
13189365462
13189365465
13189365467
13189365469
13189365470
13189365471
13189365473
13189365475
13189365483
13189365486
13189365487
13189365489
13189365490
13189365496
13189365497
13189365498
13189365540
13189365541
13189365542
13189365547
13189365548
13189365549
13189365965
13189365967
13189365971
13189365973
13189365976
13189365980
13189365981
13189365983
13189365991
13189366013
13189366015
13189366016
13189366017
13189366019
13189366032
13189366035
13189366037
13189366051
13189366052
13189366053
13189366056
13189366057
13189366067
13189366071
13189366072
13189366073
13189366075
13189366076
13189366078
13189366079
13189366082
13189366085
13189366090
13189366097
13189366098
13189366102
13189366115
13189366117
13189366120
13189366121
13189366125
13189366127
13189366129
13189366130
13189366139
13189366157
13189366163
13189366167
13189366169
13189366171
13189366173
13189366175
13189366185
13189366192
13189366193
13189366203
13189366210
13189366213
13189366216
13189366229
13189366230
13189366237
13189366250
13189366252
13189366256
13189366257
13189366267
13189366269
13189366270
13189366275
13189366279
13189366281
13189366291
13189366292
13189366296
13189366308
13189366309
13189366312
13189366315
13189366319
13189366320
13189366325
13189366331
13189366332
13189366335
13189366337
13189366350
13189366352
13189366356
13189366360
13189366365
13189366367
13189366371
13189366373
13189366375
13189366385
13189366387
13189366390
13189368150
13189368152
13189368153
13189368156
13189368161
13189368162
13189368165
13189368170
13189368171
13189368172
13189368175
13189368179
13189368185
13189368187
13189368192
13189368193
13189368195
13189368196
13189368197
13189368201
13189368202
13189368203
13189368205
13189368206
13189368212
13189368213
13189368215
13189368217
13189368218
13189368220
13189368223
13189368225
13189368227
13189368235
13189368236
13189368239
13189368250
13189368252
13189368253
13189368256
13189369756
13189369757
13189369760
13189369761
13189369762
13189369767
13189369772
13189369775
13189369778
13189369785
13189369787
13189369793
13189369801
13189369805
13189369807
13189369815
13189369820
13189369821
13189369826
13189369827
13189369836
13189369851
13189369853
13189369856
13189369858
13189369859
13189369860
13189369863
13189369867
13189369869
13189369870
13189369873
13189369891
13189369893
13189369907
13189369912
13189369917
13189369925
13189369927
13189369935
13189369937
13189369950
13189369953
13189369956
13189369963
13189369971
13189369972
13189369975
13189369987
13202750046
13202750247
13202750347
13202750432
13202750447
13202750450
13202750451
13202750470
13202750478
13202750542
13202750643
13202750645
13202750746
13202750840
13202750945
13202751046
13202751140
13202751242
13202751345
13202751435
13202751443
13202751445
13202751446
13202751452
13202751482
13202751483
13202751487
13202751541
13202751643
13202751749
13202751846
13202752045
13202752147
13202752241
13202752248
13202752346
13202752348
13202752402
13202752405
13202752415
13202752429
13202752436
13202752438
13202752439
13202752447
13202752449
13202752459
13202752470
13202752475
13202752483
13202752546
13202752547
13202752640
13202752641
13202752645
13202752646
13202752741
13202752747
13202752845
13202753041
13202753145
13202753401
13202753406
13202753408
13202753416
13202753423
13202753461
13202753482
13202753489
13202753640
13202753742
13202753745
13202753849
13202753946
13202754006
13202754010
13202754016
13202754032
13202754035
13202754036
13202754040
13202754046
13202754056
13202754059
13202754062
13202754072
13202754083
13202754091
13202754113
13202754125
13202754136
13202754138
13202754152
13202754160
13202754165
13202754169
13202754180
13202754183
13202754192
13202754206
13202754215
13202754218
13202754232
13202754253
13202754263
13202754272
13202754291
13202754301
13202754326
13202754339
13202754349
13202754390
13202754398
13202754412
13202754419
13202754426
13202754468
13202754470
13202754473
13202754481
13202754482
13202754505
13202754506
13202754507
13202754510
13202754512
13202754528
13202754551
13202754598
13202754613
13202754628
13202754636
13202754645
13202754663
13202754672
13202754673
13202754693
13202754698
13202754712
13202754713
13202754729
13202754737
13202754747
13202754752
13202754762
13202754763
13202754769
13202754770
13202754792
13202754812
13202754829
13202754830
13202754831
13202754835
13202754841
13202754859
13202754868
13202754870
13202754878
13202754901
13202754905
13202754913
13202754942
13202754947
13202754951
13202754952
13202754965
13202754983
13202754990
13202754997
13202755049
13202755145
13202755149
13202755240
13202755245
13202755346
13202755348
13202755401
13202755420
13202755429
13202755438
13202755440
13202755441
13202755472
13202755475
13202755478
13202755483
13202755491
13202755542
13202755640
13202755646
13202755842
13202755942
13202755947
13202756046
13202756247
13202756403
13202756421
13202756430
13202756447
13202756460
13202756467
13202756471
13202756486
13202756487
13202756492
13202756547
13202756746
13202756941
13202756947
13202757049
13202757243
13202757247
13202757340
13202757346
13202757423
13202757426
13202757460
13202757478
13202757483
13202757490
13202757496
13202757548
13202757642
13202757848
13202757942
13202757943
13202758042
13202758045
13202758140
13202758143
13202758147
13202758405
13202758407
13202758438
13202758452
13202758459
13202758467
13202758480
13202758481
13202758541
13202758542
13202758543
13202758647
13202758649
13202758740
13202758741
13202758843
13202758846
13202759148
13202759341
13202759405
13202759410
13202759415
13202759425
13202759435
13202759437
13202759442
13202759453
13202759460
13202759483
13202759546
13202759647
13202759648
13211041344
13211041453
13211042152
13211042344
13211044256
13211044284
13211044741
13211045927
13211046029
13211046360
13211046481
13211046495
13211046737
13211046839
13211046972
13211048042
13211048103
13211048846
13211049256
13211049390
13211049421
13211049844
13229010286
13229010791
13229010836
13229011671
13229011726
13229011805
13229012062
13229012108
13229012256
13229012259
13229012559
13229012691
13229012715
13229012767
13229012895
13229012932
13229013025
13229013076
13229013179
13229013187
13229013523
13229013539
13229013621
13229013693
13229013761
13229013771
13229013862
13229013956
13229015056
13229015085
13229015130
13229015181
13229015635
13229015675
13229015706
13229015718
13229015769
13229015778
13229015785
13229015829
13229016232
13229016298
13229016378
13229016506
13229016615
13229016693
13229016893
13229017029
13229017120
13229017289
13229017560
13229017586
13229017657
13229017686
13229017851
13229017932
13229018057
13229018176
13229018515
13229018657
13229018738
13229019036
13229019130
13229019329
13229019730
13229019837
13229019839
13229019920
13257580297
16626671825
16675827349
16676673224
18575811214
18575819074
18578081491
18578084470
18578084629
50162527429