13005693379
13005693605
13005763179
13005763673
13005763972
13005765031
13005778175
13005780165
13005781295
13005781319
13005785773
13005786531
13005790252
13005792185
13005792972
13005798029
13016309627
13016311372
13016323960
13016327019
13016338790
13016352507
13016365712
13016367913
13016368076
13016368956
13016371671
13016379205
13016382927
13106824726
13160651782
13160652261
13160669162
13160680671
13160685729
13169637523
13169637753
13169651932
13169655434
13172650257
13172656387
13192202601
13192215631
13192236761
13192271645
13192283027
13192295237
13226017903
13226056579
13226057335
13229752531
13229753097
13229753230
13229753507
13229753853
13229756270
13229756315
13229757891
13229758201
13229759197
13229760175
13229761921
13229771639
13229771738
13229773671
13229773765
13229775126
13229775981
13229776891
13229778102
13229778362
13229870519
13229870772
13229875871
13229877953
13232267593
13232269753
13232273871
13232287362
13232502821
13232503079
13232503139
13232503562
13232506019
13232507232
13232507573
13232507650
13232507953
13257560862
13257562129
13257563952
13257565173
13257567081
13257567853
13267950763
13267952983
13267955762
13267957037
13267959637
13286013976
13286016097
13286017753
13286035769
13286036173
13286036391
13286037920
13286039267
13286055391
13286057552
13286059269
13286059731
13286059750
15602530243
15602530743
15602530874
15602531491
15602531537
15602531549
15602531697
15602532529
15602532684
15602532694
15602532746
15602532763
15602532976
15602533675
15602533749
15602533821
15602533927
15602534105
15602534217
15602534360
15602534379
15602534504
15602534531
15602534540
15602534547
15602534695
15602534704
15602534740
15602534797
15602534814
15602535091
15602535403
15602535472
15602535482
15602535647
15602535702
15602535734
15602535773
15602535932
15602535942
15602536084
15602536107
15602536134
15602536141
15602536145
15602536146
15602536341
15602536407
15602536493
15602536542
15602536547
15602536674
15602536717
15602536743
15602536817
15602536834
15602536874
15602536974
15602537094
15602537124
15602537154
15602537261
15602537281
15602537295
15602537305
15602537361
15602537391
15602537436
15602537454
15602537467
15602537470
15602537482
15602537496
15602537507
15602537532
15602537542
15602537854
15602537946
15602538043
15602538149
15602538194
15602538294
15602538347
15602538364
15602538437
15602538473
15602538503
15602538504
15602538542
15602538624
15602538627
15602538637
15602538672
15602538675
15602538747
15602538749
15602538924
15602538934
15602539175
15602539347
15602539573
15602539587
15602539672
15602539751
15602870145
15602870194
15602870492
15602871293
15602871295
15602871301
15602871374
15602871395
15602871402
15602871419
15602871439
15602871472
15602871485
15602871494
15602871496
15602871570
15602871627
15602871706
15602871732
15602871754
15602871764
15602872071
15602872364
15602872402
15602872409
15602872454
15602872467
15602872471
15602872491
15602872514
15602872642
15602872643
15602872701
15602872710
15602872856
15602872904
15602872905
15602872914
15602872941
15602873049
15602873164
15602873284
15602873341
15602873403
15602873407
15602873431
15602873452
15602873453
15602873461
15602873464
15602873474
15602873475
15602873479
15602873490
15602873504
15602873524
15602873564
15602873654
15602873701
15602873714
15602873724
15602873754
15602873762
15602873784
15602873804
15602873817
15602873843
15602873849
15602873864
15602873874
15602873884
15602873894
15602873904
15602873907
15602873943
15602873974
15602873984
15602874209
15602874237
15602874304
15602874375
15602874402
15602874435
15602874541
15602874607
15602874650
15602874917
15602874924
15602874954
15602875031
15602875064
15602875094
15602875147
15602875149
15602875164
15602875244
15602875403
15602875434
15602875491
15602875617
15602875643
15602875697
15602875892
15602875904
15602876034
15602876124
15602876146
15602876197
15602876267
15602876319
15602876344
15602876347
15602876473
15602876517
15602876934
15602876941
15602876943
15602876970
15602877245
15602877284
15602877482
15602877490
15602877614
15602878274
15602878349
15602878934
15602879024
15602879236
15602879465
15602879736
15602879745
15602879762
15602879804
15602879847
15626901074
15626901297
15626901351
15626901794
15626901954
15626903484
15626903657
15626903827
15626903953
15626904097
15626904714
15626905312
15626905735
15626906075
15626906190
15626907157
15626907213
15626907223
15626907257
15626907279
15626907281
15626907337
15626907381
15626907495
15626907527
15626907536
15626907557
15626907571
15626907579
15626907635
15626907673
15626907824
15626907857
15626907875
15626907890
15626907901
15626907912
15626907917
15626907920
15626907926
15626907960
15626907961
15626907962
15626907972
15626907983
15626907985
15626908013
15626908015
15626908021
15626908056
15626908067
15626908071
15626908072
15626908076
15626908078
15626908115
15626908173
15626908192
15626908195
15626908197
15626908236
15626908251
15626908259
15626908276
15626908293
15626908295
15626908309
15626908326
15626908362
15626908381
15626908387
15626908453
15626908503
15626908517
15626908553
15626908563
15626908596
15626908601
15626908602
15626908735
15626908757
15626908917
15626908932
15626908961
15626908971
15626908981
15626909061
15626909103
15626909130
15626909132
15626909163
15626909217
15626909223
15626909243
15626909257
15626909259
15626909265
15626909279
15626909318
15626909330
15626909378
15626909478
15626909534
15626909547
15626909563
15626909575
15626909602
15626909617
15626909653
15626909706
15626909710
15626909734
15626909737
15626909739
15626909740
15626909741
15626909745
15626909754
15626909764
15626909780
15626909791
15626909823
15626909827
15626909851
15626909871
15626909921
15626910082
15626910159
15626910387
15626910439
15626910705
15626910716
15626910728
15626910737
15626910752
15626910757
15626910759
15626910763
15626910794
15626910795
15626910853
15626910932
15626911032
15626911265
15626911270
15626911275
15626911278
15626911325
15626911353
15626911451
15626911470
15626911494
15626911526
15626911542
15626911620
15626911634
15626911637
15626911703
15626911705
15626911715
15626911716
15626911736
15626911861
15626911872
15626911905
15626911940
15626912067
15626912072
15626912085
15626912317
15626912404
15626912493
15626912509
15626912551
15626912637
15626912642
15626912709
15626912742
15626912787
15626912790
15626912795
15626912864
15626912965
15626912975
15626913025
15626913031
15626913036
15626913039
15626913053
15626913092
15626913125
15626913151
15626913179
15626913236
15626913252
15626913261
15626913270
15626913276
15626913286
15626913298
15626913363
15626913390
15626913421
15626913439
15626913487
15626913524
15626913562
15626913571
15626913581
15626913592
15626913601
15626913602
15626913603
15626913726
15626913734
15626913775
15626913791
15626913801
15626913835
15626913890
15626913891
15626913972
15626914379
15626914467
15626914504
15626914547
15626914549
15626914604
15626914615
15626914641
15626914690
15626914734
15626914735
15626914742
15626914794
15626914804
15626914805
15626914814
15626914917
15626915027
15626915032
15626915036
15626915072
15626915076
15626915421
15626915464
15626915473
15626915496
15626915510
15626915697
15626915712
15626915845
15626915905
15626915927
15626915931
15626915997
15626916052
15626916074
15626916103
15626916126
15626916129
15626916170
15626916281
15626916297
15626916306
15626916376
15626916416
15626916434
15626916471
15626916475
15626916481
15626916502
15626916505
15626916546
15626916672
15626916726
15626916794
15626916835
15626916937
15626916947
15626916974
15626917002
15626917051
15626917179
15626917209
15626917248
15626917249
15626917320
15626917392
15626917437
15626917452
15626917453
15626917461
15626917469
15626917472
15626917504
15626917550
15626917557
15626917563
15626917583
15626917626
15626917657
15626917750
15626917891
15626917950
15626917961
15626917963
15626918053
15626918093
15626918193
15626918231
15626918237
15626918246
15626918254
15626918256
15626918290
15626918324
15626918562
15626918593
15626918672
15626918706
15626918709
15626918935
15626918984
15626919105
15626919202
15626919217
15626919230
15626919265
15626919275
15626919302
15626919325
15626919340
15626919424
15626919504
15626919506
15626919542
15626919547
15626919640
15626919714
15626919830
15626919842
15626919872
15626919873
15626920136
15626920251
15626920265
15626920270
15626920615
15626920672
15626920713
15626920739
15626920769
15626920795
15626920876
15626920972
15626921193
15626921623
15626921656
15626921710
15626921720
15626921780
15626921807
15626921910
15626921953
15626922037
15626922353
15626922512
15626922615
15626922617
15626922623
15626922737
15626922753
15626922756
15626922770
15626922802
15626922835
15626922867
15626922871
15626922927
15626923075
15626923127
15626923272
15626923291
15626923527
15626923587
15626923630
15626923652
15626923671
15626923729
15626923752
15626923765
15626923768
15626923773
15626923781
15626923793
15626923815
15626923820
15626923826
15626923837
15626923859
15626923863
15626923963
15626924915
15626924934
15626924943
15626924965
15626924972
15626924973
15626925027
15626925095
15626925103
15626925235
15626925287
15626925289
15626925324
15626925367
15626925375
15626925502
15626925571
15626925635
15626925702
15626925704
15626925708
15626925723
15626925734
15626925747
15626925761
15626925764
15626925779
15626925787
15626925790
15626925798
15626925843
15626925865
15626925871
15626925905
15626925941
15626925982
15626926076
15626926195
15626926278
15626926301
15626926316
15626926323
15626926347
15626926361
15626926507
15626926552
15626926581
15626926592
15626926728
15626926737
15626926752
15626926753
15626926832
15626926951
15626926971
15626927015
15626927019
15626927027
15626927062
15626927065
15626927093
15626927152
15626927164
15626927179
15626927180
15626927187
15626927219
15626927257
15626927263
15626927278
15626927306
15626927307
15626927310
15626927375
15626927380
15626927396
15626927553
15626927593
15626927595
15626927602
15626927607
15626927627
15626927629
15626927637
15626927716
15626927875
15626927906
15626927932
15626928015
15626928037
15626928265
15626928271
15626928290
15626928315
15626928358
15626928775
15626929347
15626929367
15626929641
15626929737
15626929793
15626929802
15626929870
15626930201
15626930263
15626930265
15626930578
15626930593
15626930597
15626930673
15626930674
15626930734
15626930759
15626930787
15626930957
15626930967
15626930970
15626930979
15626931072
15626931169
15626931172
15626931237
15626931240
15626931262
15626931290
15626931293
15626931302
15626931342
15626931350
15626931358
15626931479
15626931544
15626931551
15626931585
15626931730
15626931731
15626931795
15626931801
15626931837
15626931895
15626932060
15626932353
15626932372
15626932514
15626932560
15626932730
15626932893
15626932905
15626932932
15626933171
15626933179
15626935019
15626935197
15626935269
15626935312
15626935316
15626935369
15626935501
15626935694
15626935712
15626935830
15626935857
15626935876
15626936169
15626936239
15626936250
15626936265
15626936391
15626936590
15626936752
15626936780
15626936793
15626936812
15626936851
15626936956
15626936963
15626937021
15626937071
15626937085
15626937112
15626937176
15626937209
15626937317
15626937375
15626937617
15626937623
15626937624
15626937809
15626937813
15626937817
15626937825
15626937897
15626937915
15626937923
15626937952
15626938024
15626938067
15626938075
15626938137
15626938202
15626938613
15626938615
15626938730
15626938815
15626938942
15626938991
15626939056
15626939137
15626939173
15626939178
15626939205
15626939279
15626939316
15626939507
15626939519
15626939537
15626939561
15626939579
15626939584
15626939605
15626939702
15626939831
15626939921
15626945019
15626945023
15626945024
15626945026
15626945032
15626945086
15626945093
15626945216
15626945219
15626945241
15626945254
15626945279
15626945283
15626945295
15626945316
15626945329
15626945341
15626945344
15626945348
15626945349
15626945362
15626945372
15626945374
15626945401
15626945409
15626945441
15626945446
15626945449
15626945451
15626945492
15626945686
15626945764
15626945841
15626945924
15626945943
15626945961
15626946251
15626946391
15626946394
15626946484
15626946524
15626946702
15626946821
15626946824
15626947102
15626947104
15626947126
15626947135
15626947153
15626947312
15626947402
15626947543
15626947544
15626947614
15626947624
15626947634
15626947781
15626947861
15626948042
15626948094
15626948146
15626948165
15626948204
15626948209
15626948235
15626948245
15626948265
15626948359
15626948423
15626948460
15626948479
15626948634
15626948642
15626948843
15626949125
15626949236
15626949245
15626949246
15626949314
15626949334
15626949374
15626949504
15626949532
15626949573
15626949621
15626949634
15626949704
15626950174
15626950184
15626950240
15626950244
15626950270
15626950274
15626950294
15626950342
15626950347
15626950354
15626950360
15626950384
15626950394
15626950435
15626950465
15626950470
15626950471
15626950475
15626950479
15626950492
15626950494
15626950547
15626950572
15626950634
15626950641
15626950694
15626950717
15626950741
15626950775
15626950834
15626950835
15626950839
15626950842
15626950862
15626950874
15626950926
15626951254
15626951276
15626951284
15626951351
15626951370
15626951384
15626951390
15626951404
15626951464
15626951482
15626951493
15626951497
15626951594
15626951596
15626951604
15626951613
15626951639
15626951750
15626951814
15626951894
15626951934
15626951942
15626951954
15626952070
15626952101
15626952129
15626952143
15626952147
15626952174
15626952203
15626952217
15626952304
15626952321
15626952352
15626952361
15626952384
15626952402
15626952412
15626952414
15626952421
15626952427
15626952445
15626952459
15626952460
15626952471
15626952473
15626952474
15626952479
15626952519
15626952536
15626952564
15626952602
15626952614
15626952640
15626952674
15626952724
15626952729
15626952741
15626952754
15626952769
15626952781
15626952787
15626952794
15626952805
15626952832
15626952837
15626952847
15626952863
15626952903
15626952908
15626952946
15626952957
15626952976
15626952985
15626953016
15626953029
15626953042
15626953045
15626953063
15626953069
15626953104
15626953125
15626953126
15626953127
15626953150
15626953187
15626953206
15626953247
15626953263
15626953264
15626953292
15626953294
15626953297
15626953307
15626953403
15626953407
15626953414
15626953427
15626953440
15626953442
15626953450
15626953464
15626953471
15626953484
15626953491
15626953495
15626953497
15626953523
15626953541
15626953565
15626953580
15626953626
15626953644
15626953645
15626953649
15626953669
15626953690
15626953704
15626953707
15626953716
15626953720
15626953724
15626953743
15626953751
15626953752
15626953759
15626953775
15626953813
15626953823
15626953924
15626953952
15626953954
15626953982
15626954094
15626954107
15626954140
15626954145
15626954147
15626954172
15626954192
15626954214
15626954247
15626954251
15626954254
15626954257
15626954262
15626954352
15626954497
15626954670
15626954703
15626954709
15626954712
15626954752
15626954853
15626954943
15626955013
15626955030
15626955161
15626955190
15626955215
15626955251
15626955261
15626955269
15626955275
15626955316
15626955317
15626955370
15626955373
15626955375
15626955380
15626955631
15626955679
15626955750
15626955827
15626955829
15626955865
15626955907
15626955923
15626955953
15626955975
15626955976
15626956079
15626956085
15626956092
15626956107
15626956115
15626956131
15626956225
15626956230
15626956257
15626956302
15626956378
15626956387
15626956532
15626956538
15626956553
15626956579
15626956585
15626956710
15626956727
15626956747
15626956790
15626956791
15626956815
15626956826
15626956907
15626956923
15626956993
15626957020
15626957023
15626957060
15626957075
15626957085
15626957130
15626957136
15626957223
15626957252
15626957256
15626957259
15626957271
15626957280
15626957339
15626957383
15626957390
15626957503
15626957525
15626957526
15626957530
15626957537
15626957539
15626957579
15626957612
15626957638
15626957681
15626957701
15626957753
15626957761
15626957791
15626957819
15626957832
15626957852
15626957905
15626957912
15626957913
15626957959
15626958036
15626958164
15626958180
15626958196
15626958217
15626958251
15626958253
15626958297
15626958310
15626958335
15626958353
15626958375
15626958376
15626958447
15626958450
15626958492
15626958504
15626958557
15626958593
15626958650
15626958670
15626958735
15626958744
15626958757
15626958775
15626958872
15626958916
15626958926
15626958932
15626958936
15626958982
15626959025
15626959051
15626959052
15626959092
15626959101
15626959125
15626959217
15626959230
15626959236
15626959239
15626959256
15626959286
15626959337
15626959376
15626959474
15626959509
15626959537
15626959560
15626959658
15626959683
15626959701
15626959704
15626959719
15626959728
15626959737
15626959745
15626959746
15626959781
15626959793
15626959805
15626959879
15626960051
15626960253
15626960573
15626960682
15626960683
15626960737
15626960752
15626960931
15626960961
15626961061
15626961523
15626961581
15626961729
15626961751
15626961844
15626961851
15626962063
15626962083
15626962102
15626962287
15626962303
15626962530
15626962562
15626962579
15626962675
15626962687
15626962717
15626962751
15626962752
15626962761
15626962775
15626962790
15626962859
15626962909
15626962913
15626962930
15626962957
15626962967
15626962971
15626962983
15626964057
15626964752
15626964795
15626964924
15626965031
15626965053
15626965079
15626965257
15626965273
15626965279
15626965297
15626965302
15626965372
15626965397
15626965523
15626965527
15626965620
15626965637
15626965673
15626965705
15626965710
15626965715
15626965729
15626965771
15626965776
15626965795
15626965825
15626965835
15626965837
15626965951
15626965993
15626966027
15626966037
15626966057
15626966071
15626966105
15626966130
15626966187
15626966271
15626966272
15626966273
15626966315
15626966331
15626966357
15626966501
15626966503
15626966532
15626966750
15626966759
15626966891
15626966892
15626966902
15626966903
15626966917
15626966923
15626966952
15626966957
15626966985
15626967019
15626967062
15626967091
15626967130
15626967181
15626967219
15626967257
15626967260
15626967269
15626967303
15626967319
15626967327
15626967331
15626967385
15626967395
15626967501
15626967502
15626967506
15626967507
15626967509
15626967525
15626967573
15626967581
15626967583
15626967590
15626967621
15626967630
15626967632
15626967635
15626967661
15626967670
15626967671
15626967681
15626967691
15626967730
15626967736
15626967753
15626967795
15626967801
15626967815
15626967817
15626967821
15626967863
15626967871
15626967895
15626967906
15626967920
15626967926
15626967936
15626967962
15626967970
15626967989
15626968023
15626968027
15626968029
15626968039
15626968052
15626968057
15626968151
15626968152
15626968160
15626968192
15626968197
15626968203
15626968207
15626968231
15626968239
15626968256
15626968273
15626968275
15626968302
15626968312
15626968315
15626968319
15626968361
15626968362
15626968379
15626968506
15626968557
15626968620
15626968625
15626968691
15626968701
15626968706
15626968719
15626968737
15626968760
15626968776
15626968907
15626968910
15626968925
15626968931
15626968952
15626968957
15626969032
15626969058
15626969072
15626969076
15626969079
15626969081
15626969112
15626969171
15626969173
15626969323
15626969367
15626969392
15626969523
15626969560
15626969563
15626969589
15626969701
15626969750
15626969762
15626969786
15626969867
15626969872
15626969965
15626970023
15626970036
15626970096
15626970126
15626970130
15626970151
15626970173
15626970176
15626970192
15626970201
15626970203
15626970232
15626970235
15626970239
15626970252
15626970259
15626970262
15626970271
15626970295
15626970309
15626970337
15626970344
15626970351
15626970356
15626970360
15626970361
15626970363
15626970382
15626970391
15626970395
15626970436
15626970449
15626970473
15626970507
15626970510
15626970525
15626970536
15626970538
15626970552
15626970634
15626970643
15626970675
15626970683
15626970732
15626970761
15626970767
15626970783
15626970861
15626970871
15626970892
15626970935
15626970939
15626970947
15626971471
15626971481
15626971507
15626971543
15626971545
15626971574
15626971584
15626971592
15626971594
15626971642
15626971654
15626971747
15626971862
15626971924
15626971957
15626972046
15626972074
15626972140
15626972151
15626972154
15626972174
15626972447
15626972453
15626972481
15626972591
15626972675
15626972732
15626972851
15626972864
15626973014
15626973041
15626973067
15626973164
15626973409
15626973583
15626973984
15626973985
15626974064
15626974154
15626974216
15626974244
15626974247
15626974254
15626974261
15626974267
15626974314
15626974329
15626974340
15626974354
15626974359
15626974367
15626974376
15626974379
15626974387
15626974401
15626974402
15626974427
15626974429
15626974436
15626974465
15626974481
15626974517
15626974537
15626974541
15626974542
15626974582
15626974593
15626974615
15626974650
15626974654
15626974671
15626974683
15626974687
15626974694
15626974702
15626974703
15626974734
15626974760
15626974763
15626974764
15626975079
15626975132
15626975392
15626975792
15626975987
15626976037
15626976156
15626976201
15626976310
15626976817
15626976837
15626976905
15626976931
15626977203
15626978127
15626978137
15626978735
15626979153
15626980297
15626980385
15626981251
15626981275
15626981391
15626981572
15626981729
15626981762
15626981827
15626982093
15626982161
15626983032
15626983065
15626983675
15626983697
15626983705
15626983709
15626983710
15626983725
15626983730
15626983757
15626983765
15626983861
15626983923
15626984552
15626985031
15626985061
15626985260
15626985271
15626985292
15626985326
15626985371
15626985821
15626985917
15626985931
15626985970
15626985976
15626986106
15626986305
15626986367
15626986385
15626986516
15626986937
15626987013
15626987083
15626987104
15626987219
15626987257
15626987351
15626987592
15626987617
15626987693
15626987859
15626987923
15626987930
15626987931
15626987965
15626989461
15626989747
15626990175
15626990627
15626991150
15626991272
15626991291
15626991359
15626991672
15626991752
15626991753
15626992051
15626992065
15626992071
15626992735
15626992765
15626993016
15626993056
15626993873
15626993923
15626995271
15626995287
15626996073
15626996570
15626996730
15626996753
15626997091
15626997269
15626997526
15626997621
15626997653
15626997862
15692031629
15692031642
15692031645
15692031674
15692031784
15692031807
15692031847
15692031957
15692031971
15692032054
15692032149
15692032361
15692032574
15692032657
15692032674
15692032754
15692032967
15692033724
15692033743
15692033752
15692033942
15692034194
15692034254
15692034295
15692034327
15692034329
15692034391
15692034397
15692034476
15692034541
15692034574
15692034583
15692034604
15692034615
15692034647
15692034672
15692034684
15692034692
15692034697
15692034705
15692034724
15692034732
15692034739
15692034741
15692034749
15692034763
15692034764
15692034794
15692034807
15692034841
15692034871
15692034913
15692034924
15692034984
15692035024
15692035084
15692035146
15692035164
15692035231
15692035294
15692035314
15692035347
15692035374
15692035384
15692035387
15692035391
15692035406
15692035410
15692035461
15692035462
15692035474
15692035493
15692035648
15692036135
15692036327
15692036937
15692037039
15692037093
15697560841
15697561461
15697561465
15697561470
15697562043
15697562401
15697562451
15697562742
15697562749
15697562784
15697562974
15697563074
15697563470
15697563473
15697563475
15697563495
15697563801
15697563850
15697563874
15697564021
15697564039
15697564054
15697564065
15697564085
15697564103
15697564124
15697564143
15697564151
15697564154
15697564193
15697564195
15697564235
15697566103
15697566127
15697566317
15697567260
15697567362
15697568653
15697569017
15697569531
16626236259
16626236271
16626236276
16626236290
16626236297
16626236315
16626236317
16626236350
16626236351
16626236372
16626236375
16626236379
16626236381
16626236391
16626236395
16626236503
16626236517
16626236527
16626236531
16626236537
16626236570
16626236582
16626236592
16626236701
16626236705
16626236713
16626236715
16626236723
16626236729
16626236731
16626236739
16626236751
16626236753
16626236790
16626236795
16626236817
16626236857
16626236871
16626236907
16626236920
16626237015
16626237021
16626237050
16626237052
16626237061
16626237062
16626237063
16626237065
16626237067
16626237083
16626237089
16626237091
16626237092
16626237093
16626237105
16626237106
16626237129
16626237151
16626237153
16626237160
16626237163
16626237165
16626237190
16626237192
16626237197
16626237205
16626237207
16626237219
16626237230
16626237231
16626237250
16626237251
16626237257
16626237265
16626237283
16626237291
16626237295
16626237301
16626237302
16626237305
16626237317
16626237319
16626237325
16626237335
16626237350
16626237351
16626237352
16626237359
16626237360
16626237365
16626237382
16626237391
16626237392
16626237506
16626237507
16626237529
16626237536
16626237560
16626237561
16626237562
16626237570
16626237581
16626237583
16626237586
16626237589
16626237597
16626237612
16626237630
16626237632
16626237637
16626237670
16626237681
16626237690
16626237692
16626237702
16626237759
16626237761
16626237792
16626237801
16626237802
16626237805
16626237812
16626237825
16626237831
16626237837
16626237861
16626237871
16626237891
16626237901
16626237903
16626237915
16626237916
16626237923
16626237925
16626237930
16626237931
16626237935
16626237953
16626237960
16626237982
16626238051
16626238075
16626238087
16626238091
16626238121
16626238137
16626238152
16626238153
16626238179
16626238192
16626238193
16626238207
16626238215
16626238231
16626238235
16626238251
16626238291
16626238293
16626238301
16626238319
16626238359
16626238371
16626238372
16626238375
16626238507
16626238529
16626238531
16626238560
16626238571
16626238573
16626238575
16626238582
16626238601
16626238602
16626238619
16626238627
16626238630
16626238631
16626238652
16626238657
16626238672
16626238673
16626238675
16626238713
16626238715
16626238725
16626238735
16626238739
16626238751
16626238752
16626238753
16626238791
16626238792
16626238796
16626238903
16626238925
16626238930
16626238931
16626238961
16626238971
16626238972
16626238976
16626239032
16626239051
16626239052
16626239057
16626239067
16626239075
16626239105
16626239107
16626239115
16626239127
16626239130
16626239137
16626239165
16626239175
16626239205
16626239206
16626239235
16626239257
16626239259
16626239273
16626239281
16626239370
16626239372
16626239501
16626239502
16626239507
16626239671
16626239701
16626239703
16626239705
16626239706
16626239716
16626239717
16626239738
16626239753
16626239782
16626239790
16626239821
16626239825
16626241869
16626241873
16626241875
16626241890
16626241895
16626241912
16626241937
16626241975
16626242053
16626242057
16626242075
16626242083
16626242087
16626242089
16626242153
16626242157
16626242173
16626242185
16626242209
16626242327
16626242507
16626242563
16626242592
16626242681
16626242705
16626242761
16626242793
16626242801
16626242839
16626242857
16626242859
16626242892
16626242893
16626242907
16626242950
16626242963
16626242967
16626243021
16626243051
16626243052
16626243053
16626243063
16626243071
16626243076
16626243091
16626243095
16626243102
16626243105
16626243107
16626243152
16626243165
16626243172
16626243175
16626243252
16626243253
16626243267
16626243271
16626243359
16626243365
16626243561
16626243570
16626243573
16626243575
16626243590
16626243592
16626243601
16626243621
16626243651
16626243670
16626243672
16626243685
16626243692
16626243706
16626243726
16626243731
16626243739
16626243751
16626243760
16626243761
16626243762
16626243769
16626243781
16626243783
16626243785
16626243810
16626243851
16626243865
16626243906
16626243925
16626243927
16626243950
16626243952
16626243956
16626243965
16626243967
16626243971
16626243973
16626243976
16675601257
16675601513
16675602572
16675602973
16675604102
16675604792
16675607141
16675610394
16675610435
16675610564
16675610945
16675611462
16675612484
16675612954
16675612984
16675613049
16675613294
16675613749
16675614049
16675614064
16675614372
16675614392
16675614485
16675614573
16675614724
16675614749
16675614751
16675614784
16675615094
16675615294
16675615344
16675615924
16675616485
16675616492
16675616494
16675616749
16675616794
16675619042
16675619047
16675619175
16675619184
16675619240
16675619243
16675619437
16675619485
16675619534
16675619547
16675619643
16675640115
16675640134
16675640142
16675640145
16675640147
16675640153
16675640157
16675640161
16675640163
16675640167
16675640171
16675640172
16675640185
16675640187
16675640190
16675640194
16675640196
16675640197
16675640237
16675640241
16675640242
16675640246
16675640247
16675640251
16675640252
16675640253
16675640262
16675640264
16675640271
16675640273
16675640274
16675640276
16675640284
16675640285
16675640289
16675640290
16675640291
16675640294
16675640339
16675640340
16675640347
16675640349
16675640351
16675640354
16675640356
16675640359
16675640371
16675640372
16675640374
16675640384
16675640385
16675640392
16675640394
16675640395
16675640434
16675640435
16675640436
16675640437
16675640439
16675640450
16675640458
16675640461
16675640462
16675640471
16675640472
16675640473
16675640474
16675640475
16675640482
16675640485
16675640492
16675640495
16675640497
16675640531
16675640532
16675640537
16675640542
16675640543
16675640547
16675640552
16675640561
16675640562
16675640570
16675640572
16675640574
16675640584
16675640592
16675640593
16675640594
16675640631
16675640635
16675640639
16675640641
16675640642
16675640643
16675640645
16675640648
16675640652
16675640653
16675640679
16675640691
16675640694
16675640745
16675640746
16675640761
16675640762
16675640763
16675640782
16675640790
16675640832
16675640834
16675640837
16675640840
16675640841
16675640842
16675640843
16675640844
16675640847
16675640857
16675640859
16675640870
16675640871
16675640892
16675640902
16675640931
16675640935
16675640937
16675640941
16675640942
16675640943
16675640945
16675640947
16675640952
16675640954
16675640963
16675640971
16675640974
16675641037
16675641038
16675641039
16675641045
16675641052
16675641067
16675641070
16675641071
16675641074
16675641075
16675641084
16675641087
16675641097
16675641143
16675641156
16675641241
16675641242
16675641244
16675641245
16675641246
16675641247
16675641252
16675641253
16675641254
16675641257
16675641259
16675641262
16675641265
16675641269
16675641271
16675641273
16675641275
16675641281
16675641293
16675641294
16675641302
16675641304
16675641305
16675641306
16675641340
16675641342
16675641357
16675641360
16675641364
16675641365
16675641367
16675641371
16675641374
16675641376
16675641384
16675641395
16675641397
16675641401
16675641426
16675641427
16675641436
16675641437
16675641439
16675641452
16675641453
16675641460
16675641462
16675641463
16675641465
16675641470
16675641472
16675641483
16675641485
16675641495
16675641501
16675641503
16675641504
16675641507
16675641523
16675641524
16675641537
16675641541
16675641544
16675641546
16675641547
16675641562
16675641570
16675641574
16675641584
16675641590
16675641593
16675641594
16675641609
16675641624
16675641634
16675641642
16675641643
16675641646
16675641648
16675641650
16675641654
16675641659
16675641704
16675641706
16675641707
16675641721
16675641725
16675641731
16675641732
16675641736
16675641737
16675641740
16675641743
16675641745
16675641749
16675641757
16675641763
16675641776
16675641791
16675641794
16675641795
16675641804
16675641806
16675641814
16675641821
16675641824
16675641830
16675641831
16675641834
16675641835
16675641837
16675641841
16675641842
16675641847
16675641862
16675641867
16675641872
16675641874
16675641895
16675641905
16675641920
16675641934
16675641935
16675641938
16675641950
16675641952
16675641957
16675641962
16675641965
16675641974
16675641975
16675642014
16675642034
16675642045
16675642049
16675642053
16675642061
16675642064
16675642065
16675642067
16675642071
16675642073
16675642074
16675642076
16675642079
16675642094
16675642095
16675642097
16675642104
16675642105
16675642120
16675642130
16675642145
16675642149
16675642152
16675642154
16675642157
16675642159
16675642163
16675642167
16675642174
16675642179
16675642181
16675642193
16675642194
16675642201
16675642217
16675642243
16675642245
16675642253
16675642254
16675642259
16675642317
16675642320
16675642329
16675642352
16675642361
16675642364
16675642370
16675642371
16675642374
16675642379
16675642387
16675642390
16675642396
16675642397
16675642401
16675642404
16675642405
16675642410
16675642419
16675642427
16675642430
16675642437
16675642439
16675642451
16675642452
16675642454
16675642458
16675642465
16675642472
16675642474
16675642478
16675642479
16675642484
16675642495
16675642504
16675642507
16675642527
16675642532
16675642540
16675642542
16675642546
16675642560
16675642562
16675642571
16675642573
16675642574
16675642576
16675642584
16675642590
16675642594
16675642601
16675642603
16675642607
16675642617
16675642639
16675642643
16675642647
16675642648
16675642657
16675642659
16675642670
16675642671
16675642680
16675642683
16675642684
16675642701
16675642703
16675642710
16675642712
16675642715
16675642716
16675642717
16675642726
16675642731
16675642734
16675642741
16675642744
16675642747
16675642751
16675642753
16675642760
16675642762
16675642763
16675642764
16675642767
16675642774
16675642775
16675642791
16675642793
16675642794
16675642796
16675642804
16675642806
16675642821
16675642832
16675642834
16675642837
16675642839
16675642842
16675642844
16675642845
16675642847
16675642850
16675642854
16675642860
16675642863
16675642872
16675642874
16675642892
16675642901
16675642905
16675642914
16675642917
16675642924
16675642931
16675642932
16675642935
16675642936
16675642941
16675642944
16675642945
16675642951
16675642953
16675642957
16675642962
16675642963
16675642967
16675642970
16675642971
16675642973
16675642974
16675643017
16675643019
16675643023
16675643026
16675643037
16675643045
16675643047
16675643049
16675643051
16675643052
16675643054
16675643056
16675643067
16675643072
16675643073
16675643074
16675643081
16675643085
16675643091
16675643094
16675643107
16675643112
16675643125
16675643148
16675643149
16675643162
16675643167
16675643170
16675643171
16675643175
16675643184
16675643197
16675643246
16675643264
16675643265
16675643274
16675643284
16675643290
16675643292
16675643293
16675643294
16675643297
16675643312
16675643329
16675643346
16675643354
16675643365
16675643375
16675643401
16675643402
16675643404
16675643409
16675643414
16675643415
16675643417
16675643419
16675643439
16675643446
16675643449
16675643457
16675643461
16675643474
16675643479
16675643483
16675643484
16675643485
16675643487
16675643497
16675643503
16675643508
16675643516
16675643547
16675643564
16675643572
16675643575
16675643579
16675643580
16675643581
16675643592
16675643594
16675643601
16675643613
16675643620
16675643621
16675643624
16675643625
16675643632
16675643641
16675643643
16675643647
16675643649
16675643651
16675643682
16675643687
16675643701
16675643704
16675643705
16675643709
16675643710
16675643714
16675643721
16675643725
16675643729
16675643734
16675643740
16675643742
16675643749
16675643751
16675643752
16675643754
16675643761
16675643762
16675643763
16675643774
16675643783
16675643784
16675643785
16675643790
16675643793
16675643794
16675643795
16675643796
16675643801
16675643807
16675643815
16675643830
16675643831
16675643842
16675643846
16675643847
16675643849
16675643850
16675643851
16675643853
16675643862
16675643864
16675643870
16675643872
16675643895
16675643896
16675643902
16675643904
16675643915
16675643925
16675643931
16675643932
16675643934
16675643940
16675643941
16675643942
16675643943
16675643947
16675643954
16675643957
16675643960
16675643967
16675643972
16675643974
16675643984
16675644015
16675644021
16675644025
16675644026
16675644031
16675644034
16675644039
16675644041
16675644043
16675644049
16675644051
16675644052
16675644054
16675644069
16675644071
16675644075
16675644076
16675644084
16675644086
16675644097
16675644129
16675644137
16675644143
16675644150
16675644163
16675644165
16675644172
16675644173
16675644174
16675644175
16675644176
16675644183
16675644187
16675644193
16675644195
16675644197
16675644205
16675644213
16675644241
16675644245
16675644246
16675644254
16675644267
16675644271
16675644274
16675644279
16675644280
16675644284
16675644294
16675644297
16675644304
16675644305
16675644310
16675644324
16675644326
16675644334
16675644340
16675644348
16675644352
16675644354
16675644357
16675644363
16675644370
16675644371
16675644372
16675644376
16675644384
16675644391
16675644392
16675644395
16675644397
16675644531
16675644532
16675644536
16675644537
16675644574
16675644581
16675644583
16675644584
16675644587
16675644591
16675644592
16675644601
16675644603
16675644612
16675644617
16675644626
16675644632
16675644653
16675644659
16675644670
16675644671
16675644702
16675644708
16675644712
16675644714
16675644715
16675644726
16675644734
16675644735
16675644736
16675644737
16675644740
16675644741
16675644743
16675644752
16675644753
16675644758
16675644761
16675644763
16675644764
16675644767
16675644782
16675644790
16675644792
16675644802
16675644807
16675644814
16675644817
16675644830
16675644847
16675644861
16675644870
16675644873
16675644897
16675644906
16675644915
16675644924
16675644927
16675644930
16675644931
16675644932
16675644934
16675644935
16675644941
16675644942
16675644953
16675644954
16675644962
16675644972
16675644982
16675644984
16675645013
16675645014
16675645024
16675645037
16675645047
16675645063
16675645065
16675645069
16675645082
16675645085
16675645103
16675645104
16675645107
16675645141
16675645169
16675645173
16675645187
16675645194
16675645236
16675645241
16675645253
16675645267
16675645269
16675645275
16675645284
16675645294
16675645317
16675645325
16675645334
16675645362
16675645364
16675645370
16675645387
16675645397
16675645402
16675645403
16675645421
16675645442
16675645494
16675645496
16675645537
16675645637
16675645652
16675645694
16675645729
16675645731
16675645739
16675645740
16675645742
16675645743
16675645763
16675645790
16675645792
16675645824
16675645829
16675645834
16675645837
16675645841
16675645842
16675645843
16675645844
16675645849
16675645864
16675645871
16675645874
16675645892
16675645894
16675645902
16675645903
16675645904
16675645907
16675645912
16675645934
16675645942
16675645951
16675645957
16675645963
16675645967
16675645970
16675645971
16675645973
16675646014
16675646017
16675646024
16675646027
16675646042
16675646044
16675646049
16675646051
16675646054
16675646063
16675646073
16675646082
16675646084
16675646095
16675646124
16675646127
16675646132
16675646143
16675646154
16675646173
16675646174
16675646184
16675646185
16675646194
16675646214
16675646249
16675646254
16675646270
16675646271
16675646274
16675646276
16675646283
16675646302
16675646307
16675646317
16675646352
16675646375
16675646379
16675646387
16675646395
16675646397
16675646439
16675646473
16675646476
16675646489
16675646514
16675646523
16675646525
16675646534
16675646571
16675646583
16675646594
16675646597
16675646703
16675646714
16675646721
16675646724
16675646725
16675646730
16675646739
16675646742
16675646748
16675646751
16675646763
16675646794
16675646804
16675646807
16675646814
16675646819
16675646821
16675646840
16675646845
16675646851
16675646872
16675646874
16675646894
16675646901
16675646912
16675646923
16675646924
16675646942
16675646947
16675646951
16675646952
16675646972
16675647029
16675647042
16675647043
16675647045
16675647053
16675647059
16675647062
16675647064
16675647084
16675647095
16675647105
16675647126
16675647135
16675647136
16675647143
16675647145
16675647175
16675647176
16675647181
16675647194
16675647195
16675647197
16675647203
16675647205
16675647209
16675647213
16675647214
16675647239
16675647245
16675647246
16675647247
16675647254
16675647257
16675647285
16675647287
16675647290
16675647294
16675647305
16675647317
16675647324
16675647326
16675647340
16675647343
16675647347
16675647359
16675647364
16675647371
16675647381
16675647392
16675647423
16675647425
16675647427
16675647429
16675647437
16675647439
16675647443
16675647450
16675647459
16675647461
16675647481
16675647492
16675647493
16675647495
16675647503
16675647526
16675647535
16675647541
16675647597
16675647619
16675647642
16675647643
16675647692
16675647694
16675647742
16675647802
16675647803
16675647804
16675647807
16675647814
16675647824
16675647825
16675647842
16675647843
16675647845
16675647863
16675647864
16675647904
16675647906
16675647913
16675647915
16675647923
16675647930
16675647934
16675647937
16675647940
16675647942
16675647943
16675647953
16675647954
16675647957
16675647964
16675647971
16675648031
16675648041
16675648043
16675648051
16675648053
16675648061
16675648065
16675648094
16675648103
16675648104
16675648109
16675648124
16675648143
16675648145
16675648147
16675648151
16675648153
16675648179
16675648192
16675648203
16675648235
16675648245
16675648253
16675648265
16675648267
16675648274
16675648276
16675648301
16675648309
16675648314
16675648315
16675648324
16675648332
16675648340
16675648347
16675648350
16675648357
16675648362
16675648371
16675648379
16675648391
16675648401
16675648407
16675648415
16675648419
16675648424
16675648436
16675648443
16675648445
16675648450
16675648465
16675648467
16675648469
16675648471
16675648476
16675648478
16675648479
16675648491
16675648492
16675648493
16675648510
16675648512
16675648514
16675648524
16675648537
16675648539
16675648546
16675648547
16675648548
16675648572
16675648592
16675648614
16675648624
16675648634
16675648635
16675648637
16675648651
16675648672
16675648697
16675648703
16675648713
16675648714
16675648715
16675648726
16675648740
16675648743
16675648745
16675648754
16675648760
16675648764
16675648784
16675648791
16675648792
16675648902
16675648914
16675648925
16675648934
16675648941
16675648943
16675648951
16675648954
16675648971
16675648973
16675648993
16675649014
16675649015
16675649041
16675649043
16675649047
16675649057
16675649063
16675649087
16675649104
16675649145
16675649157
16675649176
16675649184
16675649204
16675649246
16675649251
16675649252
16675649256
16675649261
16675649263
16675649264
16675649265
16675649273
16675649274
16675649284
16675649285
16675649304
16675649307
16675649323
16675649324
16675649327
16675649346
16675649357
16675649361
16675649364
16675649371
16675649374
16675649397
16675649403
16675649417
16675649439
16675649446
16675649451
16675649461
16675649462
16675649471
16675649472
16675649474
16675649483
16675649507
16675649534
16675649537
16675649540
16675649541
16675649554
16675649561
16675649563
16675649571
16675649574
16675649584
16675649587
16675649637
16675649642
16675649650
16675649651
16675649652
16675649653
16675649657
16675649672
16675649674
16675649682
16675649701
16675649707
16675649712
16675649714
16675649715
16675649731
16675649732
16675649734
16675649741
16675649744
16675649751
16675649753
16675649781
16675649804
16675649842
16675649843
16675649945
16675650194
16675650254
16675650274
16675650340
16675650342
16675650348
16675650354
16675650364
16675650397
16675650434
16675650438
16675650441
16675650445
16675650453
16675650462
16675650467
16675650473
16675650475
16675650479
16675650491
16675650574
16675650637
16675650643
16675650741
16675650743
16675650745
16675650749
16675650784
16675650793
16675650834
16675650847
16675650849
16675650854
16675650875
16675650962
16675650964
16675650974
16675651047
16675651073
16675651174
16675651240
16675651247
16675651364
16675651371
16675651374
16675651384
16675651427
16675651450
16675651463
16675651464
16675651472
16675651473
16675651487
16675651490
16675651492
16675651493
16675651496
16675651584
16675651604
16675651643
16675651724
16675651745
16675651746
16675651762
16675651774
16675651784
16675651841
16675651904
16675651934
16675651957
16675652041
16675652071
16675652153
16675652174
16675652175
16675652305
16675652319
16675652361
16675652374
16675652402
16675652419
16675652443
16675652457
16675652461
16675652470
16675652471
16675652472
16675652473
16675652474
16675652483
16675652494
16675652549
16675652579
16675652614
16675652644
16675652684
16675652734
16675652749
16675652751
16675652764
16675652784
16675652796
16675652834
16675652837
16675652840
16675652854
16675652857
16675652874
16675652912
16675652932
16675652934
16675652940
16675652942
16675652943
16675652974
16675653049
16675653062
16675653064
16675653084
16675653142
16675653147
16675653162
16675653204
16675653249
16675653270
16675653274
16675653294
16675653347
16675653404
16675653457
16675653473
16675653479
16675653481
16675653494
16675653496
16675653501
16675653549
16675653614
16675653640
16675653647
16675653657
16675653690
16675653704
16675653709
16675653715
16675653742
16675653749
16675653759
16675653813
16675653845
16675653847
16675653851
16675653917
16675653924
16675653932
16675653937
16675653942
16675653945
16675653954
16675653972
16675653974
16675654014
16675654019
16675654021
16675654026
16675654031
16675654048
16675654051
16675654054
16675654062
16675654071
16675654079
16675654091
16675654097
16675654105
16675654130
16675654137
16675654146
16675654154
16675654162
16675654175
16675654178
16675654184
16675654190
16675654193
16675654197
16675654206
16675654214
16675654215
16675654261
16675654263
16675654267
16675654273
16675654279
16675654287
16675654290
16675654291
16675654294
16675654337
16675654340
16675654361
16675654367
16675654371
16675654379
16675654384
16675654401
16675654407
16675654504
16675654510
16675654513
16675654514
16675654523
16675654534
16675654574
16675654597
16675654607
16675654625
16675654634
16675654671
16675654676
16675654692
16675654693
16675654697
16675654706
16675654713
16675654719
16675654721
16675654724
16675654734
16675654762
16675654763
16675654790
16675654821
16675654843
16675654853
16675654859
16675654873
16675654904
16675654907
16675654914
16675654927
16675654931
16675654935
16675654937
16675654941
16675654943
16675654950
16675654952
16675654957
16675654972
16675654985
16675655141
16675655142
16675655172
16675655275
16675655293
16675655297
16675655340
16675655439
16675655441
16675655470
16675655471
16675655493
16675655494
16675655604
16675655701
16675655713
16675655721
16675655734
16675655740
16675655782
16675655794
16675655817
16675655829
16675655874
16675655894
16675655924
16675655942
16675655964
16675655972
16675656031
16675656254
16675656340
16675656374
16675656445
16675656471
16675656473
16675656474
16675656493
16675656792
16675656824
16675657014
16675657023
16675657034
16675657044
16675657084
16675657113
16675657142
16675657149
16675657150
16675657153
16675657159
16675657173
16675657184
16675657217
16675657245
16675657246
16675657254
16675657263
16675657264
16675657284
16675657304
16675657314
16675657315
16675657317
16675657319
16675657325
16675657327
16675657331
16675657334
16675657340
16675657341
16675657343
16675657344
16675657346
16675657348
16675657349
16675657350
16675657354
16675657356
16675657357
16675657362
16675657363
16675657364
16675657376
16675657380
16675657382
16675657384
16675657389
16675657391
16675657393
16675657394
16675657402
16675657403
16675657407
16675657409
16675657412
16675657414
16675657419
16675657423
16675657425
16675657426
16675657428
16675657429
16675657437
16675657440
16675657443
16675657445
16675657447
16675657451
16675657453
16675657457
16675657459
16675657460
16675657461
16675657465
16675657467
16675657468
16675657472
16675657476
16675657479
16675657483
16675657485
16675657487
16675657489
16675657490
16675657491
16675657492
16675657494
16675657495
16675657496
16675657497
16675657503
16675657504
16675657512
16675657524
16675657525
16675657529
16675657534
16675657541
16675657542
16675657543
16675657547
16675657549
16675657562
16675657574
16675657584
16675657593
16675657603
16675657604
16675657609
16675657610
16675657614
16675657617
16675657621
16675657627
16675657629
16675657631
16675657632
16675657642
16675657644
16675657647
16675657648
16675657650
16675657652
16675657659
16675657671
16675657672
16675657674
16675657680
16675657682
16675657685
16675657694
16675657697
16675657703
16675657704
16675657705
16675657712
16675657713
16675657716
16675657719
16675657741
16675657742
16675657743
16675657745
16675657746
16675657749
16675657754
16675657759
16675657764
16675657784
16675657785
16675657793
16675657801
16675657802
16675657803
16675657805
16675657817
16675657821
16675657823
16675657824
16675657825
16675657831
16675657837
16675657841
16675657843
16675657845
16675657846
16675657847
16675657849
16675657850
16675657852
16675657854
16675657857
16675657860
16675657861
16675657864
16675657872
16675657874
16675657892
16675657897
16675657902
16675657904
16675657905
16675657907
16675657910
16675657914
16675657915
16675657924
16675657925
16675657934
16675657935
16675657943
16675657944
16675657945
16675657946
16675657951
16675657952
16675657953
16675657954
16675657960
16675657961
16675657967
16675657972
16675657973
16675657981
16675657984
16675657985
16675658017
16675658024
16675658025
16675658026
16675658029
16675658031
16675658035
16675658041
16675658042
16675658043
16675658044
16675658046
16675658049
16675658062
16675658069
16675658071
16675658074
16675658091
16675658092
16675658103
16675658104
16675658105
16675658106
16675658121
16675658124
16675658126
16675658129
16675658130
16675658132
16675658134
16675658140
16675658142
16675658143
16675658144
16675658146
16675658149
16675658153
16675658154
16675658159
16675658163
16675658173
16675658175
16675658176
16675658179
16675658194
16675658201
16675658205
16675658213
16675658215
16675658217
16675658219
16675658221
16675658231
16675658239
16675658240
16675658241
16675658242
16675658244
16675658245
16675658246
16675658247
16675658254
16675658259
16675658261
16675658263
16675658264
16675658270
16675658271
16675658274
16675658279
16675658291
16675658293
16675658295
16675658297
16675658301
16675658302
16675658304
16675658307
16675658315
16675658317
16675658323
16675658324
16675658329
16675658340
16675658341
16675658343
16675658349
16675658357
16675658364
16675658371
16675658372
16675658376
16675658379
16675658387
16675658391
16675658392
16675658394
16675658395
16675658401
16675658402
16675658404
16675658405
16675658407
16675658409
16675658410
16675658412
16675658420
16675658421
16675658427
16675658437
16675658440
16675658443
16675658447
16675658449
16675658451
16675658452
16675658454
16675658457
16675658459
16675658461
16675658462
16675658463
16675658465
16675658467
16675658470
16675658472
16675658473
16675658474
16675658475
16675658479
16675658481
16675658483
16675658491
16675658493
16675658507
16675658517
16675658527
16675658532
16675658534
16675658536
16675658537
16675658539
16675658540
17507560340
17507560354
17507560424
17507560449
17507560473
17507560545
17507560563
17507560657
17507560704
17507560743
17507560837
17507560849
17507560872
17507560875
17507560994
17507561032
17507561071
17507561094
17507561261
17507561267
17507561301
17507561351
17507561421
17507561445
17507561461
17507561485
17507561554
17507561594
17507561630
17507561637
17507561644
17507561664
17507561690
17507561731
17507561930
17507562051
17507562063
17507562152
17507562194
17507562251
17507562376
17507562402
17507562405
17507562419
17507562434
17507562501
17507562506
17507562512
17507562554
17507562561
17507562642
17507562650
17507562730
17507562761
17507562873
17507562914
17507563062
17507563067
17507563160
17507563165
17507563172
17507563182
17507563237
17507563243
17507563341
17507563403
17507563406
17507563416
17507563440
17507563453
17507563462
17507563465
17507563497
17507563502
17507563503
17507563507
17507563509
17507563579
17507563596
17507563607
17507563615
17507563624
17507563653
17507563679
17507563702
17507563714
17507563753
17507563784
17507563871
17507563912
17507563925
17507563953
17507564026
17507564041
17507564057
17507564117
17507564139
17507564183
17507564192
17507564203
17507564227
17507564271
17507564290
17507564329
17507564332
17507564350
17507564358
17507564371
17507564375
17507564387
17507564415
17507564453
17507564476
17507564482
17507564483
17507564513
17507564525
17507564541
17507564602
17507564649
17507564650
17507564670
17507564682
17507564690
17507564736
17507564745
17507564759
17507564795
17507564991
17507565031
17507565034
17507565054
17507565062
17507565083
17507565187
17507565212
17507565236
17507565373
17507565387
17507565439
17507565440
17507565450
17507565491
17507565634
17507565637
17507565736
17507565930
17507565944
17507566071
17507566084
17507566150
17507566237
17507566273
17507566416
17507566443
17507566702
17507566703
17507566717
17507566729
17507566742
17507566752
17507566937
17507566973
17507567025
17507567031
17507567061
17507567163
17507567190
17507567203
17507567215
17507567250
17507567265
17507567301
17507567302
17507567304
17507567384
17507567424
17507567446
17507567457
17507567603
17507567620
17507567693
17507567825
17507567917
17507567963
17507568276
17507568305
17507568392
17507568429
17507568571
17507568634
17507568637
17507568641
17507568651
17507568684
17507568740
17507568790
17507568904
17507568914
17507568940
17507568962
17507569032
17507569244
17507569306
17507569324
17507569326
17507569579
17507569610
17507569632
17507569670
17507569726
17507569729
17507569745
17507569753
17507569941
17520247490
17520247845
17520248244
17520248914
17520254632
17520256843
17520256847
17520258334
17520261197
17520263450
17520268715
17520270164
17520270354
17520270462
17520270842
17520271873
17520274765
17520274801
17520274914
17520274930
17520275649
17520276470
17520277083
17520277159
17520278074
17520278295
17520278370
17520278572
17520278603
17520279840
17520280856
17520280865
17520280956
17520280961
17520280978
17520281386
17520281679
17520281823
17520281906
17520281965
17520281973
17520282073
17520282130
17520282871
17520283051
17520283125
17520283510
17520283576
17520283578
17520283587
17520283605
17520283656
17520283702
17520283730
17520283750
17520283772
17520283863
17520283870
17520283902
17520283925
17520283927
17520284725
17520285031
17520285039
17520285051
17520285063
17520285093
17520285121
17520285139
17520285173
17520285195
17520285239
17520285271
17520285272
17520285303
17520285315
17520285351
17520285371
17520285373
17520285379
17520285392
17520285395
17520285569
17520285573
17520285612
17520285627
17520285715
17520285718
17520285739
17520285783
17520285786
17520285830
17520285839
17520285917
17520285931
17520285970
17520286067
17520286082
17520286129
17520286137
17520286139
17520286160
17520286179
17520286205
17520286213
17520286216
17520286219
17520286273
17520286279
17520286283
17520286285
17520286291
17520286327
17520286367
17520286392
17520286507
17520286563
17520286583
17520286593
17520286723
17520286729
17520286763
17520286793
17520286823
17520286873
17520286897
17520286905
17520286926
17520286951
17520286961
17520286967
17520286973
17520287086
17520287093
17520287096
17520287126
17520287157
17520287159
17520287162
17520287163
17520287173
17520287183
17520287193
17520287213
17520287319
17520287390
17520287391
17520287393
17520287536
17520287550
17520287571
17520287581
17520287583
17520287586
17520287589
17520287590
17520287620
17520287623
17520287630
17520287679
17520287751
17520287752
17520287762
17520287823
17520287826
17520287892
17520287901
17520287926
17520287932
17520287937
17520287959
17520287965
17520287967
17520288073
17520288172
17520288173
17520288217
17520288371
17520288372
17520288379
17607560053
17607560079
17607560132
17607560139
17607560153
17607560157
17607560163
17607560164
17607560172
17607560184
17607560190
17607560193
17607560195
17607560235
17607560236
17607560241
17607560248
17607560249
17607560254
17607560261
17607560267
17607560269
17607560273
17607560278
17607560284
17607560287
17607560291
17607560312
17607560332
17607560341
17607560346
17607560354
17607560359
17607560365
17607560374
17607560376
17607560382
17607560383
17607560385
17607560389
17607560402
17607560409
17607560413
17607560416
17607560426
17607560439
17607560453
17607560457
17607560459
17607560463
17607560469
17607560470
17607560474
17607560482
17607560483
17607560485
17607560487
17607560491
17607560492
17607560494
17607560507
17607560525
17607560531
17607560537
17607560541
17607560548
17607560591
17607560593
17607560594
17607560596
17607560597
17607560620
17607560624
17607560637
17607560638
17607560649
17607560674
17607560697
17607560716
17607560717
17607560735
17607560740
17607560743
17607560745
17607560772
17607560792
17607560797
17607560837
17607560849
17607560854
17607560862
17607560889
17607560892
17607560903
17607560919
17607560931
17607560945
17607560960
17607560961
17607560970
17607560994
17607560995
17607561003
17607561025
17607561028
17607561035
17607561042
17607561043
17607561045
17607561048
17607561049
17607561054
17607561061
17607561062
17607561064
17607561065
17607561073
17607561076
17607561134
17607561149
17607561151
17607561154
17607561164
17607561176
17607561194
17607561204
17607561208
17607561243
17607561256
17607561267
17607561272
17607561274
17607561298
17607561321
17607561337
17607561348
17607561354
17607561372
17607561375
17607561396
17607561417
17607561418
17607561421
17607561439
17607561443
17607561447
17607561463
17607561464
17607561465
17607561469
17607561482
17607561483
17607561494
17607561502
17607561503
17607561507
17607561512
17607561524
17607561525
17607561532
17607561539
17607561540
17607561541
17607561542
17607561544
17607561558
17607561562
17607561563
17607561565
17607561569
17607561573
17607561574
17607561578
17607561582
17607561612
17607561617
17607561625
17607561630
17607561632
17607561645
17607561649
17607561675
17607561686
17607561690
17607561692
17607561702
17607561705
17607561720
17607561725
17607561741
17607561748
17607561751
17607561754
17607561761
17607561782
17607561787
17607561790
17607561792
17607561793
17607561796
17607561812
17607561813
17607561819
17607561821
17607561824
17607561825
17607561826
17607561843
17607561844
17607561846
17607561847
17607561858
17607561859
17607561860
17607561875
17607561891
17607561892
17607561896
17607561898
17607561901
17607561903
17607561908
17607561912
17607561920
17607561929
17607561931
17607561932
17607561941
17607561943
17607561947
17607561952
17607561953
17607561954
17607561957
17607561980
17607561990
17607561992
17607562004
17607562024
17607562034
17607562046
17607562049
17607562051
17607562059
17607562074
17607562084
17607562089
17607562095
17607562107
17607562115
17607562124
17607562134
17607562136
17607562146
17607562158
17607562164
17607562165
17607562167
17607562194
17607562196
17607562197
17607562209
17607562231
17607562238
17607562245
17607562267
17607562274
17607562281
17607562285
17607562289
17607562294
17607562302
17607562324
17607562327
17607562349
17607562350
17607562351
17607562352
17607562353
17607562354
17607562357
17607562360
17607562364
17607562365
17607562371
17607562372
17607562374
17607562375
17607562376
17607562378
17607562381
17607562384
17607562385
17607562392
17607562396
17607562397
17607562401
17607562402
17607562403
17607562404
17607562412
17607562416
17607562418
17607562421
17607562429
17607562432
17607562436
17607562437
17607562445
17607562450
17607562453
17607562459
17607562461
17607562463
17607562467
17607562469
17607562471
17607562472
17607562474
17607562475
17607562476
17607562482
17607562483
17607562484
17607562485
17607562487
17607562489
17607562492
17607562493
17607562496
17607562497
17607562498
17607562506
17607562508
17607562513
17607562531
17607562532
17607562534
17607562537
17607562541
17607562543
17607562546
17607562547
17607562549
17607562558
17607562573
17607562574
17607562576
17607562578
17607562579
17607562591
17607562592
17607562603
17607562607
17607562608
17607562612
17607562615
17607562634
17607562635
17607562637
17607562639
17607562642
17607562649
17607562652
17607562653
17607562673
17607562674
17607562680
17607562685
17607562691
17607562693
17607562705
17607562716
17607562724
17607562729
17607562731
17607562742
17607562743
17607562746
17607562748
17607562749
17607562754
17607562762
17607562763
17607562764
17607562769
17607562781
17607562784
17607562785
17607562790
17607562814
17607562818
17607562830
17607562831
17607562832
17607562835
17607562840
17607562842
17607562843
17607562845
17607562846
17607562847
17607562860
17607562861
17607562864
17607562865
17607562873
17607562879
17607562891
17607562892
17607562894
17607562897
17607562901
17607562902
17607562906
17607562907
17607562914
17607562915
17607562917
17607562924
17607562925
17607562926
17607562931
17607562935
17607562937
17607562940
17607562941
17607562943
17607562945
17607562946
17607562947
17607562951
17607562953
17607562954
17607562958
17607562961
17607562964
17607562970
17607562973
17607562974
17607562976
17607563016
17607563025
17607563026
17607563043
17607563046
17607563048
17607563049
17607563054
17607563061
17607563062
17607563064
17607563072
17607563074
17607563081
17607563084
17607563087
17607563089
17607563092
17607563093
17607563094
17607563097
17607563102
17607563106
17607563127
17607563130
17607563132
17607563134
17607563137
17607563140
17607563142
17607563145
17607563146
17607563153
17607563154
17607563158
17607563164
17607563165
17607563167
17607563169
17607563172
17607563175
17607563179
17607563181
17607563182
17607563190
17607563193
17607563194
17607563205
17607563207
17607563215
17607563219
17607563236
17607563241
17607563246
17607563253
17607563256
17607563260
17607563264
17607563269
17607563271
17607563274
17607563275
17607563276
17607563279
17607563281
17607563284
17607563291
17607563294
17607563296
17607563297
17607563304
17607563314
17607563336
17607563340
17607563348
17607563351
17607563357
17607563395
17607563397
17607563401
17607563403
17607563404
17607563405
17607563407
17607563415
17607563418
17607563419
17607563420
17607563426
17607563427
17607563428
17607563437
17607563441
17607563447
17607563453
17607563457
17607563460
17607563462
17607563469
17607563472
17607563479
17607563480
17607563482
17607563483
17607563485
17607563486
17607563492
17607563495
17607563496
17607563497
17607563503
17607563504
17607563507
17607563510
17607563513
17607563524
17607563526
17607563529
17607563537
17607563547
17607563553
17607563557
17607563571
17607563574
17607563575
17607563578
17607563582
17607563584
17607563587
17607563591
17607563592
17607563593
17607563594
17607563596
17607563605
17607563607
17607563612
17607563613
17607563617
17607563620
17607563621
17607563631
17607563643
17607563644
17607563649
17607563651
17607563652
17607563657
17607563671
17607563672
17607563673
17607563682
17607563685
17607563686
17607563690
17607563692
17607563694
17607563695
17607563702
17607563704
17607563705
17607563706
17607563709
17607563714
17607563716
17607563719
17607563724
17607563725
17607563735
17607563740
17607563745
17607563748
17607563751
17607563752
17607563759
17607563760
17607563764
17607563779
17607563781
17607563784
17607563786
17607563791
17607563793
17607563795
17607563801
17607563810
17607563812
17607563813
17607563815
17607563825
17607563826
17607563827
17607563834
17607563835
17607563842
17607563845
17607563847
17607563849
17607563852
17607563853
17607563854
17607563857
17607563862
17607563863
17607563864
17607563872
17607563891
17607563892
17607563894
17607563901
17607563904
17607563906
17607563910
17607563914
17607563924
17607563926
17607563927
17607563934
17607563941
17607563945
17607563947
17607563948
17607563952
17607563957
17607563975
17607563976
17607563981
17607564008
17607564016
17607564019
17607564024
17607564026
17607564027
17607564038
17607564039
17607564041
17607564051
17607564053
17607564054
17607564062
17607564064
17607564065
17607564067
17607564069
17607564070
17607564072
17607564074
17607564079
17607564092
17607564093
17607564094
17607564095
17607564098
17607564102
17607564107
17607564108
17607564120
17607564124
17607564125
17607564126
17607564127
17607564128
17607564129
17607564130
17607564134
17607564135
17607564136
17607564137
17607564145
17607564149
17607564153
17607564154
17607564157
17607564160
17607564161
17607564162
17607564164
17607564165
17607564169
17607564172
17607564178
17607564179
17607564185
17607564191
17607564194
17607564202
17607564203
17607564205
17607564214
17607564215
17607564216
17607564218
17607564219
17607564221
17607564230
17607564235
17607564236
17607564243
17607564248
17607564249
17607564251
17607564254
17607564259
17607564260
17607564261
17607564270
17607564274
17607564278
17607564281
17607564282
17607564285
17607564291
17607564295
17607564298
17607564301
17607564304
17607564307
17607564308
17607564309
17607564317
17607564324
17607564334
17607564335
17607564336
17607564339
17607564340
17607564341
17607564342
17607564347
17607564351
17607564354
17607564357
17607564359
17607564363
17607564364
17607564365
17607564367
17607564370
17607564371
17607564373
17607564376
17607564384
17607564385
17607564387
17607564391
17607564394
17607564395
17607564397
17607564408
17607564409
17607564419
17607564421
17607564439
17607564453
17607564458
17607564463
17607564467
17607564469
17607564471
17607564473
17607564476
17607564478
17607564481
17607564484
17607564489
17607564491
17607564492
17607564493
17607564496
17607564502
17607564503
17607564504
17607564507
17607564509
17607564513
17607564514
17607564515
17607564516
17607564517
17607564524
17607564527
17607564530
17607564531
17607564532
17607564537
17607564540
17607564544
17607564549
17607564559
17607564563
17607564570
17607564571
17607564579
17607564580
17607564581
17607564582
17607564583
17607564584
17607564585
17607564587
17607564590
17607564592
17607564593
17607564594
17607564595
17607564603
17607564604
17607564605
17607564606
17607564607
17607564609
17607564610
17607564612
17607564613
17607564614
17607564617
17607564619
17607564624
17607564627
17607564628
17607564629
17607564630
17607564631
17607564635
17607564639
17607564641
17607564645
17607564651
17607564654
17607564658
17607564659
17607564663
17607564665
17607564671
17607564672
17607564673
17607564675
17607564679
17607564682
17607564683
17607564685
17607564690
17607564691
17607564692
17607564697
17607564703
17607564704
17607564705
17607564706
17607564709
17607564712
17607564716
17607564717
17607564718
17607564724
17607564725
17607564729
17607564731
17607564734
17607564735
17607564739
17607564740
17607564741
17607564746
17607564750
17607564751
17607564753
17607564754
17607564758
17607564759
17607564760
17607564761
17607564762
17607564763
17607564764
17607564765
17607564769
17607564772
17607564780
17607564781
17607564782
17607564783
17607564785
17607564791
17607564792
17607564794
17607564795
17607564801
17607564802
17607564803
17607564810
17607564813
17607564815
17607564816
17607564817
17607564820
17607564821
17607564824
17607564827
17607564829
17607564830
17607564831
17607564834
17607564835
17607564837
17607564840
17607564842
17607564843
17607564847
17607564851
17607564852
17607564854
17607564857
17607564858
17607564859
17607564860
17607564862
17607564867
17607564869
17607564871
17607564872
17607564873
17607564874
17607564879
17607564885
17607564890
17607564893
17607564894
17607564895
17607564896
17607564897
17607564901
17607564904
17607564906
17607564907
17607564910
17607564912
17607564914
17607564917
17607564921
17607564923
17607564927
17607564928
17607564931
17607564932
17607564935
17607564940
17607564942
17607564943
17607564947
17607564953
17607564956
17607564957
17607564960
17607564961
17607564962
17607564965
17607564971
17607564972
17607564973
17607564974
17607564976
17607564979
17607564982
17607564984
17607564989
17607564993
17607565013
17607565016
17607565040
17607565042
17607565044
17607565047
17607565048
17607565051
17607565052
17607565062
17607565073
17607565079
17607565084
17607565093
17607565104
17607565105
17607565107
17607565117
17607565128
17607565132
17607565147
17607565156
17607565163
17607565169
17607565170
17607565172
17607565174
17607565175
17607565186
17607565190
17607565216
17607565219
17607565231
17607565237
17607565239
17607565241
17607565246
17607565251
17607565263
17607565269
17607565272
17607565284
17607565293
17607565305
17607565307
17607565310
17607565312
17607565314
17607565315
17607565316
17607565318
17607565326
17607565329
17607565335
17607565337
17607565342
17607565348
17607565350
17607565358
17607565361
17607565373
17607565375
17607565376
17607565380
17607565386
17607565393
17607565394
17607565406
17607565408
17607565421
17607565423
17607565426
17607565428
17607565436
17607565440
17607565441
17607565445
17607565450
17607565451
17607565452
17607565462
17607565474
17607565484
17607565487
17607565491
17607565495
17607565526
17607565530
17607565531
17607565536
17607565537
17607565541
17607565546
17607565548
17607565557
17607565580
17607565587
17607565594
17607565596
17607565603
17607565604
17607565610
17607565619
17607565623
17607565628
17607565637
17607565639
17607565641
17607565643
17607565647
17607565648
17607565650
17607565654
17607565660
17607565661
17607565672
17607565674
17607565680
17607565695
17607565703
17607565712
17607565721
17607565727
17607565730
17607565731
17607565732
17607565735
17607565741
17607565742
17607565743
17607565747
17607565748
17607565763
17607565764
17607565772
17607565781
17607565784
17607565785
17607565803
17607565816
17607565821
17607565829
17607565835
17607565836
17607565837
17607565839
17607565842
17607565849
17607565867
17607565871
17607565874
17607565895
17607565896
17607565912
17607565914
17607565936
17607565943
17607565947
17607565952
17607565962
17607565964
17607565965
17607565967
17607565968
17607565971
17607565974
17607565980
17607565994
17607566004
17607566019
17607566035
17607566037
17607566041
17607566042
17607566043
17607566045
17607566046
17607566047
17607566054
17607566080
17607566085
17607566096
17607566101
17607566124
17607566134
17607566140
17607566143
17607566147
17607566154
17607566174
17607566175
17607566193
17607566197
17607566214
17607566240
17607566243
17607566245
17607566247
17607566250
17607566257
17607566263
17607566273
17607566274
17607566284
17607566285
17607566292
17607566295
17607566296
17607566304
17607566312
17607566314
17607566315
17607566317
17607566319
17607566324
17607566326
17607566330
17607566331
17607566334
17607566347
17607566349
17607566351
17607566354
17607566358
17607566371
17607566378
17607566382
17607566383
17607566384
17607566402
17607566408
17607566409
17607566412
17607566413
17607566414
17607566417
17607566420
17607566421
17607566424
17607566425
17607566429
17607566430
17607566437
17607566439
17607566450
17607566451
17607566452
17607566453
17607566459
17607566462
17607566467
17607566470
17607566471
17607566472
17607566473
17607566475
17607566476
17607566478
17607566479
17607566480
17607566485
17607566490
17607566492
17607566493
17607566494
17607566497
17607566504
17607566509
17607566514
17607566519
17607566524
17607566540
17607566547
17607566554
17607566573
17607566574
17607566575
17607566581
17607566584
17607566594
17607566617
17607566632
17607566647
17607566707
17607566710
17607566713
17607566731
17607566741
17607566743
17607566746
17607566749
17607566764
17607566791
17607566792
17607566795
17607566802
17607566812
17607566814
17607566815
17607566820
17607566821
17607566824
17607566830
17607566840
17607566845
17607566847
17607566851
17607566894
17607566913
17607566940
17607566941
17607566942
17607566943
17607566945
17607566946
17607566974
17607566975
17607567004
17607567023
17607567024
17607567025
17607567032
17607567034
17607567035
17607567037
17607567041
17607567042
17607567043
17607567045
17607567047
17607567049
17607567054
17607567063
17607567064
17607567074
17607567081
17607567082
17607567091
17607567094
17607567102
17607567108
17607567109
17607567127
17607567129
17607567134
17607567139
17607567140
17607567142
17607567143
17607567147
17607567149
17607567151
17607567152
17607567154
17607567156
17607567162
17607567164
17607567167
17607567179
17607567182
17607567192
17607567194
17607567196
17607567204
17607567205
17607567206
17607567208
17607567209
17607567213
17607567214
17607567216
17607567217
17607567219
17607567236
17607567238
17607567239
17607567241
17607567243
17607567245
17607567248
17607567249
17607567253
17607567254
17607567257
17607567263
17607567265
17607567269
17607567282
17607567283
17607567284
17607567287
17607567291
17607567293
17607567294
17607567296
17607567304
17607567305
17607567309
17607567312
17607567321
17607567323
17607567324
17607567326
17607567330
17607567334
17607567342
17607567346
17607567348
17607567359
17607567392
17607567397
17607567409
17607567413
17607567415
17607567419
17607567420
17607567421
17607567423
17607567424
17607567425
17607567426
17607567428
17607567434
17607567435
17607567437
17607567442
17607567449
17607567450
17607567451
17607567453
17607567454
17607567457
17607567459
17607567460
17607567461
17607567462
17607567465
17607567468
17607567470
17607567481
17607567483
17607567485
17607567487
17607567490
17607567493
17607567495
17607567501
17607567502
17607567504
17607567512
17607567513
17607567514
17607567526
17607567527
17607567531
17607567534
17607567536
17607567539
17607567540
17607567544
17607567547
17607567548
17607567549
17607567561
17607567583
17607567592
17607567593
17607567594
17607567597
17607567606
17607567614
17607567618
17607567619
17607567624
17607567627
17607567629
17607567637
17607567639
17607567640
17607567641
17607567643
17607567647
17607567648
17607567649
17607567657
17607567672
17607567674
17607567682
17607567683
17607567691
17607567692
17607567694
17607567701
17607567734
17607567743
17607567747
17607567762
17607567780
17607567784
17607567791
17607567798
17607567803
17607567807
17607567812
17607567814
17607567816
17607567817
17607567819
17607567824
17607567826
17607567827
17607567828
17607567830
17607567831
17607567835
17607567836
17607567839
17607567840
17607567841
17607567842
17607567844
17607567849
17607567851
17607567852
17607567853
17607567856
17607567857
17607567862
17607567867
17607567870
17607567872
17607567876
17607567883
17607567901
17607567903
17607567912
17607567914
17607567924
17607567925
17607567928
17607567931
17607567935
17607567937
17607567938
17607567940
17607567941
17607567943
17607567944
17607567945
17607567947
17607567948
17607567951
17607567952
17607567954
17607567956
17607567961
17607567962
17607567963
17607567964
17607567967
17607567970
17607567974
17607567980
17607567981
17607567983
17607567986
17607567990
17607567992
17607568004
17607568009
17607568018
17607568019
17607568025
17607568032
17607568035
17607568039
17607568041
17607568043
17607568045
17607568046
17607568048
17607568051
17607568054
17607568057
17607568062
17607568065
17607568067
17607568069
17607568073
17607568075
17607568079
17607568084
17607568085
17607568086
17607568087
17607568096
17607568097
17607568102
17607568103
17607568104
17607568105
17607568107
17607568124
17607568125
17607568126
17607568129
17607568130
17607568135
17607568136
17607568137
17607568141
17607568142
17607568143
17607568146
17607568147
17607568154
17607568163
17607568164
17607568170
17607568172
17607568173
17607568174
17607568175
17607568193
17607568194
17607568197
17607568201
17607568207
17607568208
17607568210
17607568213
17607568215
17607568217
17607568223
17607568235
17607568238
17607568239
17607568241
17607568242
17607568244
17607568246
17607568247
17607568249
17607568251
17607568254
17607568257
17607568263
17607568264
17607568268
17607568273
17607568274
17607568276
17607568291
17607568292
17607568294
17607568301
17607568302
17607568305
17607568306
17607568313
17607568314
17607568316
17607568319
17607568324
17607568330
17607568334
17607568340
17607568345
17607568346
17607568353
17607568363
17607568372
17607568380
17607568384
17607568386
17607568392
17607568412
17607568416
17607568424
17607568426
17607568430
17607568449
17607568456
17607568473
17607568489
17607568490
17607568491
17607568507
17607568509
17607568510
17607568512
17607568524
17607568530
17607568531
17607568537
17607568563
17607568568
17607568571
17607568578
17607568580
17607568586
17607568601
17607568604
17607568605
17607568607
17607568610
17607568612
17607568631
17607568653
17607568667
17607568673
17607568694
17607568712
17607568715
17607568723
17607568730
17607568732
17607568743
17607568752
17607568763
17607568764
17607568798
17607568802
17607568803
17607568847
17607568940
17607568941
17607568964
17607569024
17607569046
17607569049
17607569064
17607569104
17607569114
17607569145
17607569148
17607569164
17607569241
17607569243
17607569264
17607569274
17607569284
17607569294
17607569340
17607569349
17607569354
17607569402
17607569428
17607569440
17607569442
17607569454
17607569457
17607569463
17607569469
17607569481
17607569485
17607569489
17607569496
17607569541
17607569545
17607569564
17607569647
17607569740
17607569746
17607569784
17607569894
17607569904
17607569943
17607569954
17607569964
17666001847
17666001944
17666002045
17666002047
17666002104
17666002274
17666002284
17666002334
17666002401
17666002407
17666002420
17666002459
17666002463
17666002471
17666002476
17666002491
17666002542
17666002654
17666002684
17666002743
17666002754
17666002784
17666002794
17666002804
17666002844
17666002941
17666003145
17666003149
17666003164
17666003774
17666003874
17666003884
17666003944
17666003947
17666004014
17666004021
17666004025
17666004041
17666004052
17666004059
17666004075
17666004084
17666004093
17666004103
17666004146
17666004169
17666004176
17666004219
17666004246
17666004253
17666004274
17666004293
17666004315
17666004326
17666004329
17666004363
17666004367
17666004385
17666004395
17666004403
17666004421
17666004427
17666004434
17666004462
17666004506
17666004517
17666004530
17666004532
17666004538
17666004581
17666004597
17666004598
17666004613
17666004623
17666004625
17666004632
17666004634
17666004654
17666004657
17666004663
17666004671
17666004687
17666004705
17666004730
17666004754
17666004758
17666004782
17666004791
17666004794
17666004804
17666004807
17666004819
17666004824
17666004826
17666004831
17666004879
17666004893
17666004895
17666004901
17666004921
17666004934
17666004940
17666004954
17666004962
17666004975
17666004984
17666005014
17666005254
17666005324
17666005340
17666005347
17666005374
17666005402
17666005410
17666005413
17666005414
17666005416
17666005458
17666005459
17666005475
17666005480
17666005542
17666005594
17666005647
17666005664
17666005694
17666005774
17666005834
17666005845
17666005846
17666005945
17666005947
17666005984
17666006074
17666006084
17666006104
17666006142
17666006174
17666006264
17666008240
17666008264
17666008340
17666008343
17666008349
17666008354
17688170104
17688170124
17688170143
17688170147
17688170154
17688170164
17688170182
17688170184
17688170193
17688170194
17688170224
17688170250
17688170294
17688170304
17688170343
17688170352
17688170403
17688170407
17688170408
17688170412
17688170423
17688170432
17688170434
17688170440
17688170441
17688170445
17688170446
17688170451
17688170457
17688170458
17688170459
17688170460
17688170472
17688170473
17688170478
17688170479
17688170514
17688170524
17688170544
17688170546
17688170548
17688170549
17688170575
17688170584
17688170614
17688170649
17688170694
17688170742
17688170744
17688170745
17688170746
17688170747
17688170751
17688170764
17688170874
17688170904
17688170931
17688170934
17688170940
17688170941
17688170947
17688170954
17688170961
17688170962
17688171042
17688171043
17688171045
17688171047
17688171052
17688171054
17688171073
17688171091
17688171134
17688171149
17688171154
17688171184
17688171241
17688171245
17688171246
17688171249
17688171261
17688171265
17688171269
17688171323
17688171324
17688171340
17688171342
17688171344
17688171401
17688171406
17688171423
17688171426
17688171427
17688171429
17688171437
17688171439
17688171443
17688171449
17688171451
17688171454
17688171458
17688171476
17688171489
17688171491
17688171494
17688171495
17688171497
17688171498
17688171504
17688171544
17688171548
17688171561
17688171563
17688171574
17688171584
17688171594
17688171595
17688171604
17688171624
17688171625
17688171641
17688171644
17688171646
17688171654
17688171684
17688171694
17688171695
17688171724
17688171740
17688171742
17688171784
17688171814
17688171841
17688171842
17688171845
17688171853
17688171884
17688171914
17688171934
17688171940
17688171941
17688171947
17688171974
17688172024
17688172034
17688172042
17688172045
17688172054
17688172064
17688172074
17688172082
17688172107
17688172124
17688172134
17688172140
17688172149
17688172164
17688172167
17688172201
17688172214
17688172244
17688172245
17688172304
17688172305
17688172349
17688172350
17688172365
17688172384
17688172405
17688172410
17688172418
17688172424
17688172427
17688172437
17688172439
17688172441
17688172443
17688172448
17688172449
17688172467
17688172470
17688172476
17688172497
17688172505
17688172546
17688172548
17688172564
17688172570
17688172574
17688172587
17688172594
17688172601
17688172640
17688172645
17688172649
17688172654
17688172675
17688172684
17688172743
17688172812
17688172814
17688172834
17688172841
17688172846
17688172848
17688172891
17688172901
17688172914
17688172927
17688172940
17688172942
17688172945
17688172948
17688172949
17688172964
17688172974
17688172985
17688173014
17688173034
17688173042
17688173052
17688173054
17688173084
17688173101
17688173105
17688173114
17688173124
17688173140
17688173141
17688173143
17688173147
17688173174
17688173204
17688173240
17688173241
17688173242
17688173244
17688173247
17688173248
17688173256
17688173274
17688173279
17688173294
17688173314
17688173349
17688173359
17688173384
17688173404
17688173405
17688173406
17688173415
17688173420
17688173421
17688173429
17688173431
17688173432
17688173436
17688173437
17688173438
17688173441
17688173443
17688173445
17688173454
17688173459
17688173462
17688173467
17688173468
17688173469
17688173473
17688173475
17688173476
17688173483
17688173487
17688173493
17688173495
17688173504
17688173546
17688173553
17688173563
17688173584
17688173624
17688173634
17688173647
17688173648
17688173694
17688173704
17688173743
17688173745
17688173764
17688173792
17688173814
17688173827
17688173842
17688173849
17688173864
17688173894
17688173904
17688173905
17688173914
17688173940
17688173942
17688173945
17688173984
17688174002
17688174005
17688174019
17688174020
17688174023
17688174025
17688174026
17688174029
17688174032
17688174038
17688174042
17688174044
17688174050
17688174051
17688174053
17688174060
17688174065
17688174069
17688174073
17688174078
17688174079
17688174084
17688174090
17688174092
17688174094
17688174097
17688174098
17688174101
17688174102
17688174104
17688174114
17688174117
17688174124
17688174125
17688174128
17688174129
17688174137
17688174143
17688174148
17688174151
17688174153
17688174156
17688174164
17688174170
17688174173
17688174174
17688174178
17688174187
17688174190
17688174203
17688174208
17688174216
17688174225
17688174226
17688174229
17688174231
17688174237
17688174253
17688174264
17688174269
17688174271
17688174276
17688174295
17688174302
17688174306
17688174315
17688174317
17688174324
17688174331
17688174336
17688174345
17688174346
17688174350
17688174356
17688174357
17688174370
17688174375
17688174378
17688174382
17688174402
17688174405
17688174406
17688174410
17688174420
17688174430
17688174431
17688174462
17688174468
17688174484
17688174491
17688174494
17688174495
17688174496
17688174501
17688174506
17688174512
17688174513
17688174525
17688174537
17688174539
17688174563
17688174569
17688174571
17688174584
17688174612
17688174616
17688174619
17688174620
17688174623
17688174641
17688174649
17688174653
17688174658
17688174661
17688174663
17688174667
17688174670
17688174671
17688174674
17688174675
17688174681
17688174683
17688174690
17688174691
17688174692
17688174694
17688174703
17688174712
17688174716
17688174719
17688174720
17688174725
17688174727
17688174728
17688174734
17688174737
17688174738
17688174741
17688174749
17688174751
17688174760
17688174764
17688174784
17688174787
17688174791
17688174794
17688174795
17688174804
17688174805
17688174809
17688174812
17688174819
17688174826
17688174832
17688174838
17688174851
17688174864
17688174872
17688174874
17688174875
17688174876
17688174878
17688174890
17688174892
17688174903
17688174920
17688174923
17688174930
17688174935
17688174941
17688174942
17688174944
17688174947
17688174951
17688174952
17688174963
17688174964
17688174965
17688174974
17688174975
17688174983
17688174993
17688175014
17688175015
17688175034
17688175042
17688175044
17688175047
17688175054
17688175070
17688175089
17688175094
17688175134
17688175140
17688175142
17688175143
17688175154
17688175234
17688175254
17688175270
17688175306
17688175314
17688175341
17688175344
17688175347
17688175348
17688175349
17688175364
17688175394
17688175401
17688175403
17688175406
17688175418
17688175419
17688175423
17688175430
17688175436
17688175441
17688175448
17688175459
17688175461
17688175462
17688175465
17688175467
17688175468
17688175469
17688175474
17688175476
17688175481
17688175490
17688175494
17688175543
17688175564
17688175594
17688175624
17688175634
17688175640
17688175641
17688175643
17688175680
17688175683
17688175684
17688175694
17688175704
17688175706
17688175724
17688175736
17688175740
17688175743
17688175764
17688175804
17688175824
17688175840
17688175845
17688175864
17688175892
17688175904
17688175915
17688175942
17688175944
17688175945
17688175946
17688175948
17688175964
17688176040
17688176042
17688176047
17688176048
17688176051
17688176104
17688176105
17688176124
17688176142
17688176147
17688176194
17688176244
17688176246
17688176248
17688176253
17688176264
17688176344
17688176361
17688176362
17688176374
17688176394
17688176401
17688176403
17688176408
17688176409
17688176417
17688176425
17688176426
17688176432
17688176435
17688176436
17688176438
17688176440
17688176443
17688176448
17688176452
17688176471
17688176472
17688176479
17688176489
17688176490
17688176492
17688176498
17688176504
17688176523
17688176526
17688176540
17688176545
17688176546
17688176547
17688176554
17688176614
17688176642
17688176643
17688176648
17688176654
17688176704
17688176741
17688176745
17688176774
17688176794
17688176804
17688176814
17688176843
17688176846
17688176847
17688176892
17688176894
17688176941
17688176942
17688176949
17688176974
17688177015
17688177043
17688177046
17688177085
17688177094
17688177104
17688177142
17688177143
17688177149
17688177214
17688177234
17688177245
17688177248
17688177253
17688177284
17688177360
17688177374
17688177381
17688177409
17688177415
17688177418
17688177420
17688177427
17688177431
17688177436
17688177441
17688177447
17688177448
17688177462
17688177463
17688177464
17688177465
17688177467
17688177468
17688177478
17688177479
17688177480
17688177489
17688177495
17688177514
17688177540
17688177541
17688177542
17688177546
17688177590
17688177597
17688177604
17688177613
17688177614
17688177635
17688177648
17688177664
17688177741
17688177743
17688177747
17688177754
17688177834
17688177841
17688177846
17688177874
17688177901
17688177904
17688177914
17688177934
17688177941
17688177943
17688177947
17688177948
17688177964
17688178014
17688178114
17688178142
17688178143
17688178145
17688178146
17688178174
17688178194
17688178204
17688178240
17688178246
17688178247
17688178249
17688178264
17688178340
17688178347
17688178349
17688178362
17688178374
17688178401
17688178409
17688178417
17688178419
17688178425
17688178428
17688178437
17688178438
17688178439
17688178440
17688178442
17688178453
17688178458
17688178464
17688178476
17688178482
17688178483
17688178491
17688178494
17688178514
17688178542
17688178543
17688178564
17688178601
17688178604
17688178626
17688178642
17688178644
17688178648
17688178694
17688178709
17688178724
17688178745
17688178753
17688178764
17688178784
17688178834
17688178841
17688178854
17688178904
17688178942
17688178947
17688178949
17688178954
17688179025
17688179048
17688179063
17688179076
17688179125
17688179140
17688179162
17688179184
17688179194
17688179224
17688179241
17688179242
17688179243
17688179294
17688179310
17688179313
17688179324
17688179343
17688179349
17688179361
17688179391
17688179394
17688179401
17688179415
17688179418
17688179421
17688179424
17688179425
17688179432
17688179435
17688179438
17688179442
17688179446
17688179450
17688179453
17688179461
17688179467
17688179473
17688179479
17688179482
17688179491
17688179497
17688179498
17688179503
17688179504
17688179507
17688179509
17688179531
17688179542
17688179543
17688179561
17688179584
17688179602
17688179604
17688179619
17688179632
17688179640
17688179645
17688179646
17688179654
17688179693
17688179720
17688179723
17688179746
17688179748
17688179754
17688179764
17688179784
17688179814
17688179824
17688179843
17688179847
17688179848
17688179849
17688179864
17688179894
17688179945
17688179946
17688179948
17688179952
17688191354
17688193542
17688196985
18529617103
18529617132
18529617215
18529617302
18529617309
18529617359
18529617372
18529617503
18529617587
18529617592
18529617627
18529617631
18529617697
18529617905
18529617972
18529618152
18529618235
18529618352
18529618356
18529618653
18529618751
18529618927
18529618971
18529618972
18529619017
18529619057
18529619237
18529619285
18529619372
18529619379
18529619517
18529619637
18529619651
18529619652
18529619673
18529619681
18529619705
18529619706
18529619781
18529619917
18529620153
18529620579
18529621442
18529621457
18529621459
18529621491
18529621497
18529621507
18529621546
18529621548
18529621634
18529621679
18529622706
18529623041
18529623104
18529623147
18529623419
18529623474
18529623494
18529623514
18529623544
18529623574
18529623694
18529623724
18529623774
18529623794
18529623842
18529623864
18529623984
18529624052
18529624075
18529624102
18529624103
18529624146
18529624172
18529624253
18529624274
18529624281
18529624286
18529624305
18529624326
18529624327
18529624359
18529624471
18529624517
18529624534
18529624574
18529624584
18529624594
18529624604
18529624639
18529624694
18529624731
18529624734
18529624743
18529624754
18529624760
18529624814
18529624834
18529624861
18529624873
18529624895
18529624907
18575601145
18575602674
18575602847
18575602954
18575603254
18575603470
18575603491
18575603743
18575603894
18575603941
18575604106
18575604295
18575604362
18575604657
18575604714
18575605417
18575606184
18575607491
18575607841
18575607954
18575608374
18575608474
18575608734
18575609243
18575609731
18575610651
18575612197
18575612687
18575612985
18575613097
18575613271
18575613297
18575613632
18575615310
18575615317
18575615404
18575615702
18575616972
18575617637
18575618107
18575619652
18575619731
18575619754
18575619762
18575620341
18575620454
18575620471
18575620491
18575620547
18575620684
18575621482
18575621634
18575621843
18575622547
18575623742
18575623841
18575623842
18575623854
18575624264
18575624291
18575624497
18575624572
18575624742
18575624761
18575624763
18575624904
18575625367
18575625746
18575625783
18575625904
18575625913
18575626194
18575626452
18575627014
18575627124
18575627364
18575627416
18575627482
18575627491
18575627584
18575628015
18575629027
18575630761
18575630957
18575632572
18575632675
18575635710
18575635783
18575635793
18575635817
18575636075
18575636827
18575637016
18575637235
18575637307
18575637610
18575637860
18575637865
18575637936
18575637971
18575638230
18575638573
18575638705
18575638715
18575639025
18575639352
18575639526
18575639601
18575639620
18575639652
18575639672
18575639715
18575650693
18575650759
18575650793
18575650813
18575650831
18575650957
18575650973
18575651032
18575651135
18575651176
18575651282
18575651317
18575651350
18575651371
18575651531
18575651767
18575651775
18575651793
18575652031
18575652179
18575652197
18575652215
18575652507
18575652791
18575652972
18575653027
18575653081
18575653236
18575653617
18575653763
18575653835
18575653919
18575654104
18575655127
18575655782
18575655827
18575656127
18575656270
18575656382
18575656637
18575656792
18575656797
18575656912
18575657089
18575657196
18575657230
18575657282
18575657301
18575657308
18575657506
18575657512
18575657536
18575657629
18575657982
18575658015
18575658072
18575658075
18575658093
18575658125
18575658176
18575658378
18575658391
18575658721
18575658763
18575658791
18575658797
18575659260
18575659671
18575659713
18575660165
18575660292
18575660373
18575660570
18575661082
18575661289
18575661291
18575661295
18575661321
18575661360
18575661535
18575661692
18575661793
18575661851
18575661952
18575662163
18575662503
18575662512
18575662717
18575663017
18575663021
18575663257
18575663259
18575663592
18575663706
18575663773
18575663903
18575665091
18575665753
18575665837
18575665907
18575667027
18575667038
18575667082
18575667229
18575667236
18575667605
18575667832
18575668212
18575668306
18575668310
18575668362
18575668537
18575668905
18575668951
18575669132
18575669175
18575669253
18575669263
18575669507
18575669685
18575669687
18575669705
18575669823
18575669836
18578200375
18578200632
18578200835
18578200932
18578201035
18578201063
18578201076
18578201353
18578201372
18578201390
18578201395
18578201502
18578201506
18578201602
18578201759
18578201769
18578201797
18578201835
18578201975
18578202107
18578202192
18578202239
18578202267
18578202273
18578202573
18578202723
18578202779
18578202813
18578202910
18578202937
18578202967
18578203156
18578203171
18578203185
18578203519
18578203557
18578203603
18578203609
18578203691
18578203753
18578203763
18578203812
18578203813
18578203850
18578203870
18578203913
18578205181
18578205195
18578205236
18578205271
18578205273
18578205296
18578205303
18578205317
18578205375
18578205391
18578205397
18578205523
18578205653
18578205723
18578205727
18578205750
18578205863
18578205867
18578205931
18578205975
18578206083
18578206173
18578206195
18578206216
18578206237
18578206270
18578206273
18578206297
18578206393
18578206503
18578206591
18578206592
18578206670
18578206785
18578207037
18578207071
18578207091
18578207101
18578207357
18578207391
18578207637
18578207671
18578207781
18578207831
18578208375
18578208561
18578208579
18578208710
18578208731
18578208750
18578208752
18578208791
18578209127
18578209137
18578209139
18578209151
18578209250
18578209259
18578209261
18578209301
18578209325
18578209351
18578209529
18578209591
18578209632
18578209713
18578209730
18578209829
18578220276
18578220557
18578220632
18578220690
18578220695
18578220973
18578223806
18578225061
18578225109
18578225132
18578225162
18578225308
18578225503
18578225650
18578225732
18578225736
18578225871
18578226092
18578226115
18578226317
18578226516
18578226596
18578226728
18578226953
18578227015
18578227073
18578227105
18578227127
18578227136
18578227180
18578227196
18578227197
18578227310
18578227360
18578227379
18578227553
18578227561
18578227650
18578227909
18578227931
18578227953
18578227969
18578228071
18578228073
18578228206
18578228509
18578228672
18578229327
18578230263
18578230561
18578230679
18578231041
18578231136
18578231150
18578231182
18578231192
18578231227
18578231232
18578231508
18578231704
18578231712
18578231759
18578231772
18578231826
18578231907
18578231928
18578231932
18578231985
18578232135
18578232175
18578232637
18578232905
18578232970
18578232971
18578233179
18578233236
18578233297
18578233879
18578233917
18578235038
18578235067
18578235191
18578235287
18578235305
18578235316
18578235363
18578235381
18578235530
18578235583
18578235683
18578235692
18578235712
18578235715
18578235727
18578235782
18578235865
18578235871
18578235902
18578235921
18578235965
18578236025
18578236059
18578236120
18578236176
18578236187
18578236212
18578236256
18578236275
18578236280
18578236502
18578236632
18578236775
18578236776
18578236793
18578236907
18578236912
18578236935
18578236976
18578237061
18578237069
18578237097
18578237102
18578237129
18578237275
18578237317
18578237336
18578237350
18578237351
18578237375
18578237383
18578237391
18578237519
18578237602
18578237625
18578237712
18578237965
18578237967
18578237975
18578237996
18578238091
18578238102
18578238270
18578238636
18578238736
18578238752
18578238915
18578238962
18578239021
18578239073
18578239076
18578239126
18578239137
18578239318
18578239350
18578239562
18578239592
18578239603
18578239712
18578239739
18578239773
18578239817
18578239915
18578239951
18578239952
18578239982
18578267051
18578267060
18578267061
18578267075
18578267157
18578267262
18578267263
18578267287
18578267309
18578267327
18578267501
18578267502
18578267505
18578267526
18578267610
18578267650
18578267652
18578267653
18578267657
18578267732
18578267795
18578267803
18578267832
18578267837
18578267907
18578267935
18578267937
18578267962
18578268020
18578268031
18578268079
18578268092
18578268167
18578268305
18578268329
18578268357
18578268505
18578268571
18578268625
18578268650
18578268659
18578268693
18578268792
18578269317
18675604195
18675610471
18675615071
18675615087
18675615106
18675615132
18675615316
18675615573
18675615670
18675615781
18675615875
18675615937
18675616250
18675616297
18675616337
18675616512
18675616535
18675618517
18675618737
18675618791
18675619053
18675619270
18675619327
18675619352
18675619371
18675620764
18675621724
18675622084
18675626724
18675626741
18676458395
18676459461
18676484965
18676495734
29229843978
58112771304
89662834433
96017588489