13005640151
13005640157
13005640162
13005640163
13005640165
13005640167
13005640169
13005640170
13005640185
13005640193
13005640196
13005640239
13005640261
13005640281
13005640290
13005640293
13005640297
13005640375
13005640385
13005640627
13005640791
13005640931
13005641089
13005641219
13005641279
13005641283
13005641292
13005641293
13005641357
13005641359
13005641529
13005641631
13005641632
13005641635
13005641636
13005641659
13005641673
13005641715
13005641751
13005641792
13005641831
13005641865
13005641875
13005641931
13005642069
13005642076
13005642093
13005642113
13005642169
13005642193
13005642317
13005642335
13005642635
13005642706
13005642809
13005642813
13005642816
13005642857
13005642875
13005642930
13005642952
13005642962
13005642983
13005643152
13005643193
13005643262
13005643292
13005643537
13005643573
13005643590
13005643625
13005643632
13005643721
13005643762
13005643765
13005643835
13005643873
13005643891
13005643897
13005643907
13005643935
13005645075
13005645079
13005645083
13005645091
13005645095
13005645137
13005645153
13005645162
13005645165
13005645172
13005645175
13005645176
13005645179
13005645186
13005645193
13005645196
13005645227
13005645231
13005645236
13005645239
13005645257
13005645271
13005645276
13005645279
13005645283
13005645287
13005645290
13005645293
13005645296
13005645297
13005645302
13005645326
13005645373
13005645393
13005645581
13005645613
13005645615
13005645621
13005645637
13005645682
13005645692
13005645697
13005645701
13005645705
13005645707
13005645709
13005645710
13005645712
13005645719
13005645723
13005645726
13005645730
13005645732
13005645737
13005645753
13005645759
13005645762
13005645769
13005645783
13005645790
13005645793
13005645795
13005645796
13005645803
13005645812
13005645817
13005645825
13005645831
13005645837
13005645857
13005645862
13005645863
13005645867
13005645869
13005645871
13005645873
13005645875
13005645879
13005645890
13005645891
13005645895
13005645901
13005645903
13005645907
13005645912
13005645913
13005645915
13005645916
13005645935
13005645936
13005645939
13005645951
13005645961
13005645962
13005645963
13005645965
13005645971
13005645973
13005645979
13005645981
13005645982
13005645985
13005646013
13005646017
13005646019
13005646023
13005646025
13005646027
13005646032
13005646035
13005646037
13005646052
13005646053
13005646057
13005646059
13005646073
13005646076
13005646079
13005646081
13005646082
13005646085
13005646093
13005646097
13005646105
13005646112
13005646116
13005646117
13005646120
13005646121
13005646129
13005646132
13005646135
13005646151
13005646152
13005646153
13005646156
13005646157
13005646165
13005646172
13005646182
13005646190
13005646193
13005646195
13005646205
13005646206
13005646229
13005646235
13005646237
13005646251
13005646253
13005646270
13005646271
13005646272
13005646275
13005646281
13005646285
13005646290
13005646295
13005646296
13005646297
13005646306
13005646317
13005646351
13005646352
13005646357
13005646375
13005646379
13005646381
13005646501
13005646503
13005646507
13005646512
13005646513
13005646517
13005646532
13005646539
13005646557
13005646560
13005646562
13005646579
13005646582
13005646585
13005646587
13005646593
13005646597
13005646637
13005646673
13005646675
13005646681
13005646701
13005646707
13005646712
13005646713
13005646715
13005646719
13005646725
13005646729
13005646751
13005646760
13005646762
13005646763
13005646771
13005646780
13005646783
13005646792
13005646793
13005646795
13005646801
13005646802
13005646807
13005646812
13005646815
13005646825
13005646831
13005646835
13005646837
13005646851
13005646857
13005646861
13005646871
13005646872
13005646879
13005646897
13005646907
13005646910
13005646915
13005646927
13005646929
13005646932
13005646935
13005646950
13005646952
13005646953
13005646960
13005646961
13005646965
13005646970
13005646971
13005646973
13005646975
13005646985
13005647010
13005647023
13005647026
13005647031
13005647035
13005647037
13005647057
13005647059
13005647063
13005647065
13005647067
13005647071
13005647073
13005647087
13005647091
13005647092
13005647093
13005647095
13005647097
13005647101
13005647103
13005647105
13005647107
13005647109
13005647121
13005647127
13005647129
13005647132
13005647136
13005647150
13005647151
13005647156
13005647161
13005647165
13005647167
13005647175
13005647185
13005647187
13005647191
13005647192
13005647193
13005647195
13005647197
13005647203
13005647205
13005647207
13005647213
13005647215
13005647236
13005647251
13005647261
13005647265
13005647270
13005647279
13005647285
13005647287
13005647290
13005647293
13005647302
13005647305
13005647306
13005647315
13005647320
13005647329
13005647336
13005647350
13005647351
13005647352
13005647362
13005647365
13005647367
13005647369
13005647379
13005647381
13005647390
13005647393
13005647395
13005647397
13005647501
13005647502
13005647505
13005647509
13005647510
13005647519
13005647527
13005647530
13005647531
13005647532
13005647537
13005647561
13005647562
13005647569
13005647571
13005647576
13005647581
13005647582
13005647587
13005647590
13005647593
13005647595
13005647597
13005647602
13005647603
13005647605
13005647610
13005647615
13005647617
13005647621
13005647625
13005647629
13005647630
13005647631
13005647632
13005647650
13005647653
13005647657
13005647659
13005647671
13005647672
13005647681
13005647685
13005647686
13005647687
13005647691
13005647693
13005647697
13005647703
13005647715
13005647756
13005647757
13005647792
13005647802
13005647807
13005647812
13005647815
13005647823
13005647825
13005647826
13005647832
13005647835
13005647837
13005647852
13005647856
13005647861
13005647863
13005647865
13005647871
13005647872
13005647901
13005647905
13005647906
13005647912
13005647915
13005647930
13005647932
13005647935
13005647936
13005647950
13005647952
13005647956
13005647965
13005647967
13005647969
13005647971
13005647972
13005647973
13005647976
13005648013
13005648015
13005648027
13005648029
13005648031
13005648032
13005648035
13005648051
13005648053
13005648057
13005648061
13005648063
13005648065
13005648071
13005648073
13005648075
13005648091
13005648095
13005648106
13005648125
13005648135
13005648152
13005648157
13005648159
13005648162
13005648172
13005648173
13005648175
13005648179
13005648195
13005648203
13005648206
13005648207
13005648209
13005648219
13005648235
13005648237
13005648250
13005648257
13005648270
13005648275
13005648279
13005648285
13005648287
13005648291
13005648292
13005648295
13005648297
13005648301
13005648305
13005648306
13005648315
13005648317
13005648351
13005648357
13005648361
13005648362
13005648363
13005648365
13005648371
13005648372
13005648376
13005648391
13005648395
13005648503
13005648509
13005648513
13005648516
13005648517
13005648519
13005648527
13005648530
13005648532
13005648551
13005648561
13005648562
13005648563
13005648571
13005648573
13005648581
13005648587
13005648590
13005648591
13005648592
13005648603
13005648605
13005648613
13005648615
13005648617
13005648620
13005648627
13005648631
13005648635
13005648637
13005648639
13005648652
13005648657
13005648659
13005648671
13005648672
13005648675
13005648682
13005648690
13005648691
13005648695
13005648697
13005648703
13005648709
13005648710
13005648713
13005648716
13005648719
13005648721
13005648723
13005648731
13005648739
13005648750
13005648751
13005648752
13005648753
13005648761
13005648791
13005648793
13005648872
13005648901
13005648903
13005648913
13005648916
13005648920
13005648921
13005648925
13005648927
13005648930
13005648932
13005648935
13005648950
13005648951
13005648961
13005648962
13005648970
13005648971
13005648972
13005648973
13005648976
13005648979
13005649016
13005649021
13005649036
13005649051
13005649053
13005649062
13005649065
13005649073
13005649076
13005649085
13005649102
13005649103
13005649121
13005649131
13005649136
13005649137
13005649151
13005649152
13005649157
13005649162
13005649167
13005649173
13005649176
13005649185
13005649187
13005649209
13005649210
13005649215
13005649216
13005649217
13005649219
13005649230
13005649232
13005649237
13005649239
13005649251
13005649256
13005649257
13005649262
13005649265
13005649273
13005649275
13005649276
13005649279
13005649280
13005649285
13005649287
13005649297
13005649306
13005649307
13005649310
13005649315
13005649351
13005649352
13005649356
13005649357
13005649362
13005649367
13005649371
13005649372
13005649373
13005649375
13005649376
13005649387
13005649627
13005649637
13005649767
13005649773
13005649790
13005649812
13005650167
13005650297
13005650357
13005650362
13005650397
13018513570
13018513571
13018513572
13018513575
13018513580
13018513582
13018513584
13018513590
13018513591
13018513594
13018513596
13018513597
13018513604
13018513605
13018513610
13018513614
13018513617
13018513627
13018513631
13018513640
13018513641
13018513643
13018513644
13018513645
13018513647
13018513650
13018513672
13018513675
13018513679
13018513684
13018513687
13018513692
13018513704
13018513705
13018513709
13018513714
13018513724
13018513731
13018513734
13018513735
13018513740
13018513741
13018513742
13018513743
13018513745
13018513746
13018513747
13018513749
13018513751
13018513753
13018513754
13018513764
13018513774
13018513781
13018513784
13018513791
13018513792
13018513793
13018513794
13018513804
13018513805
13018513821
13018513824
13018513827
13018513834
13018513842
13018513854
13018513867
13018513874
13018513879
13018513893
13018513894
13018513895
13018513904
13018513914
13018513920
13018513927
13018513934
13018513940
13018513942
13018513943
13018513945
13018513947
13018513949
13018513950
13018513952
13018513956
13018513957
13018513961
13018513964
13018513965
13018513967
13018513970
13018513973
13018513974
13018513975
13018513976
13018513979
13018513984
13018514015
13018514025
13018514027
13018514031
13018514032
13018514034
13018514036
13018514039
13018514042
13018514043
13018514044
13018514045
13018514047
13018514051
13018514052
13018514053
13018514054
13018514056
13018514057
13018514059
13018514062
13018514064
13018514065
13018514071
13018514072
13018514074
13018514075
13018514082
13018514083
13018514087
13018514089
13018514090
13018514093
13018514097
13018514101
13018514105
13018514106
13018514107
13018514108
13018514120
13018514121
13018514124
13018514126
13018514128
13018514130
13018514134
13018514136
13018514137
13018514142
13018514150
13018514153
13018514154
13018514165
13018514169
13018514170
13018514171
13018514173
13018514179
13018514184
13018514187
13018514190
13018514192
13018514193
13018514201
13018514202
13018514207
13018514210
13018514215
13018514219
13018514225
13018514230
13018514232
13018514235
13018514237
13018514244
13018514245
13018514247
13018514250
13018514253
13018514254
13018514256
13018514257
13018514261
13018514262
13018514264
13018514265
13018514267
13018514269
13018514271
13018514272
13018514274
13018514279
13018514283
13018514284
13018514285
13018514287
13018514291
13018514293
13018514294
13018514295
13018514297
13018514301
13018514302
13018514303
13018514304
13018514306
13018514307
13018514309
13018514314
13018514324
13018514326
13018514327
13018514329
13018514331
13018514332
13018514334
13018514337
13018514341
13018514342
13018514344
13018514346
13018514347
13018514349
13018514351
13018514352
13018514353
13018514354
13018514356
13018514360
13018514361
13018514362
13018514364
13018514365
13018514368
13018514370
13018514371
13018514372
13018514374
13018514375
13018514380
13018514381
13018514382
13018514383
13018514384
13018514385
13018514387
13018514390
13018514391
13018514392
13018514393
13018514394
13018514395
13018514396
13018514397
13018514402
13018514405
13018514406
13018514409
13018514415
13018514420
13018514421
13018514423
13018514431
13018514434
13018514435
13018514437
13018514451
13018514453
13018514457
13018514463
13018514465
13018514467
13018514471
13018514472
13018514474
13018514475
13018514478
13018514479
13018514487
13018514491
13018514497
13018514502
13018514503
13018514505
13018514509
13018514510
13018514513
13018514526
13018514527
13018514529
13018514534
13018514536
13018514537
13018514540
13018514543
13018514547
13018514553
13018514554
13018514561
13018514562
13018514565
13018514570
13018514571
13018514572
13018514573
13018514576
13018514579
13018514582
13018514586
13018514590
13018514591
13018514592
13018514593
13018514594
13018514601
13018514602
13018514603
13018514604
13018514605
13018514607
13018514609
13018514610
13018514613
13018514617
13018514619
13018514621
13018514623
13018514626
13018514627
13018514629
13018514630
13018514631
13018514632
13018514637
13018514644
13018514645
13018514647
13018514657
13018514664
13018514674
13018514675
13018514679
13018514681
13018514682
13018514683
13018514685
13018514686
13018514687
13018514689
13018514691
13018514692
13018514693
13018514694
13018514703
13018514704
13018514705
13018514706
13018514709
13018514710
13018514712
13018514713
13018514715
13018514716
13018514717
13018514721
13018514723
13018514724
13018514725
13018514726
13018514729
13018514730
13018514731
13018514732
13018514735
13018514736
13018514739
13018514741
13018514742
13018514744
13018514745
13018514749
13018514750
13018514751
13018514753
13018514756
13018514759
13018514760
13018514761
13018514762
13018514763
13018514764
13018514765
13018514769
13018514772
13018514780
13018514781
13018514782
13018514784
13018514785
13018514790
13018514792
13018514793
13018514794
13018514795
13018514796
13018514801
13018514802
13018514805
13018514807
13018514810
13018514814
13018514817
13018514821
13018514824
13018514825
13018514827
13018514829
13018514830
13018514831
13018514832
13018514839
13018514840
13018514843
13018514844
13018514845
13018514847
13018514850
13018514852
13018514853
13018514854
13018514857
13018514859
13018514862
13018514864
13018514867
13018514869
13018514870
13018514872
13018514874
13018514875
13018514879
13018514884
13018514890
13018514892
13018514893
13018514895
13018514896
13018514897
13018514901
13018514902
13018514904
13018514905
13018514907
13018514912
13018514915
13018514919
13018514921
13018514923
13018514924
13018514925
13018514927
13018514930
13018514931
13018514932
13018514936
13018514937
13018514940
13018514941
13018514942
13018514943
13018514947
13018514950
13018514952
13018514956
13018514959
13018514960
13018514961
13018514962
13018514964
13018514967
13018514970
13018514971
13018514974
13018514975
13018514976
13018514980
13018514984
13018514987
13018515016
13018515021
13018515024
13018515027
13018515037
13018515047
13018515057
13018515062
13018515081
13018515082
13018515083
13018515084
13018515091
13018515094
13018515113
13018515126
13018515147
13018515174
13018515179
13018515189
13018515229
13018515230
13018515231
13018515232
13018515237
13018515241
13018515245
13018515246
13018515249
13018515261
13018515263
13018515264
13018515265
13018515267
13018515274
13018515279
13018515281
13018515283
13018515285
13018515290
13018515294
13018515295
13018515301
13018515325
13018515326
13018515327
13018515334
13018515337
13018515344
13018515347
13018515352
13018515357
13018515362
13018515364
13018515374
13018515379
13018515384
13018515387
13018515391
13018515394
13018515395
13018515401
13018515403
13018515407
13018515412
13018515413
13018515415
13018515417
13018515419
13018515423
13018515425
13018515426
13018515429
13018515434
13018515436
13018515437
13018515441
13018515443
13018515448
13018515450
13018515452
13018515457
13018515459
13018515460
13018515463
13018515464
13018515465
13018515467
13018515469
13018515470
13018515471
13018515472
13018515476
13018515481
13018515484
13018515489
13018515492
13018515493
13018515494
13018515495
13018515497
13018515526
13018515547
13018515548
13018515562
13018515576
13018515584
13018515587
13018515594
13018515601
13018515604
13018515609
13018515610
13018515614
13018515619
13018515624
13018515629
13018515635
13018515640
13018515641
13018515644
13018515645
13018515647
13018515651
13018515670
13018515672
13018515673
13018515674
13018515675
13018515684
13018515694
13018515697
13018515701
13018515704
13018515705
13018515707
13018515713
13018515715
13018515716
13018515719
13018515726
13018515729
13018515734
13018515735
13018515736
13018515740
13018515741
13018515742
13018515743
13018515746
13018515747
13018515749
13018515754
13018515762
13018515763
13018515764
13018515784
13018515786
13018515791
13018515803
13018515809
13018515810
13018515814
13018515816
13018515824
13018515840
13018515842
13018515843
13018515847
13018515854
13018515867
13018515874
13018515891
13018515892
13018515894
13018515897
13018515901
13018515902
13018515905
13018515907
13018515916
13018515924
13018515931
13018515934
13018515937
13018515944
13018515946
13018515947
13018515949
13018515952
13018515954
13018515957
13018515960
13018515962
13018515963
13018515964
13018515970
13018515974
13018515975
13018515982
13018515994
13018516015
13018516017
13018516021
13018516024
13018516031
13018516040
13018516042
13018516044
13018516047
13018516049
13018516053
13018516061
13018516074
13018516075
13018516076
13018516082
13018516084
13018516094
13018516104
13018516106
13018516107
13018516115
13018516124
13018516134
13018516137
13018516143
13018516145
13018516147
13018516149
13018516154
13018516157
13018516171
13018516172
13018516173
13018516174
13018516175
13018516176
13018516184
13018516194
13018516195
13018516204
13018516205
13018516210
13018516213
13018516219
13018516232
13018516235
13018516240
13018516244
13018516245
13018516247
13018516249
13018516264
13018516272
13018516275
13018516279
13018516281
13018516284
13018516292
13018516294
13018516297
13018516301
13018516307
13018516314
13018516315
13018516324
13018516325
13018516340
13018516342
13018516343
13018516345
13018516349
13018516350
13018516351
13018516354
13018516361
13018516364
13018516371
13018516373
13018516374
13018516379
13018516382
13018516385
13018516387
13018516395
13018516397
13018516401
13018516403
13018516404
13018516409
13018516413
13018516417
13018516419
13018516421
13018516423
13018516424
13018516425
13018516426
13018516427
13018516430
13018516431
13018516432
13018516435
13018516436
13018516437
13018516439
13018516442
13018516445
13018516450
13018516451
13018516452
13018516453
13018516457
13018516458
13018516459
13018516460
13018516461
13018516462
13018516463
13018516465
13018516467
13018516469
13018516470
13018516471
13018516472
13018516473
13018516474
13018516475
13018516476
13018516479
13018516480
13018516483
13018516484
13018516487
13018516490
13018516491
13018516492
13018516493
13018516496
13018516497
13018516503
13018516504
13018516506
13018516507
13018516514
13018516517
13018516524
13018516529
13018516531
13018516537
13018516541
13018516542
13018516544
13018516545
13018516546
13018516559
13018516563
13018516570
13018516572
13018516573
13018516574
13018516575
13018516579
13018516584
13018516591
13018516592
13018516596
13018516597
13018516604
13018516614
13018516615
13018516631
13018516632
13018516634
13018516645
13018516648
13018516649
13018516659
13018516671
13018516673
13018516693
13018516694
13018516703
13018516704
13018516705
13018516710
13018516712
13018516724
13018516731
13018516734
13018516735
13018516736
13018516739
13018516740
13018516741
13018516744
13018516746
13018516749
13018516750
13018516751
13018516752
13018516753
13018516754
13018516757
13018516758
13018516760
13018516781
13018516782
13018516790
13018516794
13018516795
13018516796
13018516801
13018516809
13018516810
13018516814
13018516824
13018516825
13018516827
13018516837
13018516841
13018516842
13018516845
13018516847
13018516854
13018516864
13018516870
13018516871
13018516872
13018516873
13018516874
13018516875
13018516894
13018516902
13018516907
13018516912
13018516917
13018516924
13018516925
13018516930
13018516931
13018516934
13018516939
13018516940
13018516941
13018516942
13018516943
13018516944
13018516945
13018516946
13018516947
13018516954
13018516957
13018516964
13018516965
13018516972
13018516973
13018516974
13018516981
13018516984
13018516994
13018517014
13018517016
13018517024
13018517025
13018517027
13018517032
13018517034
13018517037
13018517040
13018517041
13018517042
13018517045
13018517046
13018517047
13018517051
13018517054
13018517057
13018517061
13018517064
13018517071
13018517074
13018517084
13018517092
13018517094
13018517096
13018517103
13018517104
13018517105
13018517106
13018517112
13018517113
13018517119
13018517120
13018517124
13018517126
13018517132
13018517134
13018517141
13018517142
13018517145
13018517146
13018517147
13018517151
13018517152
13018517154
13018517159
13018517163
13018517184
13018517195
13018517197
13018517204
13018517207
13018517210
13018517214
13018517224
13018517225
13018517230
13018517236
13018517240
13018517241
13018517242
13018517243
13018517245
13018517246
13018517247
13018517249
13018517251
13018517254
13018517261
13018517262
13018517263
13018517264
13018517265
13018517267
13018517269
13018517273
13018517290
13018517294
13018517301
13018517302
13018517307
13018517315
13018517316
13018517317
13018517324
13018517325
13018517326
13018517337
13018517342
13018517343
13018517344
13018517346
13018517351
13018517352
13018517354
13018517359
13018517360
13018517361
13018517362
13018517363
13018517364
13018517371
13018517384
13018517386
13018517387
13018517391
13018517393
13018517403
13018517404
13018517406
13018517407
13018517409
13018517410
13018517412
13018517415
13018517416
13018517423
13018517424
13018517426
13018517435
13018517436
13018517437
13018517440
13018517442
13018517443
13018517445
13018517447
13018517450
13018517451
13018517454
13018517458
13018517461
13018517462
13018517463
13018517464
13018517467
13018517469
13018517471
13018517473
13018517476
13018517480
13018517481
13018517482
13018517483
13018517484
13018517485
13018517486
13018517487
13018517491
13018517492
13018517493
13018517495
13018517501
13018517504
13018517509
13018517512
13018517513
13018517514
13018517523
13018517524
13018517529
13018517531
13018517532
13018517534
13018517537
13018517539
13018517540
13018517541
13018517542
13018517544
13018517545
13018517547
13018517548
13018517561
13018517564
13018517565
13018517570
13018517574
13018517581
13018517583
13018517584
13018517590
13018517591
13018517601
13018517603
13018517604
13018517610
13018517613
13018517621
13018517625
13018517631
13018517634
13018517635
13018517637
13018517639
13018517640
13018517642
13018517643
13018517644
13018517645
13018517647
13018517648
13018517651
13018517657
13018517659
13018517665
13018517670
13018517671
13018517672
13018517673
13018517674
13018517682
13018517684
13018517691
13018517692
13018517694
13018517695
13018517723
13018517725
13018517734
13018517745
13018517746
13018517754
13018517759
13018517765
13018517796
13018517803
13018517804
13018517807
13018517814
13018517816
13018517820
13018517823
13018517824
13018517826
13018517827
13018517830
13018517832
13018517834
13018517837
13018517840
13018517841
13018517842
13018517844
13018517847
13018517850
13018517853
13018517854
13018517860
13018517864
13018517867
13018517869
13018517871
13018517873
13018517874
13018517892
13018517894
13018517901
13018517903
13018517904
13018517905
13018517907
13018517909
13018517910
13018517916
13018517920
13018517924
13018517925
13018517927
13018517935
13018517937
13018517940
13018517941
13018517942
13018517943
13018517944
13018517945
13018517946
13018517950
13018517953
13018517954
13018517957
13018517960
13018517962
13018517964
13018517967
13018517974
13018517975
13018517976
13018517984
13018518024
13018518029
13018518037
13018518040
13018518042
13018518047
13018518049
13018518056
13018518064
13018518065
13018518067
13018518075
13018518079
13018518084
13018518091
13018518093
13018518094
13018518102
13018518104
13018518124
13018518131
13018518137
13018518149
13018518154
13018518164
13018518172
13018518174
13018518176
13018518194
13018518205
13018518206
13018518208
13018518214
13018518220
13018518224
13018518240
13018518241
13018518243
13018518245
13018518247
13018518249
13018518252
13018518254
13018518264
13018518272
13018518273
13018518274
13018518287
13018518290
13018518291
13018518297
13018518304
13018518305
13018518307
13018518314
13018518317
13018518340
13018518344
13018518347
13018518352
13018518354
13018518356
13018518357
13018518364
13018518367
13018518373
13018518374
13018518375
13018518390
13018518394
13018518409
13018518414
13018518423
13018518430
13018518434
13018518437
13018518440
13018518447
13018518449
13018518453
13018518457
13018518461
13018518465
13018518467
13018518470
13018518471
13018518474
13018518476
13018518490
13018518494
13018518496
13018518497
13018518524
13018518546
13018518548
13018518570
13018518574
13018518579
13018518594
13018518604
13018518621
13018518624
13018518630
13018518634
13018518641
13018518642
13018518649
13018518654
13018518657
13018518664
13018518674
13018518692
13018518694
13018518701
13018518704
13018518714
13018518717
13018518724
13018518727
13018518732
13018518734
13018518735
13018518741
13018518742
13018518745
13018518747
13018518749
13018518752
13018518761
13018518769
13018518775
13018518790
13018518796
13018518821
13018518842
13018518847
13018518905
13018518906
13018518907
13018518916
13018518921
13018518924
13018518927
13018518930
13018518940
13018518941
13018518952
13018518953
13018518954
13018518960
13018518964
13018518974
13018518994
13018519014
13018519017
13018519021
13018519026
13018519034
13018519040
13018519041
13018519042
13018519043
13018519044
13018519045
13018519046
13018519047
13018519048
13018519050
13018519056
13018519061
13018519062
13018519064
13018519067
13018519072
13018519073
13018519074
13018519079
13018519081
13018519084
13018519104
13018519105
13018519106
13018519107
13018519121
13018519131
13018519137
13018519142
13018519151
13018519152
13018519156
13018519159
13018519164
13018519167
13018519172
13018519174
13018519179
13018519195
13018519206
13018519210
13018519214
13018519217
13018519224
13018519236
13018519240
13018519242
13018519245
13018519247
13018519249
13018519257
13018519259
13018519260
13018519261
13018519264
13018519265
13018519269
13018519270
13018519271
13018519274
13018519275
13018519280
13018519286
13018519294
13018519301
13018519302
13018519304
13018519305
13018519307
13018519310
13018519312
13018519316
13018519320
13018519325
13018519326
13018519334
13018519341
13018519342
13018519347
13018519349
13018519350
13018519352
13018519353
13018519356
13018519357
13018519360
13018519364
13018519365
13018519371
13018519372
13018519375
13018519382
13018519384
13018519394
13018519401
13018519405
13018519406
13018519408
13018519410
13018519412
13018519413
13018519415
13018519416
13018519417
13018519425
13018519427
13018519428
13018519430
13018519431
13018519432
13018519435
13018519436
13018519439
13018519440
13018519442
13018519446
13018519449
13018519450
13018519451
13018519452
13018519453
13018519457
13018519459
13018519460
13018519461
13018519462
13018519463
13018519464
13018519465
13018519470
13018519472
13018519473
13018519474
13018519476
13018519479
13018519480
13018519481
13018519482
13018519483
13018519484
13018519485
13018519487
13018519490
13018519491
13018519493
13018519497
13018519502
13018519503
13018519505
13018519507
13018519524
13018519527
13018519534
13018519537
13018519542
13018519544
13018519554
13018519560
13018519561
13018519562
13018519564
13018519570
13018519573
13018519574
13018519576
13018519579
13018519591
13018519592
13018519597
13018519604
13018519605
13018519607
13018519609
13018519610
13018519614
13018519617
13018519620
13018519621
13018519632
13018519640
13018519643
13018519647
13018519651
13018519670
13018519672
13018519675
13018519679
13018519681
13018519691
13018519694
13018519701
13018519704
13018519706
13018519715
13018519717
13018519720
13018519724
13018519732
13018519734
13018519735
13018519737
13018519740
13018519742
13018519743
13018519744
13018519745
13018519750
13018519754
13018519761
13018519762
13018519763
13018519764
13018519765
13018519767
13018519769
13018519775
13018519784
13018519785
13018519787
13018519790
13018519792
13018519794
13018519804
13018519814
13018519815
13018519817
13018519824
13018519825
13018519834
13018519843
13018519845
13018519852
13018519853
13018519854
13018519859
13018519861
13018519864
13018519871
13018519873
13018519874
13018519942
13018519954
13018519963
13018519964
13018519981
13018519984
13025656650
13025656653
13025656670
13025656671
13025656682
13025656690
13025656691
13025656692
13025656693
13025656695
13025656701
13025656702
13025656703
13025656705
13025656709
13025656713
13025656716
13025656721
13025656723
13025656730
13025656732
13025656735
13025656739
13025656750
13025656752
13025656753
13025656760
13025656761
13025656771
13025656772
13025656773
13025656776
13025656780
13025656781
13025656785
13025656786
13025656787
13025656791
13025656797
13025656815
13025656817
13025656819
13025656825
13025656827
13025656830
13025656835
13025656836
13025656851
13025656856
13025656860
13025656863
13025656871
13025656872
13025656873
13025656875
13025656879
13025656890
13025656892
13025656897
13025656908
13025656910
13025656912
13025656915
13025656917
13025656921
13025656923
13025656930
13025656931
13025656937
13025656938
13025656939
13025656952
13025656953
13025656959
13025656970
13025656972
13025656976
13025656991
13025657003
13025657005
13025657010
13025657013
13025657027
13025657029
13025657031
13025657037
13025657051
13025657057
13025657059
13025657061
13025657062
13025657063
13025657065
13025657072
13025657081
13025657087
13025657089
13025657090
13025657091
13025657092
13025657096
13025657097
13025657101
13025657102
13025657103
13025657107
13025657110
13025657112
13025657117
13025657120
13025657121
13025657126
13025657127
13025657130
13025657137
13025657139
13025657150
13025657151
13025657152
13025657157
13025657158
13025657159
13025657160
13025657161
13025657162
13025657163
13025657165
13025657167
13025657169
13025657170
13025657172
13025657175
13025657178
13025657179
13025657181
13025657186
13025657187
13025657189
13025657190
13025657191
13025657192
13025657193
13025657195
13025657201
13025657202
13025657203
13025657205
13025657206
13025657207
13025657210
13025657212
13025657213
13025657215
13025657216
13025657217
13025657218
13025657219
13025657220
13025657221
13025657225
13025657231
13025657232
13025657236
13025657237
13025657238
13025657239
13025657252
13025657253
13025657261
13025657262
13025657263
13025657265
13025657267
13025657268
13025657270
13025657275
13025657278
13025657280
13025657281
13025657282
13025657286
13025657287
13025657289
13025657290
13025657291
13025657292
13025657293
13025657295
13025657298
13025657302
13025657303
13025657306
13025657313
13025657315
13025657316
13025657325
13025657326
13025657327
13025657330
13025657331
13025657332
13025657339
13025657352
13025657356
13025657359
13025657361
13025657363
13025657365
13025657367
13025657369
13025657370
13025657371
13025657372
13025657376
13025657380
13025657383
13025657389
13025657390
13025657391
13025657396
13025657397
13025657506
13025657509
13025657510
13025657512
13025657513
13025657517
13025657518
13025657519
13025657523
13025657527
13025657529
13025657530
13025657535
13025657536
13025657552
13025657553
13025657556
13025657560
13025657563
13025657571
13025657573
13025657582
13025657583
13025657586
13025657587
13025657589
13025657591
13025657592
13025657595
13025657597
13025657601
13025657603
13025657606
13025657607
13025657610
13025657612
13025657613
13025657616
13025657620
13025657623
13025657627
13025657629
13025657635
13025657636
13025657639
13025657652
13025657665
13025657669
13025657672
13025657679
13025657681
13025657683
13025657685
13025657696
13025657703
13025657705
13025657706
13025657709
13025657710
13025657713
13025657715
13025657720
13025657727
13025657728
13025657730
13025657731
13025657736
13025657738
13025657739
13025657757
13025657760
13025657780
13025657781
13025657785
13025657786
13025657791
13025657795
13025657809
13025657810
13025657817
13025657820
13025657821
13025657831
13025657835
13025657837
13025657853
13025657859
13025657860
13025657862
13025657863
13025657875
13025657879
13025657882
13025657895
13025657897
13025657905
13025657908
13025657916
13025657920
13025657926
13025657939
13025657953
13025657956
13025657957
13025657961
13025657963
13025657971
13025657980
13025657983
13025657987
13025657990
13025657993
13025658005
13025658007
13025658015
13025658016
13025658019
13025658020
13025658021
13025658052
13025658057
13025658059
13025658060
13025658073
13025658076
13025658078
13025658079
13025658082
13025658083
13025658089
13025658096
13025658103
13025658107
13025658109
13025658112
13025658113
13025658115
13025658119
13025658120
13025658121
13025658126
13025658128
13025658129
13025658130
13025658136
13025658137
13025658150
13025658153
13025658156
13025658157
13025658159
13025658162
13025658165
13025658167
13025658170
13025658171
13025658172
13025658175
13025658179
13025658183
13025658186
13025658196
13025658202
13025658208
13025658210
13025658221
13025658223
13025658227
13025658229
13025658231
13025658235
13025658237
13025658239
13025658250
13025658252
13025658256
13025658259
13025658260
13025658262
13025658267
13025658271
13025658273
13025658275
13025658279
13025658281
13025658290
13025658291
13025658293
13025658297
13025658307
13025658309
13025658310
13025658312
13025658316
13025658317
13025658320
13025658325
13025658337
13025658356
13025658357
13025658358
13025658359
13025658363
13025658369
13025658373
13025658376
13025658378
13025658382
13025658387
13025658389
13025658391
13025658397
13025658509
13025658515
13025658521
13025658523
13025658525
13025658530
13025658531
13025658538
13025658550
13025658551
13025658563
13025658569
13025658570
13025658571
13025658573
13025658576
13025658580
13025658581
13025658590
13025658591
13025658592
13025658593
13025658596
13025658601
13025658603
13025658605
13025658613
13025658618
13025658619
13025658625
13025658627
13025658631
13025658659
13025658662
13025658672
13025658675
13025658679
13025658681
13025658682
13025658692
13025658693
13025658695
13025658697
13025658701
13025658703
13025658705
13025658706
13025658710
13025658715
13025658716
13025658718
13025658719
13025658720
13025658721
13025658723
13025658727
13025658731
13025658735
13025658736
13025658739
13025658750
13025658752
13025658756
13025658757
13025658759
13025658762
13025658768
13025658769
13025658771
13025658782
13025658783
13025658802
13025658803
13025658805
13025658807
13025658813
13025658820
13025658825
13025658839
13025658859
13025658862
13025658867
13025658869
13025658872
13025658873
13025658892
13025658893
13025658901
13025658903
13025658905
13025658906
13025658908
13025658909
13025658910
13025658912
13025658913
13025658916
13025658917
13025658919
13025658923
13025658925
13025658926
13025658927
13025658931
13025658932
13025658937
13025658938
13025658951
13025658957
13025658959
13025658960
13025658961
13025658967
13025658970
13025658976
13025658979
13025658981
13025658991
13025658993
13025658995
13025659003
13025659007
13025659015
13025659016
13025659019
13025659021
13025659027
13025659029
13025659030
13025659032
13025659035
13025659037
13025659050
13025659052
13025659053
13025659056
13025659057
13025659059
13025659068
13025659071
13025659072
13025659073
13025659075
13025659081
13025659082
13025659083
13025659091
13025659095
13025659106
13025659117
13025659119
13025659126
13025659136
13025659157
13025659159
13025659160
13025659165
13025659189
13025659192
13025659201
13025659202
13025659203
13025659207
13025659209
13025659215
13025659218
13025659220
13025659221
13025659227
13025659237
13025659239
13025659252
13025659253
13025659263
13025659270
13025659272
13025659273
13025659278
13025659281
13025659287
13025659290
13025659312
13025659313
13025659317
13025659326
13025659353
13025659359
13025659361
13025659362
13025659363
13025659373
13025659378
13025659379
13025659381
13025659386
13025659390
13025659391
13025659396
13025659397
13025659501
13025659502
13025659503
13025659505
13025659506
13025659507
13025659508
13025659512
13025659513
13025659516
13025659517
13025659526
13025659528
13025659529
13025659530
13025659531
13025659536
13025659550
13025659560
13025659561
13025659565
13025659570
13025659572
13025659573
13025659582
13025659583
13025659586
13025659587
13025659591
13025659596
13025659597
13025659601
13025659602
13025659603
13025659606
13025659607
13025659609
13025659610
13025659612
13025659617
13025659618
13025659620
13025659621
13025659623
13025659626
13025659632
13025659638
13025659639
13025659651
13025659652
13025659653
13025659656
13025659661
13025659662
13025659663
13025659669
13025659673
13025659675
13025659681
13025659683
13025659689
13025659691
13025659695
13025659697
13025659701
13025659702
13025659703
13025659705
13025659710
13025659712
13025659713
13025659716
13025659719
13025659721
13025659728
13025659729
13025659730
13025659738
13025659750
13025659751
13025659757
13025659758
13025659760
13025659763
13025659767
13025659769
13025659772
13025659773
13025659775
13025659776
13025659778
13025659779
13025659781
13025659782
13025659783
13025659785
13025659786
13025659787
13025659790
13025659791
13025659792
13025659793
13025659795
13025659802
13025659805
13025659807
13025659810
13025659812
13025659813
13025659815
13025659817
13025659819
13025659821
13025659825
13025659826
13025659827
13025659829
13025659830
13025659831
13025659832
13025659835
13025659836
13025659837
13025659839
13025659850
13025659852
13025659857
13025659860
13025659861
13025659862
13025659863
13025659867
13025659869
13025659871
13025659873
13025659875
13025659876
13025659887
13025659891
13025659893
13025659901
13025659902
13025659905
13025659906
13025659912
13025659916
13025659921
13025659923
13025659927
13025659931
13025659935
13025659937
13025659951
13025659956
13025659957
13025659958
13025659961
13025659963
13025659967
13025659970
13025659971
13025659975
13025659976
13025659982
13025659987
13035890032
13035890034
13035890041
13035890042
13035890045
13035890047
13035890054
13035890069
13035890071
13035890082
13035890106
13035890107
13035890115
13035890117
13035890121
13035890126
13035890132
13035890140
13035890141
13035890142
13035890143
13035890144
13035890146
13035890149
13035890164
13035890184
13035890194
13035890214
13035890241
13035890242
13035890245
13035890246
13035890247
13035890264
13035890274
13035890284
13035890294
13035890324
13035890340
13035890341
13035890343
13035890364
13035890374
13035890384
13035890394
13035890403
13035890415
13035890421
13035890424
13035890427
13035890434
13035890435
13035890436
13035890439
13035890443
13035890450
13035890452
13035890453
13035890454
13035890459
13035890460
13035890461
13035890463
13035890467
13035890469
13035890470
13035890471
13035890474
13035890475
13035890476
13035890480
13035890481
13035890482
13035890485
13035890487
13035890490
13035890491
13035890492
13035890493
13035890494
13035890495
13035890514
13035890534
13035890540
13035890542
13035890545
13035890546
13035890547
13035890574
13035890594
13035890640
13035890641
13035890644
13035890645
13035890649
13035890674
13035890684
13035890694
13035890704
13035890724
13035890732
13035890735
13035890740
13035890741
13035890742
13035890743
13035890745
13035890746
13035890747
13035890750
13035890751
13035890754
13035890763
13035890764
13035890767
13035890772
13035890774
13035890783
13035890784
13035890790
13035890791
13035890792
13035890794
13035890801
13035890804
13035890807
13035890834
13035890837
13035890841
13035890842
13035890843
13035890847
13035890854
13035890862
13035890864
13035890874
13035890879
13035890910
13035890914
13035890924
13035890927
13035890937
13035890941
13035890942
13035890945
13035890947
13035890949
13035890951
13035890954
13035890957
13035890970
13035890974
13035890975
13035890976
13035890984
13035890993
13035891014
13035891032
13035891035
13035891040
13035891041
13035891045
13035891046
13035891047
13035891052
13035891054
13035891057
13035891064
13035891067
13035891072
13035891073
13035891074
13035891079
13035891081
13035891083
13035891084
13035891093
13035891094
13035891095
13035891130
13035891132
13035891139
13035891140
13035891143
13035891146
13035891150
13035891157
13035891159
13035891161
13035891164
13035891170
13035891172
13035891176
13035891187
13047020076
13047020085
13047020121
13047020158
13047020271
13047020335
13047020339
13047020350
13047020351
13047020352
13047020357
13047020361
13047020362
13047020365
13047020367
13047020369
13047020370
13047020372
13047020373
13047020379
13047020381
13047020385
13047020386
13047020387
13047020392
13047020393
13047020397
13047020512
13047020586
13047020595
13047020617
13047020635
13047020637
13047020639
13047020651
13047020652
13047020657
13047020658
13047020663
13047020665
13047020671
13047020672
13047020679
13047020685
13047020689
13047020691
13047020693
13047020696
13047020705
13047020723
13047020728
13047020731
13047020732
13047020751
13047020758
13047020760
13047020762
13047020769
13047020778
13047020782
13047020791
13047020792
13047020803
13047020812
13047020823
13047020825
13047020831
13047020837
13047020851
13047020863
13047020865
13047020870
13047020893
13047020895
13047020906
13047020927
13047020929
13047020930
13047020937
13047020938
13047020962
13047020963
13047020969
13047020976
13047020980
13047020983
13047020993
13047020995
13047021006
13047021007
13047021013
13047021015
13047021030
13047021031
13047021032
13047021037
13047021038
13047021039
13047021051
13047021057
13047021058
13047021060
13047021061
13047021063
13047021065
13047021067
13047021069
13047021071
13047021072
13047021073
13047021075
13047021079
13047021081
13047021083
13047021085
13047021086
13047021089
13047021090
13047021091
13047021092
13047021093
13047021095
13047021096
13047021097
13047021098
13047021102
13047021107
13047021109
13047021121
13047021125
13047021129
13047021130
13047021135
13047021137
13047021139
13047021150
13047021152
13047021156
13047021158
13047021160
13047021162
13047021163
13047021165
13047021167
13047021170
13047021171
13047021173
13047021175
13047021180
13047021181
13047021185
13047021190
13047021192
13047021193
13047021195
13047021196
13047021201
13047021202
13047021203
13047021205
13047021209
13047021210
13047021216
13047021223
13047021236
13047021237
13047021239
13047021250
13047021253
13047021256
13047021258
13047021259
13047021260
13047021261
13047021265
13047021270
13047021273
13047021275
13047021276
13047021278
13047021279
13047021281
13047021283
13047021286
13047021287
13047021291
13047021293
13047021295
13047021296
13047021303
13047021307
13047021308
13047021312
13047021316
13047021319
13047021325
13047021327
13047021328
13047021329
13047021331
13047021336
13047021337
13047021338
13047021350
13047021351
13047021352
13047021356
13047021357
13047021358
13047021359
13047021360
13047021361
13047021362
13047021363
13047021365
13047021367
13047021369
13047021373
13047021376
13047021380
13047021381
13047021383
13047021390
13047021391
13047021392
13047021393
13047021396
13047021502
13047021507
13047021512
13047021517
13047021525
13047021528
13047021532
13047021537
13047021550
13047021551
13047021552
13047021553
13047021556
13047021558
13047021561
13047021563
13047021565
13047021570
13047021573
13047021575
13047021582
13047021586
13047021589
13047021591
13047021592
13047021596
13047021606
13047021607
13047021610
13047021613
13047021617
13047021620
13047021625
13047021629
13047021630
13047021631
13047021632
13047021636
13047021637
13047021650
13047021651
13047021652
13047021653
13047021656
13047021663
13047021665
13047021670
13047021671
13047021673
13047021679
13047021680
13047021681
13047021682
13047021689
13047021690
13047021691
13047021693
13047021702
13047021705
13047021706
13047021707
13047021708
13047021710
13047021712
13047021713
13047021715
13047021716
13047021719
13047021721
13047021723
13047021725
13047021726
13047021727
13047021728
13047021730
13047021731
13047021732
13047021735
13047021750
13047021751
13047021753
13047021757
13047021758
13047021761
13047021762
13047021763
13047021765
13047021767
13047021769
13047021770
13047021771
13047021772
13047021773
13047021775
13047021776
13047021779
13047021781
13047021782
13047021785
13047021790
13047021796
13047021797
13047021798
13047021801
13047021806
13047021807
13047021812
13047021813
13047021815
13047021816
13047021820
13047021826
13047021827
13047021829
13047021830
13047021832
13047021835
13047021852
13047021853
13047021857
13047021859
13047021860
13047021861
13047021862
13047021863
13047021867
13047021869
13047021870
13047021873
13047021875
13047021876
13047021880
13047021883
13047021890
13047021891
13047021892
13047021893
13047021895
13047021897
13047021901
13047021902
13047021903
13047021907
13047021909
13047021910
13047021912
13047021913
13047021915
13047021917
13047021918
13047021920
13047021923
13047021926
13047021927
13047021929
13047021932
13047021936
13047021937
13047021939
13047021950
13047021952
13047021959
13047021960
13047021961
13047021962
13047021963
13047021967
13047021971
13047021972
13047021975
13047021976
13047021978
13047021979
13047021980
13047021981
13047021982
13047021985
13047021993
13047022016
13047022017
13047022023
13047022025
13047022028
13047022032
13047022050
13047022051
13047022052
13047022053
13047022060
13047022062
13047022067
13047022068
13047022069
13047022070
13047022075
13047022080
13047022081
13047022083
13047022092
13047022095
13047022096
13047022097
13047022101
13047022107
13047022108
13047022110
13047022116
13047022120
13047022126
13047022129
13047022131
13047022132
13047022135
13047022137
13047022138
13047022152
13047022153
13047022157
13047022159
13047022160
13047022161
13047022162
13047022163
13047022167
13047022169
13047022171
13047022172
13047022173
13047022175
13047022176
13047022179
13047022185
13047022187
13047022189
13047022192
13047022196
13047022209
13047022213
13047022219
13047022231
13047022251
13047022269
13047022301
13047022303
13047022305
13047022306
13047022312
13047022315
13047022317
13047022325
13047022326
13047022327
13047022350
13047022352
13047022353
13047022357
13047022359
13047022362
13047022367
13047022370
13047022371
13047022372
13047022378
13047022383
13047022385
13047022386
13047022391
13047022392
13047022398
13047022502
13047022503
13047022505
13047022506
13047022507
13047022508
13047022509
13047022510
13047022512
13047022515
13047022518
13047022519
13047022523
13047022527
13047022528
13047022530
13047022531
13047022532
13047022535
13047022536
13047022537
13047022539
13047022552
13047022553
13047022557
13047022560
13047022562
13047022565
13047022569
13047022571
13047022573
13047022575
13047022578
13047022579
13047022581
13047022582
13047022583
13047022585
13047022589
13047022590
13047022596
13047022602
13047022603
13047022605
13047022608
13047022609
13047022610
13047022612
13047022613
13047022616
13047022618
13047022620
13047022625
13047022630
13047022631
13047022635
13047022638
13047022657
13047022659
13047022660
13047022661
13047022670
13047022671
13047022673
13047022675
13047022679
13047022680
13047022681
13047022685
13047022687
13047022689
13047022690
13047022691
13047022692
13047022693
13047022697
13047022698
13047022703
13047022705
13047022706
13047022707
13047022709
13047022712
13047022716
13047022717
13047022720
13047022723
13047022729
13047022737
13047022739
13047022750
13047022751
13047022752
13047022757
13047022763
13047022767
13047022776
13047022778
13047022782
13047022785
13047022786
13047022787
13047022790
13047022791
13047022792
13047022793
13047022795
13047022797
13047022802
13047022809
13047022810
13047022812
13047022815
13047022817
13047022820
13047022821
13047022823
13047022825
13047022830
13047022832
13047022837
13047022850
13047022852
13047022853
13047022857
13047022860
13047022863
13047022865
13047022867
13047022869
13047022870
13047022871
13047022878
13047022879
13047022881
13047022890
13047022893
13047022896
13047022902
13047022903
13047022906
13047022907
13047022908
13047022912
13047022917
13047022921
13047022925
13047022930
13047022931
13047022936
13047022937
13047022939
13047022950
13047022951
13047022956
13047022957
13047022958
13047022960
13047022962
13047022967
13047022969
13047022971
13047022972
13047022978
13047022979
13047022980
13047022985
13047022989
13047022991
13047022995
13047023006
13047023010
13047023015
13047023016
13047023018
13047023020
13047023025
13047023027
13047023029
13047023031
13047023032
13047023037
13047023038
13047023039
13047023050
13047023051
13047023053
13047023056
13047023059
13047023060
13047023061
13047023065
13047023072
13047023075
13047023076
13047023080
13047023089
13047023092
13047023101
13047023102
13047023103
13047023105
13047023107
13047023112
13047023113
13047023115
13047023117
13047023118
13047023119
13047023121
13047023127
13047023129
13047023135
13047023136
13047023139
13047023151
13047023152
13047023153
13047023156
13047023158
13047023159
13047023162
13047023167
13047023170
13047023173
13047023175
13047023178
13047023187
13047023191
13047023192
13047023198
13047023201
13047023208
13047023209
13047023212
13047023219
13047023220
13047023221
13047023225
13047023229
13047023235
13047023251
13047023253
13047023257
13078320037
13078320107
13078320132
13078320236
13078320272
13078320276
13078320296
13078320352
13078320357
13078320371
13078320372
13078320375
13078320387
13078320391
13078320561
13078320569
13078320571
13078320575
13078320581
13078320583
13078320587
13078320595
13078320597
13078320631
13078320637
13078320652
13078320657
13078320670
13078320673
13078320726
13078320737
13078320750
13078320762
13078320765
13078320792
13078320796
13078320861
13078320871
13078320872
13078320875
13078320895
13078320951
13078320953
13078320961
13078320975
13078321032
13078321063
13078321071
13078321072
13078321171
13078321252
13078321257
13078321275
13078321291
13078321297
13078321327
13078321337
13078321350
13078321351
13078321359
13078321365
13078321371
13078321372
13078321375
13078321393
13078321397
13078321506
13078321510
13078321517
13078321537
13078321572
13078321597
13078321605
13078321610
13078321626
13078321629
13078321651
13078321657
13078321673
13078321691
13078321705
13078321709
13078321731
13078321732
13078321791
13078321796
13078321825
13078321851
13078321867
13078321932
13078321952
13078321961
13078321971
13078322059
13078322076
13078322097
13078322151
13078322157
13078322167
13078322173
13078322175
13078322190
13078322310
13078322359
13078322361
13078322395
13078322586
13078322590
13078322617
13078322657
13078322672
13078322702
13078322753
13078322930
13078322937
13078322951
13078322967
13078323015
13078323025
13078323031
13078323057
13078323061
13078323062
13078323087
13078323091
13078323092
13078323097
13078323107
13078323127
13078323150
13078323172
13078323212
13078325167
13078325169
13078325170
13078325179
13078325193
13078325196
13078325236
13078325272
13078325276
13078325290
13078325297
13078325307
13078325316
13078325361
13078325362
13078325372
13078325379
13078325395
13078325397
13078325501
13078325537
13078325570
13078325581
13078325591
13078325601
13078325605
13078325617
13078325619
13078325672
13078325702
13078325716
13078325732
13078325737
13078325762
13078325765
13078325776
13078325787
13078325790
13078325791
13078325806
13078325815
13078325821
13078325837
13078325893
13078325897
13078325902
13078325930
13078325935
13078325952
13078325960
13078325967
13078325970
13078325972
13078325976
13078325987
13078326015
13078326021
13078326059
13078326073
13078326081
13078326091
13078326096
13078326103
13078326107
13078326125
13078326137
13078326153
13078326156
13078326170
13078326171
13078326172
13078326175
13078326181
13078326187
13078326189
13078326195
13078326205
13078326213
13078326217
13078326219
13078326221
13078326251
13078326275
13078326281
13078326305
13078326310
13078326315
13078326352
13078326359
13078326385
13078326519
13078326525
13078326539
13078326553
13078326570
13078326571
13078326581
13078326673
13078326702
13078326712
13078326715
13078326732
13078326739
13078326757
13078326761
13078326763
13078326765
13078326792
13078326831
13078326851
13078326853
13078326870
13078326875
13078326905
13078326907
13078326915
13078326927
13078326951
13078326952
13078326971
13078327017
13078327031
13078327035
13078327036
13078327057
13078327061
13078327075
13078327092
13078327102
13078327105
13078327131
13078327137
13078327152
13078327157
13078327167
13078327176
13078327190
13078327192
13078327195
13078327196
13078327197
13078327206
13078327217
13078327235
13078327237
13078327253
13078327260
13078327261
13078327285
13078327291
13078327297
13078327305
13078327307
13078327317
13078327350
13078327391
13078327397
13078327510
13078327513
13078327529
13078327535
13078327591
13078327593
13078327612
13078327619
13078327627
13078327637
13078327651
13078327657
13078327670
13078327673
13078327719
13078327803
13078327807
13078327812
13078327821
13078327851
13078327865
13078327870
13078327871
13078327903
13078327905
13078327910
13078327915
13078327916
13078327920
13078327951
13078327961
13078327971
13078327972
13078327981
13078328021
13078328036
13078328051
13078328067
13078328073
13078328093
13078328125
13078328131
13078328150
13078328179
13078328195
13078328219
13078328230
13078328270
13078328307
13078328310
13078328360
13078328365
13078328371
13078328375
13078328392
13078328502
13078328507
13078328519
13078328527
13078328561
13078328571
13078328596
13078328602
13078328609
13078328617
13078328619
13078328652
13078328657
13078328671
13078328672
13078328673
13078328675
13078328697
13078328703
13078328712
13078328716
13078328731
13078328735
13078328751
13078328902
13078328906
13078328907
13078328915
13078328917
13078328920
13078328925
13078328931
13078328961
13078328963
13078328973
13078328975
13078329013
13078329021
13078329031
13078329035
13078329051
13078329053
13078329061
13078329067
13078329071
13078329072
13078329081
13078329106
13078329120
13078329127
13078329152
13078329159
13078329162
13078329175
13078329185
13078329235
13078329279
13078329305
13078329310
13078329313
13078329316
13078329317
13078329323
13078329351
13078329357
13078329379
13078329390
13078329502
13078329503
13078329507
13078329516
13078329517
13078329536
13078329557
13078329561
13078329571
13078329572
13078329580
13078329587
13078329592
13078329597
13078329601
13078329602
13078329612
13078329617
13078329630
13078329659
13078329670
13078329713
13078329720
13078329721
13078329725
13078329735
13078329739
13078329750
13078329752
13078329761
13078329780
13078329791
13078329813
13078329830
13078329835
13078329857
13078329861
13078329867
13078329870
13078329872
13078329937
13226370590
13226381076
13226385327
13226387135
13226389037
13226389160
13226390160
13226390167
13226390176
13226390270
13226390297
13226390513
13226390562
13226390687
13226390752
13226390763
13226390793
13226390832
13226391076
13226391079
13226391097
13226391252
13226391267
13226391295
13226391297
13226391501
13226391537
13226391539
13226391602
13226391652
13226391670
13226391672
13226391695
13226391709
13226391759
13226391762
13226391790
13226391805
13226391835
13226391837
13226391953
13226391982
13226392061
13226392071
13226392087
13226392107
13226392137
13226392167
13226392352
13226392357
13226392362
13226392370
13226392371
13226392527
13226392531
13226392591
13226392617
13226392651
13226392670
13226392695
13226392721
13226392737
13226392750
13226392787
13226392803
13226392815
13226392972
13226393021
13226393027
13226393057
13226393087
13226393165
13226393217
13226393260
13226393267
13226393297
13226393501
13226393596
13226393597
13226393621
13226393653
13226393671
13226393697
13226393715
13226393716
13226393762
13226393807
13226393857
13226393859
13226393957
13226395021
13226395061
13226395081
13226395102
13226395126
13226395173
13226395175
13226395190
13226395260
13226395302
13226395310
13226395351
13226395370
13226395371
13226395731
13226395775
13226395871
13226395907
13226395937
13226395962
13226395970
13226396017
13226396023
13226396075
13226396127
13226396157
13226396207
13226396267
13226396302
13226396371
13226396397
13226396537
13226396557
13226396576
13226396591
13226396705
13226396851
13226396897
13226396905
13226397103
13226397162
13226397263
13226397275
13226397307
13226397315
13226397325
13226397359
13226397371
13226397387
13226397527
13226397561
13226397593
13226397603
13226397605
13226397627
13226397751
13226397817
13226397952
13226397967
13226398107
13226398137
13226398157
13226398175
13226398231
13226398357
13226398361
13226398367
13226398510
13226398512
13226398517
13226398530
13226398670
13226398735
13226399057
13226399570
13226399702
13226399760
13232003192
13232012507
13232015062
13232015691
13232016039
13232016352
13232017297
13232019152
13232026952
13232027751
13232028137
13232028163
13232028175
13232031352
13232031371
13232031391
13232031571
13232031592
13232031597
13232031675
13232031817
13232031872
13232031951
13232035675
13232036257
13232036917
13232037021
13232037609
13232039617
13232040397
13232040692
13232040695
13232040951
13232041065
13232041126
13232041267
13232041281
13232041367
13232041527
13232041656
13232041659
13232042172
13232042372
13232042479
13232042507
13232042593
13232042607
13232042654
13232042716
13232042745
13232042762
13232042817
13232042879
13232042953
13232043156
13232043170
13232043607
13232043654
13232043673
13232043687
13232043701
13232043743
13232043752
13232043852
13232043950
13232043957
13232043960
13232043971
13232043972
13232044019
13232044096
13232044137
13232044150
13232044207
13232044260
13232044361
13232044584
13232044631
13232044764
13232044847
13232044917
13232045172
13232045361
13232045726
13232045731
13232045817
13232045819
13232045971
13232046045
13232046435
13232046457
13232046535
13232046573
13232046723
13232046817
13232046852
13232046927
13232047014
13232047057
13232047161
13232047184
13232047284
13232047309
13232047335
13232047381
13232047483
13232047495
13232047525
13232047571
13232047592
13232047597
13232047607
13232047627
13232047680
13232047681
13232047791
13232047795
13232047812
13232047827
13232047901
13232047906
13232047907
13232047915
13232047920
13232047931
13232047937
13232047965
13232047971
13232047995
13232048067
13232048076
13232048157
13232048176
13232048207
13232048257
13232048276
13232048295
13232048376
13232048391
13232048392
13232048501
13232048516
13232048572
13232048601
13232048625
13232048672
13232048721
13232048735
13232048742
13232048764
13232048915
13232048923
13232048941
13232048963
13232048972
13232048985
13232049054
13232049071
13232049072
13232049102
13232049144
13232049172
13232049175
13232049237
13232049251
13232049253
13232049265
13232049267
13232049273
13232049287
13232049315
13232049319
13232049325
13232049350
13232049351
13232049363
13232049367
13232049375
13232049381
13232049502
13232049507
13232049512
13232049513
13232049523
13232049536
13232049563
13232049565
13232049593
13232049597
13232049621
13232049623
13232049636
13232049652
13232049657
13232049675
13232049679
13232049702
13232049732
13232049735
13232049739
13232049750
13232049752
13232049753
13232049759
13232049762
13232049767
13232049781
13232049803
13232049817
13232049853
13250690735
13250690797
13250690872
13250691175
13250691276
13250691295
13250691513
13250691562
13250691570
13250691593
13250691605
13250691765
13250691925
13250692071
13250692157
13250692179
13250692372
13250692501
13250692517
13250692612
13250693375
13250693560
13250693562
13250693563
13250693597
13250693617
13250693621
13250693627
13250693650
13250693651
13250693657
13250693687
13250693710
13250693971
13250695232
13250695530
13250695579
13250695627
13250695792
13250695837
13250695932
13250696172
13250696265
13250696343
13250696507
13250696710
13250696791
13250696971
13250697132
13250697175
13250697310
13250697320
13250697623
13250697807
13250697870
13250697902
13250697912
13250698195
13250698703
13250698935
13250698952
13250699021
13250699173
13250699503
13250699769
13257640023
13257640072
13257640183
13257640187
13257640191
13257640230
13257640256
13257640271
13257640350
13257640351
13257640367
13257640375
13257640560
13257640562
13257640565
13257640570
13257640572
13257640583
13257640587
13257640690
13257640695
13257640731
13257640736
13257640759
13257640793
13257640852
13257640856
13257640857
13257640867
13257640870
13257640970
13257641037
13257641063
13257641071
13257641160
13257641269
13257641271
13257641380
13257641501
13257641529
13257641539
13257641561
13257641679
13257641709
13257641759
13257641795
13257641817
13257641851
13257641856
13257641857
13257641876
13257641890
13257642053
13257642061
13257642062
13257642071
13257642087
13257642152
13257642261
13257642302
13257642369
13257642371
13257642373
13257642379
13257642385
13257642507
13257642527
13257642571
13257642583
13257642601
13257642670
13257642673
13257642712
13257642713
13257642741
13257642750
13257642753
13257642776
13257642793
13257642805
13257642865
13257642917
13257643057
13257643069
13257643127
13257643167
13257643170
13257643173
13257643193
13257643205
13257643209
13257643253
13257643262
13257643506
13257643621
13257643627
13257643651
13257643687
13257643703
13257643720
13257643761
13257643805
13257643807
13257643817
13257643829
13257643853
13257643903
13257643930
13257643961
13257643967
13257645017
13257645051
13257645057
13257645061
13257645087
13257645092
13257645095
13257645096
13257645103
13257645106
13257645160
13257645196
13257645251
13257645261
13257645287
13257645302
13257645307
13257645310
13257645323
13257645361
13257645386
13257645397
13257645602
13257645631
13257645637
13257645691
13257645701
13257645702
13257645705
13257645710
13257645713
13257645717
13257645737
13257645739
13257645862
13257645927
13257645932
13257645935
13257645962
13257645967
13257646053
13257646061
13257646067
13257646091
13257646105
13257646106
13257646125
13257646135
13257646172
13257646179
13257646205
13257646207
13257646290
13257646305
13257646315
13257646351
13257646513
13257646517
13257646557
13257646581
13257646712
13257646785
13257646791
13257646792
13257646835
13257646851
13257646893
13257646917
13257646930
13257646951
13257647019
13257647035
13257647051
13257647063
13257647079
13257647091
13257647151
13257647156
13257647192
13257647197
13257647267
13257647293
13257647310
13257647332
13257647370
13257647371
13257647375
13257647386
13257647392
13257647582
13257647585
13257647652
13257647691
13257647706
13257647760
13257647793
13257647961
13257647969
13257648051
13257648067
13257648105
13257648109
13257648129
13257648153
13257648230
13257648235
13257648257
13257648391
13257648512
13257648515
13257648591
13257648651
13257648653
13257648751
13257648782
13257648921
13257648925
13257648930
13257648956
13257648962
13257649053
13257649079
13257649080
13257649101
13257649105
13257649162
13257649201
13257649256
13257649261
13257649301
13257649353
13257649372
13257649501
13257649506
13257649607
13257649617
13257649621
13257649629
13257649637
13257649650
13257649685
13257649716
13257649725
13257649727
13257649729
13257649732
13257649821
13257649839
13257649852
13257650232
13257650351
13257650539
13257650631
13257650897
13257650975
13257651057
13257651329
13257651532
13257651631
13257651832
13257651932
13257652167
13257652557
13257652570
13257652612
13257652703
13257652706
13257652752
13257652925
13257653015
13257653061
13257653075
13257653101
13257653127
13257653295
13257653312
13257653320
13257653529
13257653563
13257653637
13257653807
13257653975
13257655197
13257655379
13257656302
13257656312
13257656710
13257656952
13257657051
13257657160
13257657197
13257657207
13257657260
13257657305
13257657327
13257657389
13257657503
13257657529
13257657580
13257657781
13257657912
13257658017
13257658021
13257658107
13257658207
13257658290
13257658291
13257658319
13257658365
13257658692
13257658973
13257659127
13257659130
13257659301
13257659512
13257659602
13257659673
13257659683
13257659712
13288195602
13288196105
13288197059
13288197801
15626301505
15626302361
15626302531
15626302701
15626302973
15626303195
15626303561
15626303753
15626303895
15626305231
15626305371
15626305571
15626305617
15626305635
15626305701
15626305723
15626305731
15626305781
15626305873
15626305937
15626306171
15626307101
15626307713
15626308637
15626308716
15626308761
15626309103
15626309127
15626310232
15626310583
15626312735
15626312751
15626312850
15626312913
15626315753
15626316291
15626316501
15626317269
15626317967
15626318170
15626318171
15626318237
15626318265
15626318307
15626318361
15626318557
15626318569
15626318572
15626318591
15626318621
15626318637
15626318670
15626318710
15626318712
15626318731
15626318761
15626318963
15626319015
15626319017
15626319037
15626319051
15626319136
15626319167
15626319251
15626319275
15626319325
15626319327
15626319371
15626319385
15626319502
15626319532
15626319537
15626319581
15626319601
15626319635
15626319657
15626319681
15626319705
15626319712
15626319725
15626319727
15626319735
15626319751
15626319852
15626320570
15626320576
15626320582
15626320651
15626320895
15626320971
15626321087
15626322710
15626323517
15626323527
15626323675
15626323731
15626323761
15626323875
15626323921
15626323961
15626325067
15626325097
15626325179
15626325267
15626325287
15626325317
15626325372
15626325617
15626325736
15626325769
15626325805
15626325823
15626325825
15626325827
15626325892
15626325912
15626325920
15626329052
15626329061
15626329062
15626329105
15626329127
15626329136
15626329176
15626329195
15626329257
15626329287
15626329370
15626329375
15626329387
15626329537
15626329579
15626329621
15626329703
15626329713
15626329715
15626329725
15626329732
15626329737
15626329751
15626329753
15626329801
15626329812
15626396031
15692074367
15692074541
16606648791
16698360292
16698360317
16698360372
16698360517
16698360907
16698360973
16698360985
16698361073
16698361075
16698361257
16698361395
16698361527
16698361531
16698361537
16698361592
16698361627
16698361635
16698361720
16698361725
16698362023
16698362067
16698362150
16698362152
16698362175
16698362197
16698362261
16698362371
16698362517
16698362529
16698362637
16698362652
16698362693
16698362713
16698362751
16698362753
16698362757
16698362792
16698362795
16698362797
16698362851
16698362916
16698362976
16698363052
16698363102
16698363152
16698363157
16698363165
16698363219
16698363571
16698363710
16698363751
16698363763
16698363897
16698363916
16698365039
16698365075
16698365103
16698365106
16698365180
16698365197
16698365275
16698365307
16698365372
16698365435
16698365619
16698365705
16698365797
16698365912
16698365946
16698366241
16698366573
16698367035
16698367051
16698367091
16698367175
16698367210
16698367213
16698367219
16698367293
16698367297
16698367570
16698367605
16698367615
16698367821
16698367910
16698367917
16698368071
16698368357
16698368591
16698368597
16698368731
16698368735
16698368791
16698369027
16698369072
16698369127
16698369186
16698369217
16698369271
16698369272
16698369357
16698369365
16698369385
17506220537
17506225137
17506225382
17506225387
17506225531
17506225691
17506226185
17506226771
17506226807
17506226875
17506226951
17506227165
17506227190
17506227257
17506227309
17506227350
17506227502
17506227512
17506227531
17506227532
17506227537
17506227691
17506227837
17506227923
17506227962
17506228037
17506228135
17506228327
17506228350
17506229502
17506229653
17606621361
17606628031
17606628351
17606629587
18578504619
18607610562
18607618267
18607618710
19992947085
58880237512
69606194335
83878143549