13005301309
13005301707
13005302317
13018790297
13018790751
13018791537
13018792105
13018792657
13018792791
13018793512
13018793587
13018793785
13018795912
13018796237
13018796257
13018796370
13018796705
13018798075
13018798751
13025301208
13025302975
13025303682
13025303735
13025305276
13025307185
13025307851
13025308986
13025309120
13025309239
13025309275
13025309373
13025309652
13025309681
13035701657
13035702627
13035705091
13035707356
13035707362
13035707572
13035707802
13035707921
13035708270
13035708367
13035711391
13035712753
13035712957
13035713057
13035713195
13035713197
13035713257
13035713275
13035716307
13035718902
13035719537
13035720171
13035720491
13035722386
13035723201
13035723508
13035723510
13035725060
13035725192
13035725363
13035725571
13035726151
13035726335
13035726502
13035726892
13035726957
13035727521
13035727557
13035727560
13035728072
13035728173
13035728197
13035728357
13035728962
13035729553
13035732319
13035732512
13035732532
13035732590
13035732610
13035732621
13035732835
13035732953
13035732956
13035732985
13035733185
13035733251
13035733591
13035733625
13035733653
13035733862
13035733915
13035735023
13035735056
13035735159
13035735161
13035735239
13035735291
13035735381
13035735391
13035735529
13035735539
13035735610
13035735629
13035735630
13035735651
13035735691
13035735815
13035735886
13035735910
13035736015
13035736105
13035736250
13035736251
13035736253
13035736391
13035736503
13035736515
13035736530
13035736582
13035736591
13035736621
13035736810
13035736815
13035736865
13035736895
13035738051
13035738152
13035738161
13035738163
13035738235
13035738253
13035738501
13035738516
13035738532
13035738552
13035738596
13035738609
13035738913
13035738956
13035739015
13035739035
13035739061
13035739102
13035739182
13035739185
13035739195
13035739235
13035739305
13035739509
13035739530
13035739531
13035739632
13035739805
13049600463
13049600481
13049600591
13049600735
13049600785
13049600831
13049600857
13049600863
13049601042
13049601045
13049601057
13049601097
13049601140
13049601148
13049601157
13049601246
13049601247
13049601248
13049601257
13049601270
13049601340
13049601353
13049601407
13049601409
13049601428
13049601446
13049601459
13049601462
13049601469
13049601479
13049601495
13049601503
13049601512
13049601546
13049601605
13049601645
13049601648
13049601652
13049601670
13049601695
13049601705
13049601737
13049601741
13049601747
13049601762
13049601782
13049601847
13049601857
13049601871
13049601905
13049601907
13049601925
13049601927
13049601940
13049601941
13049601945
13049601947
13049601972
13049602045
13049602072
13049602135
13049602137
13049602143
13049602144
13049602162
13049602163
13049602167
13049602173
13049602185
13049602210
13049602242
13049602346
13049602357
13049602367
13049602376
13049602397
13049602402
13049602410
13049602459
13049602479
13049602489
13049602507
13049602543
13049602571
13049602587
13049602617
13049602631
13049602657
13049602709
13049602729
13049602751
13049602756
13049602759
13049602765
13049602791
13049602817
13049602840
13049602851
13049602856
13049602953
13049602961
13049602965
13049603057
13049603062
13049603070
13049603081
13049603150
13049603170
13049603192
13049603197
13049603257
13049603267
13049603287
13049603297
13049603507
13049603558
13049603595
13049603607
13049603613
13049603621
13049603706
13049603713
13049603716
13049603732
13049603757
13049603771
13049603797
13049603870
13049603871
13049603902
13049603967
13049603973
13049605072
13049605087
13049605162
13049605182
13049605183
13049605215
13049605237
13049605271
13049605309
13049605312
13049605351
13049605358
13049605391
13049605617
13049605672
13049605692
13049605701
13049605715
13049605729
13049605760
13049605785
13049605792
13049605795
13049605817
13049605831
13049605863
13049605893
13049605906
13049605951
13049606157
13049606217
13049606225
13049606252
13049606258
13049606261
13049606310
13049606315
13049606317
13049606321
13049606372
13049606502
13049606517
13049606610
13049606703
13049606779
13049606781
13049606791
13049606852
13049606875
13049606912
13049606957
13049607032
13049607097
13049607120
13049607137
13049607157
13049607167
13049607187
13049607201
13049607205
13049607256
13049607265
13049607295
13049607327
13049607361
13049607531
13049607569
13049607573
13049607589
13049607597
13049607610
13049607637
13049607653
13049607657
13049607685
13049607780
13049607786
13049607817
13049607857
13049607859
13049607917
13049608057
13049608107
13049608160
13049608237
13049608257
13049608297
13049608305
13049608367
13049608375
13049608391
13049608571
13049608617
13049608657
13049608671
13049608715
13049608725
13049608732
13049608737
13049608762
13049608763
13049608923
13049608951
13049608973
13049609035
13049609061
13049609105
13049609137
13049609153
13049609173
13049609253
13049609307
13049609352
13049609353
13049609357
13049609359
13049609367
13049609531
13049609532
13049609539
13049609572
13049609573
13049609591
13049609617
13049609620
13049609636
13049609657
13049609671
13049609691
13049609715
13049609717
13049609757
13049609785
13049609827
13049609837
13049609852
13049609861
13049609867
13068570271
13068570353
13068570865
13068570927
13068570971
13068571237
13068571697
13068571702
13068571732
13068571815
13068572025
13068572156
13068572371
13068572576
13068572601
13068572603
13068572650
13068572805
13068572970
13068573219
13068573915
13068575053
13068575182
13068575262
13068575271
13068575317
13068575352
13068575381
13068575603
13068575910
13068576071
13068576182
13068576235
13068577039
13068577263
13068577365
13068577605
13068577623
13068577728
13068577925
13068579031
13068579175
13068579637
13068580431
13068580462
13068580481
13068582016
13068582470
13068583405
13068583406
13068583409
13068585430
13068586257
13068586409
13068586423
13068586432
13068586435
13068586473
13068587403
13068587423
13068587425
13068587450
13068587493
13068587784
13068589257
13068589430
13068589436
13068589467
13068590165
13068590761
13068590861
13068590957
13068591172
13068591762
13068591792
13068591802
13068591953
13068592050
13068592076
13068592095
13068592171
13068592305
13068592317
13068592570
13068592630
13068592679
13068592797
13068592931
13068593025
13068593051
13068593137
13068593152
13068593172
13068593521
13068593527
13068593589
13068593715
13068593753
13068593873
13068595030
13068595102
13068595170
13068595180
13068595372
13068595601
13068596103
13068596173
13068596527
13068596557
13068596727
13068596921
13068596975
13068597027
13068597365
13068597527
13068597651
13068597831
13068597863
13068597867
13068597912
13068597937
13068598371
13068598753
13076100145
13076100543
13076100564
13076100747
13076101240
13076101340
13076101648
13076101743
13076101842
13076101849
13076101924
13076101945
13076102145
13076102167
13076102457
13076102648
13076102734
13076102746
13076102748
13076103243
13076103641
13076103645
13076103740
13076103745
13076104149
13076104215
13076104275
13076105147
13076105231
13076105246
13076105482
13076105641
13076105645
13076105649
13076105840
13076105970
13076106224
13076106349
13076106463
13076106745
13076106840
13076106941
13076107040
13076107049
13076107140
13076107149
13076107194
13076107345
13076107443
13076107534
13076107540
13076107542
13076107545
13076107741
13076107841
13076107842
13076107945
13076108041
13076108048
13076108343
13076108474
13076108546
13076108587
13076108740
13076108964
13076109215
13076109512
13076109717
13076109837
13076110971
13076112507
13076112751
13076113182
13076113506
13076113572
13076113620
13076113651
13076113975
13076115082
13076115107
13076115392
13076115912
13076116512
13076116709
13076116812
13076117051
13076117357
13076117363
13076117569
13076117815
13076119035
13076119051
13076119260
13076119701
13076119732
13076119756
13076119826
13076119867
13076119889
13076120152
13076120252
13076120597
13076121325
13076121795
13076121952
13076122381
13076122631
13076123871
13076123971
13076125087
13076125561
13076125621
13076125967
13076126271
13076126357
13076126371
13076126730
13076126739
13076126753
13076127157
13076127537
13076127902
13076128350
13076128357
13076128537
13076128659
13076128730
13076128790
13076129529
13076129625
13076129653
13076129776
13076130253
13076130571
13076130587
13076130697
13076130732
13076130961
13076131035
13076131275
13076131531
13076131537
13076131587
13076131801
13076131965
13076132107
13076132125
13076132151
13076132153
13076132375
13076132397
13076132635
13076132657
13076132730
13076132762
13076132807
13076132965
13076132970
13076132987
13076133701
13076133710
13076133751
13076133821
13076135265
13076135720
13076135721
13076136057
13076136087
13076136275
13076136295
13076136576
13076136797
13076137050
13076137953
13076138261
13076138304
13076138573
13076139135
13076139352
13076139530
13076139651
13076139805
13076139853
13076140023
13076140068
13076140080
13076140092
13076140103
13076140152
13076140196
13076140280
13076140325
13076140891
13076140907
13076140917
13076140932
13076140950
13076140951
13076140952
13076140953
13076140956
13076140962
13076140963
13076140969
13076140972
13076140976
13076140983
13076140986
13076140991
13076140995
13076141016
13076141021
13076141031
13076141037
13076141039
13076141056
13076141061
13076141063
13076141072
13076141076
13076141078
13076141081
13076141082
13076141085
13076141090
13076141092
13076141102
13076150067
13076150231
13076150252
13076150257
13076150258
13076150273
13076150287
13076150289
13076150295
13076150298
13076150325
13076150330
13076150350
13076150370
13076150372
13076150591
13076150621
13076150680
13076150730
13076150835
13076150839
13076150965
13076150986
13076151052
13076151062
13076151063
13076151079
13076151172
13076151201
13076151326
13076151357
13076151608
13076151651
13076151671
13076151675
13076151703
13076151765
13076151916
13076151935
13076151983
13076152015
13076152060
13076152107
13076152172
13076152310
13076152352
13076152359
13076152507
13076152531
13076152556
13076152570
13076152589
13076152623
13076152656
13076152658
13076152680
13076152682
13076152739
13076152761
13076152763
13076152769
13076152792
13076152852
13076152890
13076152961
13076152962
13076152971
13076153028
13076153029
13076153059
13076153117
13076153169
13076153283
13076153309
13076153370
13076153536
13076153569
13076153582
13076153608
13076153612
13076153615
13076153617
13076153629
13076153683
13076153750
13076153761
13076153767
13076153781
13076153790
13076153795
13076153932
13076153938
13076155013
13076155282
13076155291
13076155292
13076155317
13076155621
13076155685
13076155702
13076155726
13076155769
13076155825
13076155837
13076155935
13076155969
13076156162
13076156219
13076156232
13076156250
13076156285
13076156295
13076156329
13076156352
13076156395
13076156515
13076156612
13076156621
13076156709
13076156716
13076156726
13076156750
13076156769
13076156812
13076156865
13076156907
13076156970
13076156973
13076156978
13076157026
13076157081
13076157093
13076157097
13076157098
13076157125
13076157150
13076157190
13076157198
13076157215
13076157217
13076157220
13076157229
13076157295
13076157337
13076157507
13076157526
13076157613
13076157663
13076157725
13076157729
13076157801
13076157802
13076157810
13076157851
13076157853
13076157891
13076157893
13076157915
13076157930
13076157980
13076157992
13076157996
13076158029
13076158191
13076158192
13076158212
13076158213
13076158216
13076158219
13076158250
13076158310
13076158320
13076158351
13076158358
13076158391
13076158508
13076158531
13076158553
13076158559
13076158575
13076158583
13076158592
13076158701
13076158782
13076158795
13076158862
13076158872
13076158903
13076159013
13076159056
13076159106
13076159236
13076159306
13076159512
13076159526
13076159530
13076159572
13076159579
13076159702
13076159730
13076159757
13076159765
13076159823
13076159873
13076159936
13076159952
13076159953
13076159987
13076160275
13076160971
13076162165
13076162517
13076162691
13076162907
13076162937
13076162976
13076163075
13076165068
13076165129
13076165697
13076165907
13076165967
13076169087
13076169932
13076170126
13076170180
13076170212
13076170250
13076170252
13076170391
13076170593
13076170623
13076170630
13076170676
13076170759
13076170959
13076171032
13076171052
13076171059
13076171079
13076171218
13076171253
13076171265
13076171280
13076171392
13076171397
13076171503
13076171509
13076171526
13076171529
13076171561
13076171592
13076171650
13076171826
13076171832
13076171891
13076171896
13076171913
13076172029
13076172071
13076172085
13076172151
13076172157
13076172215
13076172365
13076172387
13076172391
13076172537
13076172552
13076172601
13076172605
13076172606
13076172607
13076172613
13076172650
13076172709
13076172716
13076172735
13076172756
13076172758
13076172770
13076172786
13076172837
13076172875
13076172932
13076172937
13076173002
13076173205
13076173226
13076173272
13076173276
13076173278
13076173292
13076173296
13076173302
13076173323
13076173351
13076173529
13076173589
13076173595
13076173657
13076173685
13076173692
13076173762
13076173780
13076173967
13076175002
13076175072
13076175101
13076175105
13076175107
13076175179
13076175265
13076175270
13076175280
13076175360
13076175365
13076175370
13076175389
13076175392
13076175615
13076175621
13076175637
13076175665
13076175685
13076175716
13076175735
13076175762
13076175783
13076175785
13076175795
13076175817
13076175897
13076175905
13076175921
13076175991
13076175995
13076176070
13076176072
13076176095
13076176113
13076176152
13076176296
13076176326
13076176359
13076176372
13076176373
13076176391
13076176508
13076176535
13076176572
13076176585
13076176590
13076176602
13076176713
13076176753
13076176763
13076176815
13076176851
13076177061
13076177062
13076177136
13076177162
13076177269
13076177291
13076177320
13076177330
13076177370
13076177503
13076177532
13076177581
13076177657
13076177953
13076177960
13076178056
13076178150
13076178267
13076178295
13076178310
13076178321
13076178361
13076178381
13076178501
13076178560
13076178562
13076178570
13076178575
13076178597
13076178702
13076178721
13076178723
13076178750
13076178759
13076178851
13076178973
13076179061
13076179073
13076179078
13076179101
13076179108
13076179171
13076179185
13076179258
13076179295
13076179312
13076179581
13076179615
13076179621
13076179625
13076179635
13076179653
13076179661
13076179715
13076179757
13076179817
13076179832
13076179958
13076180267
13076181721
13076183032
13076185165
13076186071
13076187553
13076190121
13076190297
13076190373
13076190387
13076190670
13076191239
13076191507
13076191527
13076191530
13076191709
13076191725
13076191787
13076191837
13076192053
13076192080
13076192097
13076192120
13076192157
13076192187
13076192307
13076192325
13076192327
13076192357
13076192573
13076192757
13076193621
13076195261
13076195275
13076195825
13076196195
13076197551
13076197657
13076197781
13076198015
13076198070
13076198073
13076198165
13076198170
13076198271
13076198370
13076198957
13076198972
13076199716
13144102413
13144102415
13144102416
13144102429
13144102435
13144102436
13144102437
13144102438
13144102439
13144102441
13144102445
13144102450
13144102451
13144102453
13144102459
13144102460
13144102461
13144102463
13144102465
13144102470
13144102471
13144102472
13144102483
13144102484
13144102491
13144102492
13144102494
13144102495
13144102498
13144102504
13144102506
13144102507
13144102509
13144102516
13144102523
13144102532
13144102546
13144102547
13144102549
13144102557
13144102570
13144102579
13144102585
13144102592
13144102601
13144102604
13144102610
13144102614
13144102617
13144102618
13144102621
13144102635
13144102636
13144102637
13144102649
13144102650
13144102651
13144102657
13144102663
13144102672
13144102674
13144102681
13144102683
13144102684
13144102691
13144102701
13144102702
13144102703
13144102704
13144102705
13144102714
13144102724
13144102734
13144102736
13144102738
13144102744
13144102753
13144102757
13144102758
13144102760
13144102765
13144102771
13144102774
13144102775
13144102776
13144102790
13144102794
13144102804
13144102805
13144102807
13144102812
13144102817
13144102824
13144102830
13144102832
13144102835
13144102840
13144102841
13144102846
13144102853
13144102854
13144102860
13144102864
13144102867
13144102872
13144102876
13144102890
13144102896
13144102908
13144102909
13144102930
13144102935
13144102936
13144102940
13144102943
13144102945
13144102948
13144102950
13144102959
13144102967
13144102970
13144102987
13144102992
13144103014
13144103017
13144103031
13144103036
13144103037
13144103047
13144103053
13144103056
13144103067
13144103074
13144103076
13144103081
13144103084
13144103089
13144103094
13144103098
13144103105
13144103126
13144103140
13144103142
13144103152
13144103162
13144103163
13144103170
13144103183
13144103187
13144103195
13144103196
13144103208
13144103209
13144103215
13144103216
13144103217
13144103234
13144103244
13144103257
13144103260
13144103262
13144103267
13144103271
13144103276
13144103282
13144103292
13144103293
13144103294
13144103304
13144103327
13144103356
13144103365
13144103382
13144103402
13144103409
13144103418
13144103423
13144103425
13144103426
13144103427
13144103429
13144103436
13144103439
13144103451
13144103459
13144103461
13144103465
13144103470
13144103471
13144103478
13144103480
13144103481
13144103485
13144103486
13144103490
13144103495
13144103496
13144103531
13144103544
13144103546
13144103560
13144103574
13144103584
13144103591
13144103597
13144103598
13144103620
13144103631
13144103645
13144103650
13144103653
13144103659
13144103680
13144103694
13144103702
13144103704
13144103705
13144103710
13144103712
13144103715
13144103721
13144103726
13144103730
13144103735
13144103752
13144103754
13144103759
13144103765
13144103769
13144103771
13144103780
13144103796
13144103807
13144103809
13144103817
13144103827
13144103830
13144103831
13144103844
13144103851
13144103854
13144103861
13144103869
13144103872
13144103876
13144103892
13144103893
13144103894
13144103895
13144103910
13144103925
13144103945
13144103950
13144103954
13144103961
13144103964
13144103965
13144103973
13144103975
13144103981
13144103984
13144103985
13144103994
13144104021
13144104031
13144104037
13144104042
13144104045
13144104046
13144104053
13144104054
13144104061
13144104065
13144104067
13144104074
13144104075
13144104079
13144104081
13144104082
13144104093
13144104095
13144104096
13144104125
13144104126
13144104142
13144104146
13144104153
13144104154
13144104157
13144104159
13144104160
13144104174
13144104176
13144104185
13144104187
13144104193
13144104194
13144104213
13144104214
13144104215
13144104220
13144104221
13144104227
13144104234
13144104237
13144104239
13144104246
13144104247
13144104249
13144104251
13144104257
13144104264
13144104265
13144104267
13144104274
13144104278
13144104279
13144104284
13144104285
13144104286
13144104287
13144104294
13144104312
13144104324
13144104328
13144104342
13144104345
13144104353
13144104356
13144104358
13144104359
13144104360
13144104367
13144104371
13144104379
13144104385
13144104390
13144104393
13144104394
13144104409
13144104415
13144104418
13144104431
13144104432
13144104453
13144104457
13144104459
13144104465
13144104474
13144104475
13144104493
13144104498
13144104501
13144104502
13144104507
13144104527
13144104534
13144104537
13144104552
13144104563
13144104564
13144104573
13144104584
13144104594
13144104596
13144104597
13144104601
13144104607
13144104608
13144104609
13144104629
13144104631
13144104634
13144104637
13144104645
13144104649
13144104653
13144104654
13144104657
13144104659
13144104665
13144104672
13144104689
13144104690
13144104691
13144104692
13144104696
13144104701
13144104702
13144104707
13144104709
13144104725
13144104730
13144104732
13144104736
13144104738
13144104742
13144104743
13144104745
13144104750
13144104752
13144104753
13144104758
13144104759
13144104785
13144104794
13144104795
13144104796
13144104801
13144104816
13144104820
13144104824
13144104835
13144104849
13144104850
13144104856
13144104875
13144104884
13144104894
13144104895
13144104901
13144104910
13144104920
13144104927
13144104929
13144104932
13144104934
13144104942
13144104943
13144104944
13144104946
13144104947
13144104952
13144104971
13144104980
13144104981
13144104986
13144104992
13144104997
13144105007
13144105013
13144105034
13144105037
13144105041
13144105044
13144105045
13144105046
13144105047
13144105053
13144105062
13144105064
13144105068
13144105072
13144105082
13144105087
13144105108
13144105126
13144105130
13144105132
13144105134
13144105137
13144105145
13144105153
13144105159
13144105162
13144105167
13144105169
13144105173
13144105174
13144105195
13144105215
13144105217
13144105218
13144105219
13144105227
13144105234
13144105236
13144105237
13144105248
13144105253
13144105261
13144105264
13144105265
13144105270
13144105287
13144105293
13144105306
13144105309
13144105315
13144105317
13144105326
13144105372
13144105390
13144105396
13144105401
13144105402
13144105403
13144105406
13144105412
13144105415
13144105418
13144105419
13144105421
13144105425
13144105428
13144105432
13144105435
13144105439
13144105448
13144105449
13144105453
13144105462
13144105469
13144105471
13144105474
13144105478
13144105481
13144105484
13144105485
13144105486
13144105487
13144105491
13144105492
13144105493
13144105497
13144105498
13144105506
13144105513
13144105523
13144105548
13144105563
13144105576
13144105579
13144105581
13144105592
13144105607
13144105619
13144105620
13144105621
13144105623
13144105625
13144105631
13144105634
13144105636
13144105662
13144105670
13144105673
13144105675
13144105679
13144105687
13144105693
13144105704
13144105707
13144105723
13144105727
13144105729
13144105730
13144105751
13144105752
13144105761
13144105768
13144105774
13144105782
13144105785
13144105793
13144105796
13144105807
13144105814
13144105826
13144105827
13144105837
13144105847
13144105849
13144105861
13144105862
13144105872
13144105875
13144105883
13144105891
13144105892
13144105893
13144105894
13144105903
13144105907
13144105934
13144105936
13144105944
13144105947
13144105948
13144105953
13144105960
13144105967
13144105969
13144105970
13144105972
13144105979
13144105981
13144105982
13144105987
13144105989
13144105993
13144106003
13144106023
13144106044
13144106049
13144106052
13144106056
13144106057
13144106063
13144106064
13144106074
13144106083
13144106084
13144106087
13144106092
13144106094
13144106103
13144106121
13144106124
13144106128
13144106134
13144106135
13144106142
13144106143
13144106146
13144106147
13144106148
13144106149
13144106150
13144106157
13144106162
13144106174
13144106184
13144106194
13144106195
13144106197
13144106203
13144106212
13144106217
13144106231
13144106235
13144106237
13144106240
13144106241
13144106242
13144106252
13144106253
13144106260
13144106270
13144106272
13144106274
13144106280
13144106282
13144106284
13144106285
13144106287
13144106289
13144106291
13144106297
13144106324
13144106325
13144106327
13144106345
13144106350
13144106351
13144106356
13144106357
13144106360
13144106367
13144106370
13144106379
13144106382
13144106387
13144106389
13144106404
13144106406
13144106408
13144106410
13144106413
13144106415
13144106416
13144106417
13144106427
13144106429
13144106435
13144106437
13144106441
13144106447
13144106450
13144106452
13144106453
13144106454
13144106459
13144106461
13144106462
13144106467
13144106469
13144106470
13144106471
13144106472
13144106473
13144106475
13144106476
13144106479
13144106480
13144106482
13144106483
13144106485
13144106486
13144106487
13144106489
13144106493
13144106494
13144106495
13144106498
13144106503
13144106505
13144106509
13144106514
13144106515
13144106517
13144106536
13144106537
13144106544
13144106548
13144106551
13144106557
13144106560
13144106563
13144106564
13144106569
13144106574
13144106575
13144106578
13144106579
13144106587
13144106589
13144106594
13144106645
13144106647
13144106656
13144106657
13144106701
13144106707
13144106708
13144106709
13144106715
13144106718
13144106724
13144106731
13144106732
13144106736
13144106753
13144106761
13144106776
13144106792
13144106793
13144106794
13144106796
13144106801
13144106802
13144106803
13144106812
13144106814
13144106817
13144106827
13144106831
13144106840
13144106842
13144106843
13144106844
13144106856
13144106870
13144106879
13144106887
13144106892
13144106897
13144106901
13144106907
13144106925
13144106927
13144106930
13144106937
13144106940
13144106944
13144106950
13144106957
13144106959
13144106960
13144106961
13144106963
13144106967
13144106973
13144106975
13144106983
13144106987
13144106993
13144107031
13144107035
13144107037
13144107048
13144107062
13144107064
13144107074
13144107082
13144107083
13144107086
13144107087
13144107091
13144107092
13144107094
13144107096
13144107097
13144107104
13144107120
13144107121
13144107124
13144107125
13144107129
13144107142
13144107143
13144107145
13144107156
13144107159
13144107164
13144107182
13144107184
13144107194
13144107196
13144107197
13144107204
13144107206
13144107213
13144107217
13144107220
13144107231
13144107234
13144107236
13144107241
13144107246
13144107249
13144107262
13144107269
13144107273
13144107276
13144107282
13144107284
13144107287
13144107289
13144107293
13144107309
13144107314
13144107316
13144107320
13144107340
13144107343
13144107345
13144107346
13144107349
13144107350
13144107352
13144107354
13144107358
13144107360
13144107362
13144107374
13144107375
13144107378
13144107382
13144107387
13144107390
13144107393
13144107394
13144107396
13144107402
13144107403
13144107405
13144107408
13144107409
13144107412
13144107415
13144107416
13144107418
13144107419
13144107425
13144107453
13144107464
13144107467
13144107489
13144107506
13144107519
13144107530
13144107531
13144107535
13144107537
13144107540
13144107541
13144107542
13144107543
13144107546
13144107549
13144107551
13144107554
13144107562
13144107564
13144107571
13144107576
13144107583
13144107585
13144107587
13144107589
13144107591
13144107594
13144107595
13144107596
13144107597
13144107598
13144107601
13144107602
13144107604
13144107605
13144107607
13144107608
13144107612
13144107614
13144107627
13144107630
13144107631
13144107636
13144107637
13144107639
13144107643
13144107649
13144107650
13144107652
13144107657
13144107659
13144107662
13144107664
13144107670
13144107674
13144107684
13144107689
13144107694
13144107704
13144107720
13144107724
13144107726
13144107729
13144107742
13144107748
13144107754
13144107759
13144107761
13144107764
13144107781
13144107793
13144107796
13144107805
13144107807
13144107812
13144107821
13144107827
13144107830
13144107831
13144107843
13144107848
13144107850
13144107852
13144107857
13144107859
13144107863
13144107864
13144107870
13144107874
13144107884
13144107895
13144107906
13144107920
13144107924
13144107925
13144107928
13144107931
13144107935
13144107941
13144107942
13144107943
13144107944
13144107946
13144107949
13144107954
13144107957
13144107959
13144107960
13144107964
13144107969
13144107970
13144107973
13144107981
13144107986
13144107991
13144107995
13144108013
13144108014
13144108017
13144108027
13144108039
13144108040
13144108041
13144108042
13144108044
13144108045
13144108046
13144108047
13144108052
13144108054
13144108057
13144108063
13144108069
13144108072
13144108094
13144108104
13144108120
13144108124
13144108126
13144108137
13144108144
13144108147
13144108149
13144108154
13144108159
13144108160
13144108162
13144108172
13144108173
13144108174
13144108175
13144108201
13144108205
13144108212
13144108213
13144108217
13144108219
13144108221
13144108227
13144108235
13144108240
13144108241
13144108254
13144108257
13144108264
13144108265
13144108267
13144108269
13144108271
13144108287
13144108294
13144108295
13144108297
13144108309
13144108317
13144108324
13144108330
13144108344
13144108346
13144108349
13144108353
13144108354
13144108361
13144108364
13144108367
13144108374
13144108382
13144108385
13144108410
13144108414
13144108418
13144108428
13144108454
13144108458
13144108463
13144108470
13144108471
13144108474
13144108476
13144108479
13144108483
13144108487
13144108489
13144108492
13144108493
13144108497
13144108501
13144108503
13144108505
13144108507
13144108512
13144108513
13144108516
13144108526
13144108527
13144108532
13144108535
13144108543
13144108544
13144108595
13144108597
13144108601
13144108603
13144108604
13144108605
13144108612
13144108615
13144108616
13144108623
13144108624
13144108627
13144108635
13144108644
13144108654
13144108656
13144108657
13144108667
13144108672
13144108673
13144108675
13144108684
13144108707
13144108710
13144108714
13144108724
13144108730
13144108731
13144108734
13144108735
13144108737
13144108738
13144108742
13144108743
13144108746
13144108750
13144108751
13144108754
13144108757
13144108764
13144108772
13144108773
13144108774
13144108784
13144108791
13144108793
13144108794
13144108795
13144108796
13144108814
13144108817
13144108834
13144108856
13144108864
13144108871
13144108904
13144108907
13144108924
13144108925
13144108934
13144108935
13144108937
13144108946
13144108947
13144108949
13144108954
13144108957
13144108958
13144108972
13144108974
13144108975
13144108994
13144108996
13144109025
13144109027
13144109029
13144109034
13144109042
13144109056
13144109057
13144109058
13144109059
13144109061
13144109063
13144109067
13144109071
13144109073
13144109084
13144109102
13144109112
13144109127
13144109142
13144109147
13144109149
13144109152
13144109154
13144109164
13144109165
13144109167
13144109176
13144109184
13144109185
13144109197
13144109203
13144109213
13144109215
13144109224
13144109234
13144109238
13144109241
13144109242
13144109243
13144109244
13144109245
13144109247
13144109248
13144109249
13144109254
13144109261
13144109270
13144109275
13144109276
13144109279
13144109281
13144109286
13144109293
13144109294
13144109305
13144109312
13144109337
13144109340
13144109344
13144109346
13144109353
13144109360
13144109371
13144109384
13144109386
13144109391
13144109402
13144109418
13144109423
13144109431
13144109434
13144109435
13144109436
13144109440
13144109445
13144109446
13144109450
13144109451
13144109453
13144109459
13144109463
13144109464
13144109467
13144109469
13144109474
13144109475
13144109478
13144109482
13144109483
13144109489
13144109492
13144109495
13144109504
13144109512
13144109514
13144109525
13144109526
13144109531
13144109532
13144109534
13144109539
13144109541
13144109542
13144109545
13144109547
13144109552
13144109553
13144109554
13144109562
13144109571
13144109573
13144109575
13144109576
13144109578
13144109579
13144109583
13144109601
13144109613
13144109615
13144109617
13144109630
13144109632
13144109641
13144109648
13144109653
13144109664
13144109670
13144109671
13144109682
13144109683
13144109694
13144109697
13144109704
13144109721
13144109725
13144109734
13144109737
13144109738
13144109740
13144109744
13144109747
13144109760
13144109767
13144109784
13144109786
13144109787
13144109817
13144109819
13144109826
13144109831
13144109835
13144109843
13144109844
13144109846
13144109847
13144109859
13144109861
13144109863
13144109864
13144109867
13144109871
13144109884
13144109895
13144109897
13144109934
13144109943
13144109945
13144109946
13144109957
13144109974
13168290025
13168290037
13168290073
13168290075
13168290170
13168290172
13168290181
13168290190
13168290237
13168290257
13168290270
13168290278
13168290327
13168290351
13168290356
13168290362
13168290367
13168290375
13168290385
13168290397
13168290509
13168290531
13168290536
13168290571
13168290575
13168290578
13168290580
13168290651
13168290653
13168290672
13168290725
13168290739
13168290770
13168290772
13168290773
13168290778
13168290796
13168290850
13168290863
13168290867
13168290910
13168290957
13168290971
13168291031
13168291036
13168291075
13168291102
13168291173
13168291197
13168291213
13168291256
13168291278
13168291282
13168291315
13168291332
13168291335
13168291361
13168291367
13168291376
13168291502
13168291505
13168291508
13168291509
13168291519
13168291557
13168291563
13168291565
13168291576
13168291593
13168291610
13168291651
13168291705
13168291716
13168291720
13168291727
13168291735
13168291758
13168291769
13168291787
13168291825
13168291831
13168291861
13168291896
13168291897
13168291913
13168291921
13168291953
13168291956
13168291958
13168292027
13168292053
13168292062
13168292105
13168292107
13168292131
13168292156
13168292192
13168292206
13168292216
13168292217
13168292273
13168292285
13168292291
13168292350
13168292352
13168292370
13168292502
13168292517
13168292519
13168292607
13168292609
13168292635
13168292675
13168292687
13168292713
13168292716
13168292719
13168292723
13168292730
13168292731
13168292736
13168292737
13168292739
13168292750
13168292759
13168292760
13168292763
13168292767
13168292770
13168292773
13168292781
13168292782
13168292786
13168292787
13168292795
13168292797
13168292807
13168292817
13168292823
13168292826
13168292827
13168292857
13168292871
13168292872
13168292901
13168292903
13168292907
13168292937
13168292957
13168292967
13168292975
13168292997
13168293002
13168293015
13168293037
13168293057
13168293063
13168293073
13168293075
13168293076
13168293087
13168293106
13168293107
13168293137
13168293157
13168293167
13168293170
13168293171
13168293173
13168293197
13168293207
13168293217
13168293227
13168293237
13168293271
13168293273
13168293279
13168293297
13168293302
13168293352
13168293357
13168293367
13168293370
13168293373
13168293507
13168293517
13168293537
13168293550
13168293551
13168293557
13168293571
13168293572
13168293576
13168293578
13168293597
13168293610
13168293621
13168293627
13168293632
13168293637
13168293659
13168293670
13168293671
13168293673
13168293680
13168293705
13168293707
13168293709
13168293715
13168293720
13168293721
13168293723
13168293729
13168293738
13168293739
13168293750
13168293753
13168293756
13168293758
13168293759
13168293761
13168293763
13168293767
13168293769
13168293770
13168293771
13168293776
13168293778
13168293781
13168293783
13168293786
13168293795
13168293796
13168293807
13168293810
13168293817
13168293821
13168293856
13168293857
13168293870
13168293871
13168293876
13168293907
13168293917
13168293927
13168293937
13168293957
13168293971
13168293972
13168293975
13168295007
13168295017
13168295020
13168295027
13168295031
13168295057
13168295071
13168295072
13168295076
13168295079
13168295081
13168295087
13168295091
13168295097
13168295103
13168295105
13168295117
13168295126
13168295128
13168295137
13168295150
13168295157
13168295163
13168295171
13168295172
13168295173
13168295175
13168295182
13168295187
13168295197
13168295217
13168295227
13168295237
13168295267
13168295269
13168295270
13168295271
13168295278
13168295287
13168295297
13168295307
13168295315
13168295316
13168295337
13168295369
13168295370
13168295379
13168295507
13168295517
13168295532
13168295537
13168295578
13168295579
13168295587
13168295590
13168295597
13168295602
13168295606
13168295607
13168295616
13168295617
13168295626
13168295632
13168295650
13168295657
13168295667
13168295670
13168295697
13168295705
13168295706
13168295715
13168295716
13168295717
13168295718
13168295721
13168295723
13168295727
13168295728
13168295729
13168295732
13168295735
13168295736
13168295738
13168295750
13168295756
13168295758
13168295760
13168295761
13168295762
13168295768
13168295771
13168295776
13168295783
13168295785
13168295790
13168295791
13168295792
13168295797
13168295798
13168295817
13168295819
13168295825
13168295827
13168295837
13168295857
13168295870
13168295871
13168295873
13168295875
13168295879
13168295895
13168295897
13168295907
13168295915
13168295927
13168295931
13168295967
13168295971
13168296007
13168296017
13168296027
13168296037
13168296056
13168296057
13168296070
13168296075
13168296076
13168296079
13168296089
13168296097
13168296125
13168296167
13168296170
13168296173
13168296187
13168296193
13168296207
13168296210
13168296221
13168296226
13168296227
13168296232
13168296237
13168296257
13168296267
13168296270
13168296271
13168296273
13168296279
13168296315
13168296323
13168296327
13168296330
13168296331
13168296337
13168296367
13168296370
13168296375
13168296380
13168296385
13168296503
13168296515
13168296517
13168296526
13168296557
13168296572
13168296587
13168296597
13168296601
13168296620
13168296627
13168296637
13168296657
13168296673
13168296706
13168296707
13168296716
13168296717
13168296721
13168296723
13168296725
13168296727
13168296728
13168296730
13168296737
13168296738
13168296753
13168296759
13168296763
13168296770
13168296773
13168296796
13168296806
13168296807
13168296827
13168296831
13168296837
13168296857
13168296865
13168296879
13168296905
13168296907
13168296936
13168296937
13168296957
13168296967
13168296970
13168296971
13168296972
13168297005
13168297010
13168297013
13168297018
13168297019
13168297020
13168297021
13168297023
13168297027
13168297030
13168297031
13168297036
13168297053
13168297059
13168297061
13168297063
13168297068
13168297069
13168297071
13168297075
13168297085
13168297087
13168297089
13168297091
13168297093
13168297101
13168297103
13168297107
13168297109
13168297110
13168297116
13168297128
13168297132
13168297135
13168297151
13168297161
13168297165
13168297167
13168297181
13168297183
13168297186
13168297187
13168297193
13168297195
13168297209
13168297213
13168297215
13168297216
13168297217
13168297219
13168297227
13168297230
13168297237
13168297250
13168297257
13168297259
13168297261
13168297262
13168297263
13168297267
13168297270
13168297275
13168297283
13168297286
13168297287
13168297296
13168297297
13168297301
13168297303
13168297307
13168297309
13168297320
13168297321
13168297327
13168297328
13168297332
13168297352
13168297356
13168297357
13168297359
13168297361
13168297370
13168297375
13168297378
13168297382
13168297391
13168297396
13168297397
13168297509
13168297516
13168297517
13168297519
13168297530
13168297532
13168297535
13168297550
13168297560
13168297563
13168297568
13168297573
13168297579
13168297582
13168297585
13168297603
13168297606
13168297607
13168297612
13168297616
13168297617
13168297620
13168297621
13168297625
13168297627
13168297631
13168297632
13168297635
13168297637
13168297653
13168297657
13168297667
13168297682
13168297695
13168297696
13168297697
13168297708
13168297723
13168297727
13168297728
13168297737
13168297752
13168297753
13168297756
13168297758
13168297759
13168297761
13168297767
13168297769
13168297801
13168297805
13168297807
13168297827
13168297837
13168297850
13168297851
13168297852
13168297857
13168297862
13168297867
13168297872
13168297891
13168297892
13168297895
13168297897
13168297902
13168297907
13168297910
13168297913
13168297921
13168297926
13168297927
13168297937
13168297953
13168297956
13168297961
13168297967
13168297970
13168297981
13168297983
13168297991
13168298027
13168298037
13168298057
13168298070
13168298071
13168298072
13168298073
13168298087
13168298097
13168298107
13168298127
13168298137
13168298157
13168298171
13168298175
13168298197
13168298207
13168298217
13168298227
13168298236
13168298237
13168298251
13168298257
13168298267
13168298273
13168298278
13168298285
13168298301
13168298307
13168298327
13168298330
13168298358
13168298360
13168298397
13168298507
13168298517
13168298519
13168298537
13168298551
13168298557
13168298572
13168298573
13168298575
13168298576
13168298578
13168298579
13168298587
13168298607
13168298613
13168298616
13168298617
13168298627
13168298637
13168298651
13168298657
13168298671
13168298675
13168298697
13168298705
13168298710
13168298712
13168298713
13168298716
13168298717
13168298719
13168298721
13168298723
13168298727
13168298729
13168298732
13168298735
13168298737
13168298739
13168298751
13168298753
13168298756
13168298758
13168298763
13168298775
13168298776
13168298785
13168298790
13168298792
13168298795
13168298797
13168298807
13168298827
13168298835
13168298857
13168298927
13168298957
13168298973
13168298979
13168299027
13168299061
13168299067
13168299072
13168299073
13168299075
13168299076
13168299103
13168299107
13168299117
13168299127
13168299137
13168299167
13168299173
13168299175
13168299207
13168299216
13168299235
13168299257
13168299262
13168299267
13168299271
13168299272
13168299273
13168299276
13168299287
13168299301
13168299303
13168299306
13168299320
13168299327
13168299350
13168299357
13168299367
13168299376
13168299381
13168299383
13168299387
13168299517
13168299532
13168299537
13168299557
13168299572
13168299575
13168299586
13168299587
13168299590
13168299617
13168299627
13168299637
13168299656
13168299667
13168299671
13168299672
13168299679
13168299701
13168299705
13168299707
13168299716
13168299717
13168299720
13168299731
13168299732
13168299737
13168299751
13168299752
13168299753
13168299757
13168299759
13168299768
13168299771
13168299780
13168299785
13168299793
13168299807
13168299812
13168299813
13168299830
13168299835
13168299837
13168299867
13168299871
13168299875
13168299951
13172750362
13172750695
13172751253
13172751320
13172751629
13172751923
13172752185
13172752395
13172752830
13172752831
13172752981
13172753150
13172753201
13172753562
13172753620
13172753960
13172755091
13172755125
13172755231
13172755385
13172756025
13172756083
13172756102
13172756203
13172756301
13172756381
13172756395
13172756690
13172756801
13172756905
13172758113
13172758312
13172758359
13172758395
13172758503
13172758560
13172758952
13172759215
13172759252
13172759261
13172759615
13172770596
13172770698
13172770965
13172771093
13172771561
13172771576
13172771582
13172771708
13172771736
13172771892
13172772691
13172772692
13172772825
13172773231
13172773581
13172773610
13172773625
13172773652
13172773912
13172773972
13172775176
13172775180
13172775232
13172775236
13172775267
13172775273
13172775275
13172775278
13172775286
13172775301
13172775327
13172775331
13172785197
13172785761
13172786905
13192701862
13192706285
13192706386
13192706561
13192706932
13192706950
13192708021
13192708151
13192708201
13192708391
13192708397
13192708637
13192708701
13192708707
13192708720
13192708735
13192708737
13192708761
13192708793
13192708935
13192708957
13192709017
13192709035
13192709037
13192709087
13192709135
13192709150
13192709167
13192709251
13192709361
13192709371
13192709373
13192709375
13192709507
13192709573
13192709581
13192709587
13192709637
13192709675
13192709697
13192709702
13192709712
13192709717
13192709727
13192709762
13192709817
13192709850
13192710537
13192710575
13192710637
13192710753
13192711265
13192711302
13192711537
13192711590
13192711657
13192711970
13192712572
13192712587
13192712615
13192713067
13192713657
13192713706
13192713760
13192713867
13192715027
13192715059
13192715065
13192715176
13192715192
13192715305
13192715372
13192715385
13192715607
13192715692
13192715710
13192715807
13192715857
13192715961
13192715971
13192716031
13192716187
13192716230
13192716237
13192716307
13192716357
13192716701
13192716737
13192716925
13192717205
13192717253
13192717276
13192717352
13192717397
13192717857
13192718031
13192718351
13192718356
13192718531
13192718537
13192718572
13192718617
13192719031
13192719037
13192719235
13192719237
13192719285
13192719357
13192719367
13192719523
13192719737
13192720137
13192720153
13192720157
13192720182
13192720192
13192720275
13192720370
13192720372
13192720531
13192720570
13192720587
13192720651
13192720652
13192720659
13192720671
13192720765
13192720937
13192721087
13192721095
13192721138
13192721153
13192721167
13192721175
13192721252
13192721265
13192721307
13192721327
13192721329
13192721387
13192721392
13192721507
13192721527
13192721535
13192721537
13192721581
13192721601
13192721653
13192721672
13192721697
13192721720
13192721731
13192721737
13192721750
13192721756
13192721759
13192721763
13192721793
13192721815
13192721851
13192721870
13192721935
13192721952
13192722031
13192722035
13192722056
13192722317
13192722353
13192722357
13192722503
13192722512
13192722517
13192722523
13192722697
13192722757
13192722797
13192722836
13192722852
13192723021
13192723053
13192723056
13192723121
13192723136
13192723159
13192723165
13192723256
13192723295
13192723313
13192723351
13192723525
13192723561
13192723601
13192723685
13192723861
13192723931
13192725035
13192725091
13192725130
13192725138
13192725196
13192725615
13192725635
13192725803
13192725865
13192725915
13192725935
13192725953
13192725985
13192726052
13192726053
13192726105
13192726152
13192726205
13192726209
13192726215
13192726251
13192726291
13192726305
13192726325
13192726509
13192726519
13192726563
13192726809
13192726850
13192726851
13192726853
13192726915
13192726953
13192728056
13192728130
13192728135
13192728193
13192728250
13192728265
13192728315
13192728325
13192728502
13192728506
13192728512
13192728565
13192728625
13192728629
13192728838
13192728912
13192728935
13192729053
13192729056
13192729253
13192729285
13192729351
13192729601
13192729615
13192729669
13192729905
13192730639
13192730657
13192730692
13192730716
13192730753
13192730971
13192730979
13192731076
13192731235
13192731576
13192731593
13192731720
13192731761
13192731796
13192732032
13192732056
13192732172
13192732217
13192732531
13192732680
13192732701
13192732721
13192732730
13192732762
13192732782
13192732801
13192732852
13192733076
13192733107
13192733253
13192733573
13192733672
13192733726
13192733752
13192733791
13192733916
13192733971
13192733976
13192735032
13192735057
13192735075
13192735107
13192735127
13192735135
13192735173
13192735217
13192735271
13192735287
13192735371
13192735517
13192735527
13192735697
13192735703
13192735712
13192735723
13192735761
13192735787
13192735793
13192735817
13192735821
13192735827
13192735871
13192735907
13192735920
13192735927
13192735937
13192735973
13192736027
13192736057
13192736087
13192736192
13192736237
13192736327
13192736381
13192736396
13192736503
13192736516
13192736517
13192736579
13192736720
13192736737
13192736783
13192736785
13192736872
13192736957
13192736967
13192736973
13192737013
13192737027
13192737051
13192737097
13192737151
13192737160
13192737176
13192737205
13192737285
13192737295
13192737507
13192737561
13192737630
13192737650
13192737751
13192737782
13192737827
13192737901
13192737937
13192738271
13192738320
13192738357
13192738507
13192738537
13192738573
13192738587
13192738597
13192738637
13192738715
13192738730
13192738757
13192738775
13192738901
13192738927
13192739037
13192739107
13192739207
13192739279
13192739380
13192739502
13192739503
13192739571
13192739575
13192739615
13192739627
13192739651
13192739685
13192739712
13192739713
13192739751
13192739753
13192739760
13192739787
13192739826
13192739859
13192739957
13192740121
13192740139
13192740159
13192740192
13192740252
13192740361
13192740396
13192740516
13192740589
13192740631
13192740670
13192740673
13192740682
13192740709
13192740719
13192740739
13192740792
13192740839
13192740872
13192740906
13192740936
13192740952
13192740973
13192741028
13192741051
13192741057
13192741063
13192741067
13192741081
13192741185
13192741217
13192741252
13192741257
13192741262
13192741275
13192741281
13192741287
13192741291
13192741296
13192741330
13192741351
13192741361
13192741375
13192741391
13192741397
13192741507
13192741517
13192741519
13192741523
13192741607
13192741625
13192741657
13192741659
13192741660
13192741685
13192741690
13192741692
13192741719
13192741725
13192741727
13192741731
13192741738
13192741762
13192741765
13192741797
13192741815
13192741820
13192741865
13192741867
13192741870
13192741897
13192741923
13192741929
13192741932
13192741935
13192741976
13192742032
13192742036
13192742067
13192742082
13192742105
13192742109
13192742126
13192742157
13192742195
13192742251
13192742290
13192742307
13192742310
13192742339
13192742351
13192742357
13192742359
13192742393
13192742510
13192742537
13192742563
13192742596
13192742602
13192742605
13192742613
13192742617
13192742635
13192742686
13192742701
13192742703
13192742706
13192742710
13192742712
13192742732
13192742781
13192742792
13192742801
13192742805
13192742807
13192742813
13192742818
13192742827
13192742875
13192742880
13192742901
13192742906
13192742907
13192742913
13192742915
13192742923
13192742925
13192742926
13192742927
13192742950
13192742960
13192742961
13192742963
13192742965
13192742967
13192742970
13192742973
13192742978
13192742981
13192742987
13192742990
13192742997
13192743001
13192743002
13192743005
13192743007
13192743008
13192743016
13192743017
13192743018
13192743020
13192743021
13192743025
13192743028
13192743031
13192743035
13192743036
13192743052
13192743057
13192743058
13192743061
13192743067
13192743071
13192743072
13192743073
13192743075
13192743079
13192743080
13192743087
13192743089
13192743093
13192743095
13192743096
13192743097
13192743098
13192743101
13192743102
13192743105
13192743107
13192743108
13192743109
13192743110
13192743113
13192743115
13192743117
13192743127
13192743135
13192743137
13192743138
13192743157
13192743158
13192743170
13192743181
13192743182
13192743186
13192743187
13192743190
13192743191
13192743192
13192743193
13192743197
13192743198
13192743207
13192743208
13192743221
13192743227
13192743230
13192743231
13192743237
13192743238
13192743239
13192743251
13192743256
13192743261
13192743265
13192743267
13192743268
13192743272
13192743275
13192743282
13192743283
13192743287
13192743289
13192743291
13192743295
13192743297
13192743301
13192743305
13192743307
13192743308
13192743315
13192743316
13192743317
13192743325
13192743350
13192743351
13192743352
13192743357
13192743358
13192743367
13192743372
13192743375
13192743379
13192743380
13192743381
13192743387
13192743390
13192743391
13192743393
13192743397
13192743503
13192743507
13192743508
13192743509
13192743513
13192743517
13192743518
13192743527
13192743530
13192743531
13192743538
13192743556
13192743563
13192743565
13192743568
13192743572
13192743573
13192743578
13192743583
13192743597
13192743602
13192743607
13192743615
13192743616
13192743617
13192743621
13192743626
13192743627
13192743630
13192743632
13192743637
13192743639
13192743650
13192743652
13192743656
13192743657
13192743663
13192743673
13192743676
13192743680
13192743682
13192743687
13192743689
13192743697
13192743701
13192743707
13192743712
13192743716
13192743717
13192743727
13192743728
13192743731
13192743759
13192743768
13192743778
13192743779
13192743780
13192743781
13192743793
13192743795
13192743797
13192743805
13192743809
13192743812
13192743813
13192743816
13192743817
13192743821
13192743825
13192743826
13192743827
13192743830
13192743835
13192743836
13192743837
13192743852
13192743857
13192743861
13192743862
13192743867
13192743869
13192743870
13192743879
13192743882
13192743886
13192743891
13192743895
13192743901
13192743902
13192743907
13192743916
13192743921
13192743923
13192743926
13192743927
13192743931
13192743932
13192743935
13192743936
13192743937
13192743951
13192743957
13192743962
13192743972
13192743973
13192743975
13192743981
13192743982
13192743985
13192743987
13192743989
13192743995
13192743997
13192745005
13192745007
13192745017
13192745025
13192745035
13192745037
13192745053
13192745057
13192745070
13192745071
13192745078
13192745082
13192745083
13192745086
13192745087
13192745092
13192745095
13192745098
13192745101
13192745107
13192745110
13192745113
13192745116
13192745126
13192745127
13192745130
13192745132
13192745137
13192745138
13192745150
13192745156
13192745157
13192745169
13192745170
13192745171
13192745175
13192745179
13192745189
13192745190
13192745191
13192745192
13192745196
13192745213
13192745215
13192745217
13192745219
13192745227
13192745231
13192745237
13192745250
13192745253
13192745256
13192745258
13192745259
13192745262
13192745267
13192745269
13192745281
13192745283
13192745285
13192745286
13192745287
13192745289
13192745292
13192745295
13192745296
13192745297
13192745298
13192745301
13192745302
13192745303
13192745310
13192745312
13192745313
13192745315
13192745318
13192745327
13192745331
13192745337
13192745338
13192745351
13192745356
13192745357
13192745359
13192745362
13192745367
13192745368
13192745370
13192745373
13192745375
13192745379
13192745381
13192745387
13192745390
13192745395
13192745396
13192745397
13192745398
13192745501
13192745503
13192745510
13192745515
13192745516
13192745517
13192745528
13192745529
13192745532
13192745537
13192745538
13192745560
13192745563
13192745565
13192745568
13192745569
13192745570
13192745573
13192745575
13192745576
13192745579
13192745581
13192745582
13192745587
13192745593
13192745597
13192745598
13192745603
13192745606
13192745607
13192745609
13192745610
13192745612
13192745615
13192745617
13192745619
13192745620
13192745625
13192745626
13192745628
13192745629
13192745632
13192745637
13192745639
13192745653
13192745659
13192745661
13192745662
13192745665
13192745670
13192745673
13192745676
13192745680
13192745681
13192745685
13192745687
13192745690
13192745691
13192745695
13192745705
13192745709
13192745712
13192745715
13192745718
13192745720
13192745721
13192745723
13192745727
13192745729
13192745735
13192745736
13192745738
13192745750
13192745751
13192745752
13192745753
13192745760
13192745761
13192745762
13192745763
13192745767
13192745768
13192745769
13192745770
13192745775
13192745780
13192745781
13192745782
13192745785
13192745786
13192745787
13192745791
13192745796
13192745797
13192745801
13192745802
13192745803
13192745805
13192745806
13192745807
13192745816
13192745817
13192745819
13192745827
13192745830
13192745832
13192745837
13192745838
13192745852
13192745853
13192745859
13192745860
13192745863
13192745867
13192745870
13192745873
13192745875
13192745879
13192745880
13192745892
13192745893
13192745901
13192745902
13192745903
13192745907
13192745910
13192745912
13192745919
13192745921
13192745925
13192745926
13192745927
13192745928
13192745930
13192745931
13192745935
13192745950
13192745952
13192745953
13192745957
13192745963
13192745965
13192745967
13192745969
13192745970
13192745973
13192745976
13192745978
13192745979
13192745985
13192745986
13192745987
13192745996
13192746003
13192746005
13192746006
13192746007
13192746010
13192746013
13192746017
13192746019
13192746025
13192746027
13192746028
13192746029
13192746031
13192746036
13192746037
13192746038
13192746053
13192746059
13192746061
13192746062
13192746063
13192746067
13192746073
13192746075
13192746076
13192746080
13192746082
13192746083
13192746085
13192746087
13192746090
13192746091
13192746095
13192746097
13192746101
13192746105
13192746115
13192746117
13192746119
13192746121
13192746126
13192746127
13192746130
13192746135
13192746137
13192746139
13192746151
13192746156
13192746157
13192746158
13192746159
13192746162
13192746163
13192746165
13192746169
13192746170
13192746175
13192746176
13192746183
13192746187
13192746191
13192746195
13192746202
13192746203
13192746206
13192746207
13192746209
13192746215
13192746217
13192746219
13192746227
13192746229
13192746231
13192746256
13192746257
13192746259
13192746261
13192746267
13192746273
13192746275
13192746281
13192746283
13192746286
13192746287
13192746290
13192746291
13192746297
13192746298
13192746302
13192746307
13192746312
13192746320
13192746326
13192746327
13192746329
13192746332
13192746336
13192746337
13192746339
13192746352
13192746356
13192746357
13192746358
13192746360
13192746361
13192746367
13192746368
13192746370
13192746373
13192746378
13192746379
13192746380
13192746383
13192746385
13192746386
13192746389
13192746390
13192746392
13192746393
13192746397
13192746506
13192746507
13192746510
13192746512
13192746515
13192746517
13192746518
13192746526
13192746527
13192746529
13192746530
13192746532
13192746535
13192746537
13192746539
13192746551
13192746552
13192746557
13192746559
13192746560
13192746569
13192746571
13192746572
13192746576
13192746583
13192746585
13192746587
13192746591
13192746592
13192746597
13192746598
13192746601
13192746602
13192746603
13192746607
13192746610
13192746612
13192746615
13217615723
13217617752
13217618175
13217618705
13217619572
13217620061
13217620083
13217620153
13217620156
13217620159
13217620169
13217620213
13217620237
13217620268
13217620270
13217620321
13217620375
13217620396
13217620559
13217620573
13217620731
13217620761
13217620771
13217620792
13217620797
13217620835
13217620869
13217620891
13217620906
13217620927
13217620928
13217620930
13217620932
13217620956
13217620963
13217621071
13217621153
13217621196
13217621225
13217621265
13217621272
13217621273
13217621275
13217621280
13217621295
13217621350
13217621351
13217621373
13217621526
13217621537
13217621550
13217621556
13217621561
13217621562
13217621563
13217621569
13217621578
13217621583
13217621596
13217621602
13217621637
13217621650
13217621727
13217621783
13217621792
13217621862
13217621930
13217621956
13217622032
13217622036
13217622056
13217622059
13217622073
13217622162
13217622301
13217622303
13217622327
13217622329
13217622359
13217622527
13217622531
13217622562
13217622569
13217622573
13217622612
13217622621
13217622635
13217622703
13217622709
13217622712
13217622730
13217622790
13217622837
13217622860
13217622892
13217622902
13217622906
13217622981
13217623002
13217623058
13217623107
13217623117
13217623163
13217623176
13217623287
13217623296
13217623358
13217623360
13217623395
13217623503
13217623519
13217623601
13217623630
13217623665
13217623679
13217623702
13217623703
13217623706
13217623720
13217623775
13217623810
13217623837
13217623865
13217623871
13217623879
13217623910
13217623915
13217623921
13217623935
13217623953
13217623958
13217623965
13217623970
13217625020
13217625070
13217625173
13217625175
13217625295
13217625301
13217625302
13217625321
13217625356
13217625371
13217625379
13217625395
13217625532
13217625569
13217625575
13217625580
13217625592
13217625659
13217625669
13217625671
13217625697
13217625720
13217625721
13217625736
13217625739
13217625750
13217625752
13217625759
13217625775
13217625830
13217625860
13217625871
13217625890
13217625930
13217625932
13217625950
13217625967
13217625968
13217626056
13217626091
13217626127
13217626158
13217626159
13217626310
13217626357
13217626367
13217626368
13217626369
13217626507
13217626525
13217626526
13217626556
13217626587
13217626595
13217626598
13217626635
13217626670
13217626721
13217626738
13217626905
13217626951
13217627019
13217627087
13217627093
13217627098
13217627152
13217627175
13217627209
13217627231
13217627261
13217627320
13217627321
13217627383
13217627508
13217627562
13217627578
13217627632
13217627679
13217627735
13217627752
13217627758
13217627806
13217627832
13217627936
13217627960
13217627985
13217628013
13217628015
13217628023
13217628073
13217628076
13217628086
13217628152
13217628173
13217628195
13217628201
13217628335
13217628359
13217628365
13217628392
13217628506
13217628529
13217628593
13217628615
13217628651
13217628671
13217628676
13217628706
13217628712
13217628715
13217628716
13217628752
13217628801
13217628821
13217628907
13217628919
13217628951
13217628961
13217628971
13217629031
13217629057
13217629060
13217629073
13217629129
13217629135
13217629176
13217629190
13217629237
13217629319
13217629352
13217629357
13217629361
13217629373
13217629375
13217629397
13217629506
13217629518
13217629531
13217629553
13217629557
13217629562
13217629565
13217629573
13217629580
13217629602
13217629632
13217629650
13217629685
13217629703
13217629715
13217629716
13217629736
13217629758
13217629763
13217629785
13217629803
13217629821
13217629850
13217629859
13217629865
13217629885
13217629921
13217629931
13217629963
13217629967
13217629973
13217629976
13226762507
13226893867
13232610167
13232612697
13232613105
13232617359
13232617962
13232618257
13232618795
13232640028
13232640256
13232640535
13232640856
13232640885
13232640953
13232642113
13232642885
13232643339
13232756507
13232757160
13232758751
13232761637
13232768357
13232769037
13232769251
13257622157
13257623597
13286701271
13286701503
13286701715
13286702375
13286702376
13286702397
13286703057
13286703105
13286710125
13286710135
13286710136
13286710152
13286710392
13286710650
13286710682
13286710691
13286710753
13286710831
13286710931
13286711083
13286711253
13286711312
13286711357
13286711539
13286712102
13286712353
13286712379
13286712532
13286712579
13286712607
13286712705
13286712719
13286712931
13286712952
13286713657
13286713702
13286713736
13286713760
13286713791
13286713815
13286713837
13286713872
13286713975
13286715027
13286715129
13286715170
13286715191
13286715261
13286715302
13286715359
13286715635
13286715695
13286715697
13286715707
13286715905
13286715975
13286716287
13286716530
13286716705
13286716712
13286716775
13286716785
13286717621
13286718205
13286719325
13286719507
13286719651
13286720159
13286720167
13286720571
13286720627
13286720761
13286720797
13286720851
13286720935
13286720965
13286720967
13286721057
13286721059
13286721371
13286721590
13286721731
13286721765
13286721769
13286721837
13286721927
13286722037
13286722137
13286722516
13286722702
13286722765
13286723096
13286723167
13286723215
13286723605
13286723607
13286723692
13286723927
13286723965
13286725109
13286725237
13286725350
13286725363
13286725375
13286725501
13286725617
13286725650
13286725697
13286725701
13286725712
13286725717
13286725720
13286725932
13286726019
13286726215
13286726271
13286726395
13286726671
13286726701
13286726703
13286726706
13286726731
13286726931
13286726972
13286727167
13286727650
13286727657
13286727825
13286727875
13286727910
13286727915
13286727957
13286728057
13286728515
13286728562
13286728917
13286729085
13286729159
13286729561
13286729685
13286729709
13286729720
13286729817
13286730653
13286731275
13286731975
13286732357
13286733291
13286733725
13286735172
13286735291
13286736512
13286736573
13286737051
13286737805
13286738902
13286738917
13286739035
13286739167
13286739175
13286739237
15602635371
15602639851
15697626144
15697627957
16607610364
16607611245
16607611471
16607614275
16607614954
16607615874
16676260042
16676261047
16676261457
16676261475
16676261510
16676262992
17507615981
17507618351
17507618792
17507619387
17607620315
17607620383
17607620983
17607621108
17607621561
17607621595
17607622953
17607623235
17607623325
17607625650
17607625812
17607625909
17607625962
17607626032
17607626156
17607626915
17607627854
17607628351
17607628669
17688092591
17688093657
17688095795
17688097019
24609524245
52876738399
55631347307