13018723072
13018729173
13018729501
13018746591
13018748367
13018748509
13018748552
13018749083
13018749208
13018749273
13018749290
13018749370
13018749506
13018749527
13018749826
13018750553
13018762447
13018762459
13018762475
13018762524
13018762654
13018762694
13018762714
13018762747
13018762754
13018762843
13018762864
13018762924
13018762947
13018762954
13018762984
13018762994
13018763034
13018763045
13018763074
13018763104
13018763124
13018763149
13018763154
13018763406
13018763423
13018763435
13018763453
13018763473
13018763574
13018763604
13018763694
13018763714
13018763854
13018763864
13018763894
13018764024
13018764031
13018764053
13018764057
13018764062
13018764084
13018764137
13018764156
13018764160
13018764167
13018764179
13018764184
13018764192
13018764204
13018764253
13018764263
13018764275
13018764293
13018764304
13018764305
13018764312
13018764324
13018764359
13018764362
13018764365
13018764370
13018764416
13018764431
13018764452
13018764459
13018764474
13018764502
13018764504
13018764540
13018764640
13018764652
13018764673
13018764713
13018764730
13018764735
13018764752
13018764769
13018764801
13018764807
13018764815
13018764820
13018764825
13018764836
13018764837
13018764856
13018764871
13018764901
13018764912
13018764915
13018764925
13018764932
13018764934
13018764936
13018764956
13018764981
13018765054
13018765084
13018765147
13018765184
13018765374
13018765406
13018765460
13018765461
13018765464
13018765473
13018765474
13018765574
13018765594
13018765642
13018765740
13018765741
13018765774
13018765847
13018765854
13018765924
13018765942
13018765974
13018766064
13018766074
13018766094
13018766140
13018766214
13018766242
13018766254
13018766304
13018766324
13018766401
13018766459
13018766474
13018766524
13018766549
13018766724
13018766740
13018766742
13018766842
13018766924
13018766954
13018766964
13018767014
13018767142
13018767154
13018767249
13018767284
13018767294
13018767324
13018767463
13018767464
13018767465
13018767546
13018767547
13018767724
13018767743
13018767754
13018767842
13018767849
13018767974
13018768041
13018768141
13018768174
13018768341
13018768342
13018768354
13018768404
13018768409
13018768410
13018768414
13018768424
13018768454
13018768487
13018768594
13018768604
13018768741
13018768746
13018768749
13018768924
13018768964
13018769024
13018769034
13018769043
13018769074
13018769084
13018769104
13018769142
13018769242
13018769264
13018769324
13018769364
13018769374
13018769401
13018769404
13018769416
13018769436
13018769441
13018769474
13018769534
13018769542
13018769584
13018769594
13018769645
13018769704
13018769743
13018769749
13018769754
13018769784
13018769847
13018769854
13018769864
13025510861
13025510923
13025511091
13025511292
13025511565
13025511612
13025511793
13025511913
13025512030
13025512195
13025512596
13025512796
13025513057
13025513089
13025513196
13025513372
13025513632
13025513795
13025513923
13025514163
13025515224
13025515307
13025515612
13025516015
13025516017
13025516020
13025516027
13025516032
13025516063
13025516252
13025516259
13025516391
13025516591
13025516870
13025516910
13025516997
13025517351
13025517387
13025517865
13025540176
13025540837
13025541961
13025543510
13025545631
13025548671
13046300923
13046301090
13046301136
13046301156
13046301175
13046301196
13046301352
13046301969
13046302032
13046302039
13046302087
13046302176
13046302191
13046302196
13046302261
13046302265
13046302310
13046302331
13046302352
13046302505
13046302510
13046302529
13046302536
13046302590
13046302629
13046302661
13046302701
13046302702
13046302796
13046302902
13046302913
13046310057
13046311059
13046311072
13046311076
13046311570
13046311795
13046311870
13046311937
13046312035
13046312038
13046312073
13046312082
13046318117
13046318163
13046318173
13046318192
13046318196
13046318220
13046318262
13046318289
13046318293
13046318305
13046318310
13046318321
13046318335
13046318367
13046318372
13046318380
13046318505
13046318551
13046318570
13046318576
13046318629
13046318661
13046318675
13046318685
13046318719
13046320691
13046320715
13046320721
13046320735
13046320801
13046320835
13046320856
13046320935
13046320937
13046320959
13046321097
13046321135
13046321151
13046321229
13046321590
13046321731
13046321867
13046321875
13046322076
13046322107
13046322371
13046322376
13046322570
13046322659
13046328216
13046328257
13046328367
13046328635
13046328721
13046330976
13046331671
13046331697
13046331957
13046332026
13046332036
13046332069
13046332096
13046338597
13046338667
13046338723
13046341681
13046341693
13046341710
13046341716
13046341718
13046341730
13046341753
13046341795
13046341796
13046341839
13046341853
13046341871
13046349259
13046349261
13046349285
13046349302
13046349325
13046349358
13046349369
13046349376
13046349395
13046349531
13046349715
13068123757
13068123759
13068123802
13068123810
13068123827
13068123850
13068123917
13068123932
13068123971
13068125010
13068125079
13068125092
13068125097
13068125172
13068125382
13068125707
13068125803
13068125865
13068125897
13068126151
13068126280
13068126571
13068126721
13068126861
13068126871
13068126973
13068127395
13068127586
13068127602
13068127660
13068127801
13068128013
13068128165
13068128205
13068128552
13068128625
13068128631
13068128712
13068128717
13068128723
13068128782
13068128791
13068128917
13068128956
13068128965
13068128979
13068128997
13068129635
13068129812
13068130973
13068131193
13068131272
13068131427
13068131974
13068132414
13068132509
13068132615
13068132981
13068133129
13068133212
13068133515
13068133795
13068133805
13068136769
13068138329
13068138662
13068138953
13068139061
13068139081
13068139192
13068139381
13068139676
13068139707
13068139815
13068141161
13068142780
13068142905
13068145261
13068147392
13068147739
13068147973
13068148059
13068148179
13068148217
13068148290
13068148375
13068148391
13068148575
13068148601
13068148737
13068148860
13068148906
13068148932
13068148953
13068148963
13068148971
13068149015
13068149051
13068149063
13068149079
13068149136
13068149172
13068149215
13068149251
13068149263
13068149390
13068149510
13068149517
13068149526
13068149536
13068149557
13068149621
13068149651
13068149705
13068149712
13068149715
13068149717
13068149723
13068149751
13068149821
13068149970
13068158107
13068173576
13068175397
13078600352
13078601652
13078602873
13078602971
13078603386
13078603623
13078605365
13078605829
13078606095
13078606873
13078606971
13078607512
13078607691
13078608270
13078608771
13078608805
13078609097
13078620147
13078620154
13078620249
13078620254
13078620274
13078620434
13078620445
13078620447
13078620452
13078620454
13078620457
13078620474
13078620542
13078620634
13078620643
13078620647
13078620746
13078620754
13078620764
13078620794
13078620874
13078620894
13078620954
13078620964
13078621042
13078621048
13078621054
13078621074
13078621084
13078621274
13078621304
13078621394
13078621431
13078621437
13078621446
13078621462
13078621474
13078621476
13078621481
13078621494
13078621496
13078621534
13078621644
13078621741
13078621774
13078621834
13078621864
13078621904
13078621924
13078621934
13078622034
13078622084
13078622145
13078622342
13078622409
13078622412
13078622414
13078625297
13078632420
13078637354
13078640267
13078640271
13078640275
13078640287
13078640371
13078640536
13078640635
13078640650
13078646037
13078646183
13078650445
13078650485
13078650489
13078651974
13078674369
13078674640
13078676370
13078676906
13078677220
13078678057
13078679063
13078679167
13078690267
13078695690
13078695873
13078696385
13078696523
13078696537
13078696579
13078696589
13078696673
13078696815
13078697087
13078697736
13078698091
13078698129
13078698137
13078698292
13078698351
13078699271
13078699305
13078699372
13078699391
13078699529
13078699576
13078699615
13078699631
13078699701
13078699705
13078699737
13078699792
13078699836
13085860464
13085860674
13085861074
13085861934
13085862774
13085863471
13085864239
13085864271
13085864582
13085864934
13085877816
13085877902
13085877937
13085879057
13085879062
13085890147
13085891407
13085891463
13085892154
13085892664
13085892741
13085892764
13129210083
13129210152
13129210284
13129210447
13129210452
13129210643
13129210649
13129210754
13129210765
13129211031
13129211419
13129211493
13129211554
13129212117
13129212295
13129212457
13129213174
13129213440
13129213554
13129213674
13129213947
13129214021
13129214153
13129214162
13129214175
13129214182
13129214195
13129214337
13129214397
13129214454
13129214462
13129214514
13129214524
13129214562
13129214571
13129214624
13129214634
13129214641
13129214645
13129214657
13129214674
13129214685
13129214705
13129214714
13129214742
13129214764
13129214807
13129214817
13129214874
13129214934
13129214941
13129214952
13129215094
13129215134
13129215142
13129215242
13129220103
13129220167
13129220183
13129221253
13129222325
13129223136
13129223981
13129240390
13129240521
13129240793
13129241737
13129241795
13129252476
13129261079
13129270745
13129271451
13129273421
13129273647
13129273847
13129274472
13129274725
13129275441
13129275471
13129277850
13129277913
13129277965
13129278220
13129278261
13129278347
13129278512
13129278519
13129279173
13129279562
13129279907
13144032275
13144035391
13144036071
13144037795
13144038632
13144038795
13144038827
13144038963
13144039031
13144039209
13144039512
13144039532
13144039625
13144039680
13144039730
13144039752
13144039776
13144039965
13144041692
13144041752
13144041935
13144042856
13144042865
13144043026
13144043027
13148500371
13148501135
13148501732
13148501931
13148502235
13148502306
13148502337
13148503720
13148503929
13148505806
13148507332
13148507856
13148507916
13148507990
13148508251
13148511052
13148511057
13148511216
13148511518
13148511529
13148511619
13148511672
13148518083
13148518285
13148518301
13148518316
13148518357
13148518369
13148518502
13148518512
13148518552
13148518736
13148518901
13148518951
13148519026
13148519036
13148519107
13148519156
13148519160
13148519181
13148519212
13148519291
13148519321
13148519561
13148519573
13148519576
13148519659
13148519703
13148519773
13148519935
13148520873
13148521247
13148521967
13148522235
13148522773
13148522951
13148526287
13148526573
13148526580
13148526598
13148526925
13148526929
13148530638
13148531037
13148531079
13148531161
13148531265
13148531297
13148531370
13169301043
13169301241
13169301247
13169301347
13169301407
13169301452
13169301461
13169301642
13169302040
13169302147
13169303402
13169303467
13169303471
13169303647
13169304062
13169304073
13169304160
13169304243
13169304262
13169304305
13169304340
13169304352
13169304387
13169304425
13169304479
13169304495
13169320517
13169320973
13169321303
13169322106
13169880147
13169887459
13169896527
13178600643
13178607605
13178609847
13178610193
13178610250
13178610339
13178610513
13178610723
13178621582
13178630145
13178630194
13178630347
13178630574
13178631427
13178631435
13178631452
13178631493
13178631845
13178632042
13178632143
13178632344
13178632403
13178632431
13178632440
13178632473
13178632483
13178632485
13178632493
13178632494
13178632514
13178632546
13178632847
13178640250
13178641105
13178641529
13178641601
13178642109
13178646702
13178650279
13178650557
13178650962
13178651180
13178651286
13178651589
13178651910
13178652063
13178652631
13178652663
13178653276
13178653305
13178653320
13178653321
13178653591
13178653616
13178655182
13178655513
13178655719
13178656275
13178656550
13178656582
13178657173
13178657201
13178657523
13178657723
13178658287
13178658312
13178658336
13178658553
13178658937
13178659512
13178659537
13178659720
13178659902
13178659903
13178661932
13178680262
13178680715
13178680851
13178680970
13178680975
13178681076
13178681157
13178681695
13178682385
13178683181
13178683371
13178683521
13178683607
13178683760
13178683857
13178683957
13178685637
13178686032
13178687053
13178687263
13178688316
13178689117
13178689563
13178689665
13178689713
13178689772
13178690186
13178690307
13178690532
13178691621
13178691951
13178692115
13178692301
13178692596
13178692865
13178693609
13178693772
13178695670
13178695920
13178696787
13178696910
13178697212
13178697326
13178697370
13178697597
13178697767
13178697814
13178698650
13178698673
13178698729
13178699157
13178699216
13189214617
13189214874
13189215405
13189216437
13189217094
13189217154
13189217480
13189218264
13189219437
13189219474
13189226921
13189227236
13189227309
13189227380
13189227950
13189228032
13189230159
13189230185
13189230353
13189230836
13189230925
13189231021
13189231603
13189231832
13189232071
13189232576
13189232635
13189232919
13189232952
13189232957
13189233017
13189233237
13189235052
13189235057
13189235227
13189239824
13189240163
13189240187
13189240193
13189240272
13189240583
13189240637
13189240650
13189241069
13189241340
13189241473
13189241521
13189241683
13189242436
13189242746
13189242847
13189243005
13189243082
13189243631
13189243781
13189243807
13189243910
13189244246
13189244257
13189244325
13189244353
13189245362
13189245620
13189245786
13189245887
13189246019
13189246191
13189246516
13189246607
13189246791
13189247397
13189248971
13189249323
13189249530
13189267824
13189269543
13189269547
13189269674
13189269724
13189269845
13189282414
13189282974
13189283542
13189283947
13189284025
13189284103
13189284162
13189284176
13189284367
13189284603
13189284642
13189284749
13189284901
13189284902
13189285134
13189285254
13189285614
13189285941
13189285942
13189286054
13189286174
13189286341
13189286540
13189286924
13189287024
13189287043
15502063985
15502064260
15502080670
15502080675
15502082073
15502082639
15502082735
15502083152
15502085703
15502085723
15502086850
15502087357
15502087593
15502087739
15502088903
15502089301
15502089306
15502090351
15502098432
15507600162
15507600572
15507601165
15507601295
15507601570
15507610221
15507610351
15507610373
15507630126
15507630176
15507630235
15507630323
15507630379
15507630587
15507630635
15507630661
15507630835
15507630902
15507630956
15507631309
15507631531
15507631683
15507631959
15507632056
15507632136
15507632157
15507632280
15507632369
15507632585
15507632596
15507632697
15507632701
15507632709
15507632750
15507632782
15507632875
15507632963
15507632965
15507632987
15507633035
15507633063
15507633082
15507633087
15507633185
15507633612
15507633779
15507633786
15507633809
15507633812
15507633953
15507635090
15507635107
15507635136
15507635160
15507635213
15507635269
15507635316
15507635317
15507635380
15507635531
15507635632
15507635709
15507635762
15507635790
15507635861
15507635910
15507635960
15507636075
15507636135
15507636205
15507636286
15507636290
15507636519
15507636526
15507636587
15507636783
15507636901
15507636971
15507637129
15507637131
15507637173
15507637206
15507637330
15507637702
15507637983
15507638031
15507638060
15507638116
15507638163
15507638212
15507638273
15507638317
15507638579
15507638623
15507638637
15507638660
15507638792
15507638906
15507638925
15507638931
15507639069
15507639209
15507639213
15507639289
15507639312
15507639525
15507639561
15507639625
15507639673
15507639879
15507640017
15507640382
15507640852
15507641657
15507641769
15507641872
15507642557
15507642763
15507643027
15507643237
15507643252
15507643307
15507643727
15507645013
15507645057
15507647683
15507647696
15507647697
15507647706
15507647710
15507647731
15507647758
15507647765
15507647796
15507647805
15507647835
15507647923
15507647971
15507647972
15507647981
15507647992
15507648036
15507648070
15507648075
15507648081
15507648152
15507648193
15507648305
15507648356
15507648381
15507648461
15507648572
15507648601
15507648680
15507648703
15507648829
15507648870
15507648963
15507648979
15507649019
15507649050
15507649075
15507649089
15507649092
15507649106
15507649129
15507649159
15507649206
15507649226
15507649262
15507649286
15507649353
15507649391
15507649484
15507649506
15507649521
15507649598
15507649610
15507649701
15507649727
15507649732
15507649785
15507649795
15507651429
15507654341
15507658415
15507666801
15507667542
15507667974
15507669621
15507669637
15507669861
15521518464
15521520445
15521521046
15521523043
15521525413
15521529415
15521534072
15521535065
15521535285
15521535617
15521535782
15521535906
15521536089
15521536781
15521536795
15521536862
15521536865
15521536905
15521537027
15521537083
15521537505
15521537626
15521537836
15521537861
15521537872
15521537876
15521538076
15521538253
15521538331
15521538632
15521538785
15521538826
15521538850
15521539093
15521539151
15521539217
15521539261
15521539535
15521539602
15521539651
15521539701
15521539716
15521539735
15521539752
15521539873
15521539927
15521540293
15521540395
15521540693
15521540839
15521541571
15521541576
15521541705
15521541859
15521541870
15521542106
15521542359
15521542376
15521542905
15521542926
15521542927
15521542976
15521543692
15521543879
15521543957
15521545019
15521545306
15521545365
15521545371
15521545926
15521546207
15521546315
15521546365
15521546572
15521546595
15521546727
15521546730
15521546759
15521547308
15521547397
15521547583
15521547650
15521547829
15521548219
15521548625
15521548793
15521548951
15521549017
15521549057
15521549065
15521549217
15521549239
15521549291
15521549302
15521549309
15521549350
15521549391
15521549563
15521549572
15521549587
15521549732
15521549751
15521550267
15521550275
15521550379
15521550671
15521550795
15521570187
15521570210
15521570373
15521570531
15521570580
15521570589
15521570659
15521570713
15521570810
15521570931
15521570981
15521571061
15521571120
15521571209
15521571295
15521571563
15521571650
15521571702
15521571710
15521571795
15521572039
15521572050
15521572080
15521572082
15521572156
15521572160
15521572265
15521572307
15521572563
15521580150
15521580516
15521581093
15521581861
15521581915
15521582297
15521583090
15521583375
15521583530
15521583779
15521583810
15521585326
15521586039
15521586391
15521586510
15521586675
15521587890
15521587932
15521588287
15521588561
15521589016
15521589051
15521589861
15521715812
15521716530
15521740593
15521740787
15521740905
15521741063
15521741130
15521741137
15521741159
15521741191
15521741267
15521741278
15521741293
15521741312
15521741317
15521741375
15521741550
15521741575
15521741620
15521741652
15521741657
15521741679
15521741695
15521741738
15521741757
15521741760
15521741971
15521742072
15521742219
15521742261
15521742262
15521742267
15521742315
15521742327
15521742371
15521742537
15521742575
15521742685
15521742686
15521742687
15521742809
15521742857
15521742872
15521742878
15521742920
15521743035
15521743079
15521743091
15521743137
15521743176
15521743180
15521743220
15521743357
15521743363
15521743369
15521743381
15521743527
15521743656
15521743682
15521743715
15521743817
15521743819
15521743820
15521743873
15521744853
15521745026
15521745121
15521745132
15521745178
15521745227
15521745278
15521745302
15521745315
15521745373
15521745393
15521745516
15521745562
15521745640
15521745727
15521745819
15521745881
15521745915
15521745983
15521746050
15521746057
15521746064
15521746065
15521746083
15521746091
15521746130
15521746162
15521746163
15521746165
15521746202
15521746223
15521746237
15521746268
15521746275
15521746307
15521746356
15521746517
15521746525
15521746563
15521746575
15521746579
15521746590
15521746613
15521746627
15521746629
15521746636
15521746670
15521746685
15521746729
15521746752
15521746795
15521746836
15521746910
15521746915
15521746931
15521746939
15521746972
15521746973
15521746986
15521747079
15521747086
15521747101
15521747102
15521747137
15521747151
15521747153
15521747193
15521747197
15521747213
15521747251
15521747252
15521747269
15521747275
15521747325
15521747326
15521747332
15521747356
15521747359
15521747380
15521747509
15521747579
15521747589
15521747590
15521747615
15521747630
15521747632
15521747637
15521747650
15521747683
15521747686
15521747721
15521747765
15521747769
15521747823
15521747876
15521747901
15521747926
15521747937
15521748001
15521748032
15521748052
15521748053
15521748058
15521748078
15521748087
15521748106
15521748116
15521748121
15521748162
15521748175
15521748226
15521748230
15521748257
15521748291
15521748305
15521748363
15521748368
15521748397
15521748517
15521748569
15521748573
15521748616
15521748639
15521748665
15521748672
15521750764
15521753145
15521754004
15521760325
15521760563
15521760575
15521760576
15521760590
15521760593
15521760892
15521760950
15521761037
15521761065
15521761072
15521761087
15521761089
15521761352
15521761517
15521761539
15521761759
15521761786
15521761806
15521761865
15521762017
15521762390
15521762815
15521762873
15521763175
15521763673
15521763972
15521765276
15521765701
15521766031
15521766295
15521766371
15521766709
15521766896
15521767113
15521767250
15521767382
15521767732
15521767792
15521767961
15521768005
15521768013
15521768019
15521768191
15521768571
15521768597
15521768961
15521769020
15521769276
15521769341
15521769913
15521780683
15521780753
15521780839
15521781073
15521781182
15521781876
15521782046
15521782526
15521782985
15521783227
15521783557
15521783631
15521783706
15521785395
15521785750
15521786062
15521786819
15521787136
15521787139
15521787196
15521787197
15521787303
15521787352
15521787553
15521787736
15521788206
15521788310
15521789256
15521789697
15521789720
15521796330
15521796701
15521796705
15521796761
15521796817
15521796873
15521796876
15521796910
15521796915
15521796920
15521796950
15521797019
15521797036
15521797065
15521812935
15521820235
15521820596
15521820683
15521820885
15521820975
15521821059
15521821513
15521821846
15521822635
15521823217
15521823712
15521823790
15521823857
15521826275
15521826730
15521826825
15521827290
15521827469
15521827571
15521827846
15521827924
15521827956
15521829269
15521829581
15521829887
15521830450
15521833647
15521841256
15521841653
15521842259
15521842263
15521843086
15521843089
15521843371
15521843715
15521843717
15521843907
15521845101
15521845120
15521845126
15521845227
15521845235
15521845270
15521845390
15521845621
15521845909
15521846025
15521846101
15521846257
15521846272
15521846365
15521846656
15521846719
15521846831
15521846862
15521847120
15521847186
15521847256
15521847285
15521847319
15521847625
15521847832
15521848021
15521848217
15521848230
15521848757
15521848907
15521849052
15521849057
15521849135
15521849325
15521849375
15521849503
15521849652
15521851273
15521855827
15521860189
15521860253
15521860337
15521860370
15521860665
15521860752
15521860781
15521860873
15521861071
15521861172
15521861280
15521861291
15521861293
15521861373
15521861509
15521861536
15521861560
15521861562
15521861653
15521861673
15521861712
15521861727
15521861732
15521861752
15521861772
15521861785
15521861816
15521861831
15521861836
15521861906
15521862057
15521862073
15521862170
15521862375
15521862515
15521862591
15521862663
15521862681
15521862726
15521862761
15521862785
15521863202
15521863267
15521863270
15521863281
15521863396
15521863505
15521863591
15521863627
15521863653
15521863662
15521863671
15521863715
15521863751
15521863756
15521863765
15521863803
15521863871
15521863906
15521863919
15521863931
15521863952
15521863960
15521863970
15521863991
15521865019
15521865032
15521865036
15521865072
15521865109
15521865182
15521865217
15521865235
15521865306
15521865317
15521865381
15521865391
15521865395
15521865530
15521865593
15521865603
16607607832
16675851464
16675852401
16675852441
16675852740
16675853942
16675854704
16675857314
16675862824
16675864314
16675864341
16675864534
16675864573
16675864714
16675864724
16675864731
16675864834
16675864851
16675864935
16675864945
16675864951
16675867417
16675868274
16675868304
16675868724
16675869214
16675869634
16675869734
16675870894
16675870974
16675875164
16675875304
16675876440
16675877452
16675878941
16675879243
16675879340
16675879741
16675880961
16675881067
16675882052
16675882157
16675883523
16675883850
16675883923
16675885026
16675885371
16675885601
16675886570
16675887030
16675887095
16675892554
16675892643
16675892764
16675892941
16675893034
16675893054
16675893074
16675893234
16675893247
16675893403
16675893464
16675893480
16675893491
16675893495
16675893594
16675893634
16675893694
16675893947
16675894017
16675894061
16675894087
16675894164
16675894246
16675894265
16675894273
16675894274
16675894290
16675894323
16675894351
16675894365
16675894371
16675894415
16675894453
16675894467
16675894470
16675894473
16675894514
16675894573
16675894614
16675894634
16675894671
16675894746
16675894753
16675894785
16675894930
16675895147
16675895149
16675895194
16675895462
16675895474
16675895634
16675895724
16675895734
16675895742
16675895824
16675896104
16675896140
16675896204
16675896264
16675896470
16675896741
16675896784
16675896841
16675896943
16675896974
16675897034
16675897415
16675897434
16675897452
16675897644
16675897834
16675897840
16675898451
16676005116
16676005376
16676007592
16676011424
16676011901
16676012051
16676012191
16676012235
16676012287
16676012676
16676012752
16676015185
16676015385
16676015756
16676017109
16676017265
16676019081
16676019306
16676019613
16676020194
16676020479
16676020643
16676020754
16676020894
16676021254
16676021374
16676021434
16676021453
16676021484
16676021493
16676021495
16676021524
16676021547
16676021574
16676021614
16676021641
16676021654
16676021674
16676021743
16676021745
16676021793
16676021842
16676021904
16676022342
16676022347
16676022401
16676022459
16676022482
16676022574
16676023064
16676023241
16676023264
16676023341
16676023430
16676023440
16676023514
16676023647
16676023746
16676023914
16676023947
16676023954
16676024034
16676024074
16676024146
16676024193
16676024197
16676024215
16676024329
16676024347
16676024353
16676024361
16676024385
16676024391
16676024406
16676024421
16676024541
16676024573
16676024575
16676024594
16676024642
16676024691
16676024707
16676024714
16676024735
16676024744
16676024745
16676024754
16676024759
16676024764
16676024814
16676024823
16676024834
16676024857
16676024871
16676024875
16676024927
16676024937
16676024943
16676024946
16676024951
16676024964
16676024970
16676024974
16676025514
16676025624
16676025640
16676025746
16676025942
16676027043
16676027154
16676027247
16676027394
16676027415
16676027425
16676027454
16676027469
16676027504
16676027534
16676027541
16676027542
16676027549
16676027564
16676027649
16676040439
16676040842
16676041147
16676041247
16676041354
16676041472
16676041524
16676041549
16676041584
16676041654
16676041740
16676041784
16676041794
16676041845
16676041942
16676042014
16676042154
16676042194
16676042314
16676042384
16676042417
16676042470
16676042481
16676042487
16676042549
16676042654
16676042804
16676042904
16676042934
16676042943
16676042945
16676042954
16676043014
16676043104
16676043124
16676043140
16676043246
16676043274
16676043284
16676043452
16676043461
16676043471
16676043489
16676043493
16676043541
16676043547
16676043640
16676043642
16676043679
16676043745
16676043942
16676043947
16676044063
16676044151
16676044187
16676044267
16676044317
16676044325
16676044347
16676044371
16676044385
16676044387
16676044517
16676044591
16676044671
16676044685
16676044709
16676044734
16676044854
16676044864
16676044923
16676044953
16676044957
16676044975
16676045142
16676045143
16676045243
16676045247
16676045314
16676045334
16676045410
16676045412
16676045413
16676045621
16676045841
16676045894
16676045941
16676045942
16676045943
16676045954
16676046143
16676046145
16676046147
16676046284
16676046341
16676046407
16676046434
16676046483
16676046514
16676046784
16676047014
16676047043
16676047054
16676047081
16676047143
16676047149
16676047162
16676047394
16676047403
16676047406
16676047487
16676047540
16676047564
16676047754
16676047841
16676047864
16676047914
16676047934
16676047942
16676048034
16676048141
16676048146
16676048254
16676048394
16676048425
16676048479
16676048645
16676048654
16676048747
16676049021
16676049147
16676049243
16676049246
16676049247
16676049251
16676049284
16676049341
16676049405
16676049406
16676049415
16676049423
16676049475
16676049503
16676049542
16676049674
16676049724
16676049742
16676049745
16676049847
16676054091
16676054156
16676054157
16676054252
16676054357
16676054374
16676054407
16676054454
16676054457
16676054514
16676054537
16676054592
16676054675
16676054703
16676054790
16676054804
16676054834
16676054870
16676054874
16676054912
16676054961
16676054964
16676055240
16676055943
16676056149
16676056241
16676056244
16676056324
16676056457
16676056474
16676056479
16676056814
16676057041
16676057042
16676057164
16676057174
16676057184
16676057204
16676057214
16676057241
16676057243
16676057249
16676057410
16676057423
16676057424
16676057454
16676057471
16676057492
16676057542
16676057694
16676057864
16676057914
16676057945
16676058034
16676058054
16676058149
16676058174
16676058247
16676058401
16676058424
16676058425
16676058434
16676058467
16676058471
16676058472
16676058487
16676058541
16676058714
16676058741
16676058749
16676058754
16676059149
16676059254
16676059304
16676059314
16676059374
16676059384
16676059434
16676059471
16676059474
16676059640
16676059840
17666384797
17666482143
17666482534
17666483724
17666488354
17688130439
17688131704
17688134013
17688134160
17688134192
17688134371
17688134531
17688134974
17688136401
17688137412
17688137496
17688147049
18576045844
18576094561
18576264140
18576269474
18664423750
18664423791
18664423810
18664423912
18664423952
18664423991
18664435660
18664471869
18664471873
18664471893
18664471896
18664471923
18664471937
18664471965
18664472061
18664472073
18664472097
18664472105
18676020367
18676020725
18676020865
18676021610
18676021910
18676023260
18676023785
18676031527
18676031637
18676032373
18676032580
18676032737
18676032910
18676032991
18676033683
18676033691
18676033917
18676103601
18676103610
18676103632
18676103709
18676103712
18676140731
18676151062
18676151357
18676151683
18676151851
18676151960
18676152135
18676152362
18676152503
18676152693
18676152907
18676152910
18676152923
18676153192
18676153203
18676153216
18676153226
18676153291
18676153617
18676153631
18676153681
18676153929
18676402565
18676402635
18676402715
18676402725
18676402736
18676402773
18676402785
18676402787
18676402791
18676402795
18676402836
18676402858
18676402879
18676402906
18676402907
18676402912
18676403013
18676403015
18676403017
18676407750
18676407781
18676407782
18676407791
18676407836
18676407893
18676407915
18676407920
18676407921
18676407952
18676407962
18676407975
18676407983
18676408007
18676408026
18676408079
18676408129
18676408130
18676408162
18676408205
18676408213
18676408215
18676408269
18676408336
18676408352
18676408382
18680152075
18680152289
18680152560
18680152625
18680152765
18680153132
18680153170
18680153187
18680153221
18680153703
18680153857
18680153865
18680153929
18680157052
18680157120
18680157173
18680157179
18680157197
18680157597
18680157610
18680157679
18680157872
18680157873
18689353653
18689353671
18689373569
18689373813
18689373826
18689375060
18689375175
18689375181
18689375913
18689377502
18689377583
18689401397
36498900746
