13016697864
13025270592
13025270675
13025271307
13025271365
13025271605
13025271825
13025271972
13025271975
13025271976
13025272015
13025272016
13025272026
13025272053
13025272061
13025272067
13025272071
13025272072
13025272079
13025272082
13025272086
13025272090
13025272091
13025272103
13025272105
13025272106
13025272117
13025272129
13025272131
13025272151
13025272152
13025272156
13025272159
13025272169
13025272171
13025272172
13025272173
13025272179
13025272181
13025272186
13025272196
13025272197
13025272206
13025272231
13025272236
13025272237
13025272257
13025272260
13025272278
13025272283
13025272285
13025272296
13025272302
13025272309
13025272310
13025272326
13025272332
13025272357
13025272360
13025272361
13025272363
13025272371
13025272373
13025272376
13025272385
13025272392
13025272502
13025272503
13025272505
13025272510
13025272517
13025272526
13025272560
13025272562
13025272571
13025272579
13025272587
13025272591
13025272592
13025272593
13025272601
13025272605
13025272607
13025272609
13025272615
13025272617
13025272629
13025272636
13025272658
13025272659
13025272665
13025272680
13025272683
13025272686
13025272692
13025272697
13025272702
13025272709
13025272710
13025272752
13025272753
13025272756
13025272761
13025272762
13025272765
13025272781
13025272783
13025272786
13025272793
13025272796
13025272798
13025272801
13025272805
13025272809
13025272819
13025272836
13025272856
13025272861
13025272862
13025272865
13025272870
13025272875
13025272881
13025272891
13025272895
13025272896
13025272903
13025272912
13025272916
13025272921
13025272956
13025272958
13025272965
13025272971
13025272972
13025272973
13025272979
13025272986
13025273010
13025273028
13025273029
13025273102
13025273106
13025273120
13025273191
13025273229
13025273235
13025273250
13025273252
13025273263
13025273265
13025273291
13025273315
13025273320
13025273329
13025273357
13025273383
13025273390
13025273396
13025273397
13025273501
13025273502
13025273503
13025273507
13025273510
13025273513
13025273516
13025273523
13025273532
13025273536
13025273560
13025273565
13025273568
13025273570
13025273572
13025273581
13025273587
13025273590
13025273607
13025273613
13025273618
13025273620
13025273621
13025273627
13025273630
13025273637
13025273638
13025273660
13025273667
13025273689
13025273692
13025273693
13025273695
13025273696
13025273702
13025273708
13025273710
13025273713
13025273716
13025273723
13025273725
13025273728
13025273729
13025273739
13025273750
13025273751
13025273756
13025273758
13025273765
13025273769
13025273773
13025273778
13025273779
13025273781
13025273782
13025273783
13025273785
13025273787
13025273790
13025273792
13025273805
13025273807
13025273809
13025273812
13025273819
13025273821
13025273823
13025273827
13025273830
13025273857
13025273859
13025273867
13025273869
13025273875
13025273883
13025273885
13025273886
13025273895
13025273896
13025273908
13025273935
13025273956
13025273985
13025273990
13025273991
13025275003
13025275007
13025275030
13025275035
13025275037
13025275039
13025275060
13025275067
13025275070
13025275071
13025275083
13025275132
13025275137
13025275153
13025275173
13025275192
13025275297
13025275301
13025275306
13025275309
13025275315
13025275319
13025275329
13025275335
13025275336
13025275339
13025275352
13025275383
13025275385
13025275389
13025275390
13025275393
13025275395
13025275509
13025275513
13025275562
13025275565
13025275576
13025275580
13025275582
13025275583
13025275585
13025275587
13025275603
13025275609
13025275628
13025275660
13025275663
13025275671
13025275672
13025275673
13025275691
13025275692
13025275701
13025275702
13025275706
13025275709
13025275717
13025275720
13025275721
13025275723
13025275730
13025275739
13025275759
13025275762
13025275781
13025275782
13025275783
13025275791
13025275792
13025275796
13025275805
13025275816
13025275825
13025275827
13025275861
13025275879
13025275892
13025275901
13025275902
13025275912
13025275918
13025275932
13025275937
13025275952
13025275980
13025275989
13025275990
13025276005
13025276052
13025276062
13025276067
13025276072
13025276073
13025276076
13025276083
13025276086
13025276095
13025276106
13025276109
13025276126
13025276137
13025276160
13025276171
13025276185
13025276187
13025276197
13025276203
13025276208
13025276218
13025276235
13025276237
13025276253
13025276267
13025277120
13025277131
13025277137
13025277150
13025277156
13025277158
13025277162
13025277191
13025277206
13025277208
13025277217
13025277226
13025277235
13025277237
13025277261
13025277292
13025277305
13025277308
13025277321
13025277326
13025277327
13025277330
13025277335
13025277357
13025277365
13025277380
13025277381
13025277382
13025277523
13025277531
13025277535
13025277552
13025277580
13025277582
13025277591
13025277593
13025277596
13025277598
13025277605
13025277607
13025277627
13025277630
13025277657
13025277659
13025277662
13025277680
13025277702
13025277723
13025277729
13025277730
13025277761
13025277792
13025277810
13025277819
13025277825
13025277830
13025277851
13025277853
13025277861
13025277890
13025277895
13025277897
13025277903
13025277905
13025277910
13025277928
13025277951
13025277971
13025277986
13025277995
13025278015
13025278016
13025278018
13025278028
13025278067
13025278083
13025278093
13025278096
13025278112
13025278113
13025278120
13025278131
13025278137
13025278150
13025278152
13025278157
13025278158
13025278169
13025278175
13025278179
13025278186
13025278191
13025278196
13025278203
13025278208
13025278210
13025278216
13025278217
13025278218
13025278221
13025278225
13025278226
13025278229
13025278236
13025278237
13025278238
13025278252
13025278253
13025278258
13025278259
13025278261
13025278276
13025278312
13025278316
13025278317
13025278320
13025278325
13025278332
13025278358
13025278372
13025278382
13025278398
13025279034
13025279287
13025279307
13025279670
13049230165
13049230276
13049230361
13049230391
13049230395
13049230573
13049230587
13049230631
13049230637
13049230651
13049230692
13049230697
13049230751
13049230793
13049230857
13049230967
13049231035
13049231065
13049231079
13049231085
13049236156
13049236165
13049236167
13049236169
13049236172
13049236176
13049236179
13049236181
13049236187
13049236207
13049236213
13049236215
13049236217
13049236232
13049236237
13049236253
13049236256
13049236257
13049236267
13049236273
13049236278
13049236287
13049236291
13049236293
13049236295
13049236302
13049236307
13049236309
13049236317
13049236319
13049236327
13049236329
13049236350
13049237527
13049241185
13049241683
13049241703
13049241706
13049241707
13049241710
13049241712
13049241716
13049241720
13049241721
13049241726
13049241729
13049241731
13049241735
13049241739
13049241753
13049241757
13049241760
13049241769
13049241781
13049241793
13049241795
13049241803
13049241805
13049241807
13049241809
13049241832
13049241835
13049241836
13049241850
13049241852
13049241857
13049241862
13049241867
13049241873
13049241879
13049241893
13049241895
13049241902
13049241932
13049241936
13049241962
13049241967
13049241973
13049242031
13049242036
13049242037
13049242051
13049242052
13049242053
13049242071
13049242073
13049242075
13049242083
13049242087
13049242096
13049242097
13049242107
13049242135
13049242137
13049242150
13049242152
13049242163
13049242167
13049242175
13049242178
13049242181
13049242203
13049250967
13049250970
13049250971
13049250976
13049250985
13049251030
13049251051
13049251053
13049251056
13049251071
13049251072
13049251073
13049251075
13049251081
13049251085
13049251091
13049251092
13049251097
13049258201
13049260737
13049260761
13049260932
13049261076
13049261527
13049261532
13049261570
13049261653
13049261673
13049261735
13049266152
13049266170
13049266172
13049266173
13049266187
13049266217
13049267076
13049267083
13049267090
13049267093
13049267097
13049267102
13049267107
13049267121
13049267125
13049267126
13049267127
13049267129
13049267132
13049267135
13049267157
13049267160
13049267162
13049267181
13049267185
13049267187
13049267190
13049267193
13049267203
13049267215
13049267217
13049267231
13049267232
13049267237
13049267253
13049267257
13049267259
13049267261
13049267262
13049267270
13049267283
13049267287
13049267293
13049267307
13049267315
13049267317
13049267320
13049267352
13049267353
13049267360
13049267361
13049267370
13049267381
13049267382
13049267392
13049267393
13049267503
13049267513
13049267517
13049267523
13049267531
13049267536
13049267537
13049267561
13049267569
13049267587
13049267592
13049267605
13049267612
13049282575
13049282597
13049282601
13049282602
13049282605
13049282619
13049282621
13049282625
13049282631
13049282650
13049282651
13049282673
13049282683
13049282690
13049282691
13049282702
13049282706
13049282713
13049282715
13049282721
13049282732
13049282737
13049282751
13049282769
13049282775
13049282779
13049282795
13049282796
13049282905
13049282915
13049282916
13049282917
13049282931
13049282932
13049282935
13049282937
13049282973
13049282976
13049282980
13049283005
13049283015
13049283016
13049283017
13049283025
13049283026
13049283039
13049283052
13049283053
13049283057
13049283062
13049283065
13049283070
13049283076
13049283087
13049283091
13049283097
13049283102
13049283106
13049283117
13049283126
13049283130
13049283136
13049283137
13049283173
13049283182
13049283190
13049283191
13049283192
13049283195
13049283197
13049283206
13049283213
13049283215
13049283216
13049283257
13049283267
13049283275
13049283287
13049283305
13049283327
13049283359
13049283397
13049283509
13049283537
13049283560
13049283561
13049283569
13049283576
13049283582
13049283583
13049283590
13049283592
13049283595
13049283602
13049283606
13049283609
13049283615
13049283617
13049283625
13049283629
13049283652
13049283659
13049283675
13049283679
13049283682
13049283687
13049283691
13049283703
13049283706
13049283709
13049283712
13049283716
13049283721
13049283726
13049283735
13049283752
13049283757
13049283759
13049283760
13049283771
13049283772
13049283783
13049283790
13049283809
13049283821
13049283825
13049283850
13049283851
13049283853
13049283870
13049283876
13049283903
13049283906
13049283907
13049283910
13049283912
13049283916
13049290193
13049290796
13049290916
13049291053
13049291071
13049291076
13049291621
13049291625
13049291895
13049293072
13049293102
13049297067
13049297132
13049297153
13049297162
13049297163
13049297187
13049297290
13049297352
13049297382
13049297391
13049297392
13049297503
13049297593
13049297607
13049297623
13049297625
13049297671
13058451672
13058451682
13058451702
13058451706
13058451708
13058451710
13058451721
13058451731
13058451750
13058451751
13058451756
13058451763
13058451767
13058451781
13058451782
13058451802
13058451867
13058451870
13058451873
13058456271
13060563260
13060563581
13060563620
13060563875
13060565067
13060565187
13060565267
13060567251
13060567262
13060567307
13060567502
13060567935
13060568021
13060568072
13060568371
13060579703
13076512093
13076512276
13076512607
13076512671
13076512710
13076512790
13076512850
13076512892
13076512893
13076512976
13076513157
13076513215
13076522496
13076523040
13076523149
13076523174
13076523246
13076523487
13076523554
13076523701
13076523914
13076526171
13076531807
13076538635
13076541035
13076541036
13076541073
13076541263
13076541290
13076541312
13076541332
13076541361
13076541531
13076541575
13076541593
13076541752
13076545127
13076545192
13076546276
13076546285
13076546291
13076546293
13076546317
13076546375
13076546379
13076546380
13076546397
13076546501
13076546507
13076546513
13076547182
13076547183
13076547195
13076547251
13076547265
13076547285
13076547290
13076547297
13076547309
13076549795
13076559723
13076559753
13076559826
13076559861
13076559871
13076560312
13076560370
13076560527
13076560531
13076560537
13076560705
13076570931
13076570932
13076570953
13076570957
13076570961
13076570962
13076570965
13076570970
13076570971
13076570976
13076570981
13076571031
13076571053
13076571063
13076571065
13076571070
13076571081
13076571096
13076571132
13076571137
13076571167
13076571260
13076571273
13076571278
13076571287
13076571295
13076571305
13076571351
13076571352
13076571359
13076571361
13076571381
13076571392
13076571527
13076571530
13076571532
13076572192
13076572196
13076572197
13076572251
13076572273
13076572285
13076573904
13076574054
13076574143
13076578124
13076592902
13076592903
13076592907
13076592912
13076592917
13076592956
13076592957
13076592976
13076592980
13076593023
13076593051
13076593075
13076593079
13076593082
13076593092
13076593102
13076593107
13076593121
13076593190
13076595891
13076596017
13076596035
13076596051
13076596063
13076596102
13076596109
13076596117
13076596172
13076596185
13076596197
13076596220
13076596237
13076596251
13076596271
13076596279
13076596391
13076596397
13076596512
13076596523
13076596561
13076596573
13076596591
13076596612
13076597027
13076597029
13076597527
13076597602
13076597630
13076597801
13076597810
13076597812
13076597820
13076597831
13076597832
13076597837
13076597920
13076597960
13076597985
13076598051
13076598106
13076598107
13076598126
13076598131
13076598173
13076598303
13076598352
13076598526
13106934251
13106934753
13106934754
13106945741
13106946505
13106946517
13106946539
13106946563
13106946572
13106946573
13106946579
13106946592
13106946597
13106946647
13106946697
13106946702
13106946709
13106946710
13106946713
13106946719
13106946726
13106946732
13106946762
13106946795
13106946821
13106946835
13106946850
13106946861
13106946867
13106946871
13106946893
13106946915
13106946927
13106946956
13106946958
13106946970
13106946971
13106946973
13106946983
13106946986
13106947017
13106947062
13106947067
13106947153
13106947172
13106947173
13106947182
13106947187
13106947193
13106947203
13106947212
13106947216
13106947217
13106947221
13106947251
13106947260
13106947263
13106947269
13106947275
13106947281
13106947285
13106947287
13106947295
13106947318
13106947319
13106947332
13106947396
13112113852
13112116087
13112140246
13112140248
13112140341
13112140451
13112140496
13112140549
13112140741
13112153095
13112153649
13112153957
13112157207
13112159315
13112163617
13112163642
13112163830
13112173095
13112173102
13112173109
13112173125
13112173150
13112173182
13112173507
13112173519
13112173582
13112173592
13112173607
13112173612
13112173620
13112187347
13128317530
13128326187
13128326587
13128326597
13128326753
13128326957
13128327013
13128327016
13128340279
13128340297
13128340347
13128340361
13128340367
13128340371
13128359574
13128366705
13128366713
13128366725
13128366731
13128366739
13128366763
13128366793
13128366815
13128378249
13128378341
13128378432
13128378449
13128385613
13169265706
13169265710
13169265712
13169265719
13169265761
13169265762
13169265793
13169265832
13169265835
13169265850
13169265860
13169265870
13169265872
13169265902
13169265907
13169265912
13169265917
13169265921
13169265923
13169265931
13169265950
13169265951
13169265973
13169265975
13169266023
13169277943
13169277961
13169278015
13169278053
13169278105
13169278120
13169278121
13169278172
13169281975
13169282694
13169295027
13169295093
13169295165
13169295176
13169295236
13169295265
13169295301
13169298241
13169298401
13169298416
13169298476
13169298547
13169298747
13172060423
13172060426
13172060447
13172060449
13172060472
13172061037
13172061347
13172061729
13172061912
13172061923
13172061925
13172061935
13172061953
13172062097
13172062175
13172062501
13172062527
13172062532
13172062651
13172062756
13172062757
13172062760
13172062762
13172062767
13172062780
13172062825
13172062853
13172062891
13172062892
13172062930
13172063071
13172063087
13172063092
13172063102
13172063159
13172063170
13172063175
13172063179
13172063190
13172063197
13172063252
13172063262
13172063269
13172063271
13172063375
13172063390
13172063647
13172063743
13172063942
13172065450
13172067145
13172069057
13172069073
13172802861
13172802879
13172802921
13172803032
13172803052
13172803061
13172803065
13172803157
13172803191
13172803206
13172803230
13172803269
13172803327
13172803375
13172803512
13172803597
13172803603
13172803613
13172803629
13172803705
13172803795
13172803872
13172803903
13172803931
13172803960
13172806657
13172806701
13172806710
13172806731
13172806735
13172806752
13172806763
13172806790
13172806796
13172807512
13172807517
13172807591
13172807592
13172807635
13172808153
13172808165
13172808623
13172808630
13172808632
13172813673
13172813705
13172813725
13172815260
13172815752
13172816261
13172816307
13172816327
13172820167
13172829572
13172829701
13172830150
13172835914
13172836142
13172842253
13172842257
13172842261
13172842275
13172842283
13172842301
13172842302
13172842307
13172842309
13172842313
13172842315
13172842319
13172842329
13172842350
13172842352
13172842356
13172842357
13172842361
13172842365
13172842369
13172842370
13172842371
13172842372
13172842373
13172842380
13172842385
13172842391
13172842392
13172842393
13172842396
13172842397
13172842563
13172842586
13172842590
13172842602
13172842610
13172842620
13172842653
13172842670
13172842683
13172842685
13172842686
13172842693
13172842708
13172842719
13172842720
13172842782
13172842783
13172842793
13172842795
13172842796
13172842797
13172842805
13172842812
13172842817
13172842821
13172842830
13172842832
13172842835
13172842837
13172842852
13172842856
13172842857
13172842859
13172842860
13172842861
13172842863
13184810562
13184812216
13184812259
13184812371
13184812390
13192931374
13192940950
13192951065
13192965902
13192982592
13202206703
13202207162
13202207581
13202241582
13202241875
13202245712
13202246267
13202246270
13202246873
13202247075
13202247179
13202247187
13202247203
13202247251
13202551712
13202554187
13202556217
13202557409
13202558741
13202569531
13202571793
13202572079
13202572509
13202590193
13202590573
13202590751
13202591647
13202591790
13202592563
13202592587
13202592726
13202592807
13202594714
13202597105
13202597385
13202597530
13202598327
13202598370
13202598372
13226150184
13226150246
13226151760
13226152756
13226153125
13226153184
13226153214
13226153557
13226155076
13226156361
13226156537
13226156867
13226157350
13226157937
13226158071
13226158735
13226158757
13226158951
13226158956
13226159105
13226159117
13226160750
13226162352
13226162381
13226162759
13226162803
13226162953
13226163051
13226163267
13226163516
13226180162
13226180597
13226180762
13226180905
13226181095
13226181297
13226187015
13226187527
13226190537
13226190867
13229172301
13229172390
13229172501
13229172697
13229176705
13229184754
13229187215
13229187391
13229187907
13242250397
13242250672
13242250975
13242251801
13242252790
13242253706
13242253718
13242253750
13242253857
13242253917
13242255639
13242255731
13242258605
13242258701
13242260753
13242270935
13242276174
13242280962
13242280975
13242281295
13242289643
13242289701
13246901307
13246905271
13246910174
13246913527
13246916092
13246916503
13246916572
13246916707
13246916853
13246916970
13246917202
13246917237
13246917295
13246917535
13246918307
13246919723
13250440257
13250440262
13250441637
13250442094
13250445327
13250449773
13250449810
13250449819
13250449830
13250449831
13250449853
13250449857
13250449861
13250449917
13250451253
13250451697
13250451837
13250451873
13250452197
13250452362
13250452372
13250452572
13250452631
13250452703
13250452781
13250452805
13250452807
13250452871
13250453102
13250453103
13250453173
13250456137
13250456275
13250456503
13250456592
13250457362
13250457546
13250458102
13250459301
13250459701
13250660397
13250661587
13250662961
13250665367
13250667343
13288105094
13288513871
13288513912
13288515360
13288515837
13288540647
13288542174
13288542974
13288575279
13288576917
13288578152
13288578763
13288597961
15521898341
15521898434
15521913780
15521915409
15521915892
15521916261
15521916365
15521916512
15521916851
15521917106
15521917329
15521918576
15521923752
15521925461
15521926437
15521927142
15521927162
15521933572
15521936391
15521940760
15521941263
15521941351
15521941853
15521941917
15521942037
15521942072
15521942131
15521942167
15521942310
15521942517
15521942673
15521942757
15521943067
15521943351
15521943603
15521943615
15521943623
15521943652
15521943763
15521943872
15521943891
15521943912
15521943961
15521943975
15521945076
15521947103
15521947419
15521947573
15521947801
15521948721
15521949305
15521949650
15521957217
15602754391
15622670950
15622671261
15622673821
15622675673
15622679315
15622679506
15622679716
15622687690
15625183170
15625190352
15625191350
15625191375
15625193717
15625193872
15625195397
15625196750
15625197317
15625197362
15625197632
15625197902
15625613527
15625616254
15625637607
15625637812
15625637901
15625637910
15625637951
15625637982
15625657145
15625657347
15625676384
15625676402
15625678214
15625678504
15625678947
15625679004
15625679164
15625679241
15625679249
15625679654
15625679948
15625685297
15625687315
15625691556
15625692703
15625693231
15625694537
15625696024
15627001734
15627001774
15627004170
15627004924
15627006270
15627006295
15627006316
15627006381
15627006383
15627006705
15627006719
15627006721
15627006783
15627006853
15627007051
15627007069
15627007153
15627007192
15627023349
15627025405
15627036554
15627061379
15627061653
15627061824
15627061926
15627063562
15627063591
15627065193
15627067923
15627071072
15627071173
15627071291
15627071305
15627072367
15627078367
15627078506
15627078523
15627082653
15627087503
15627087593
15627095241
15627095710
15627096157
15627096763
15627096821
15627930357
15627930783
15627940795
15627940797
15627940810
15627940815
15627940830
15627940831
15627940853
15627940862
15627940872
15627940875
15627940879
15627940890
15627940916
15627940925
15627940950
15627940951
15627940957
15627940961
15627940962
15627940963
15627940965
15627940967
15627940971
15627940972
15627940973
15627940975
15627940981
15627940982
15627940983
15627940985
15627940991
15627941015
15627941019
15627941039
15627941051
15627941052
15627941053
15627941056
15627941057
15627941059
15627941061
15627941067
15627941072
15627941075
15627941079
15627941082
15627941087
15627941089
15627941090
15627941097
15627941132
15627941137
15627946530
15627980157
15627980170
15627980193
15627980197
15627980257
15627980259
15627980281
15627980361
15627981656
15627981716
15627987932
15627987935
15627987957
16606657204
16626870982
16626871061
16626871093
16626871287
16626871513
16626871859
16626871927
16626872063
16626872570
16626872910
16626873015
16626873021
16626873307
16626873509
16626873537
16626873572
16626873607
16626873817
16626873961
16626875062
16626875067
16626875109
16626875632
16626875637
16626875790
16626875807
16626875901
16626875931
16626876135
16626876327
16626876937
16626877317
16626877527
16626877671
16626878025
16626878172
16626878902
16626879071
16626879157
16626879172
16626879303
16626879371
16626879601
16626879623
16626879632
16626970351
16626971073
16626971194
16626971240
16626971375
16626971412
16626971427
16626971579
16626971621
16626971974
16626972754
16626972794
16626973510
16626973640
16626973645
16626973874
16626974503
16626974587
16626974675
16626974793
16626975452
16626975484
16626975624
16626975704
16626975952
16626976024
16626976094
16626976275
16626976424
16626978673
16626979013
16626979015
16626979016
16626979017
16626979019
16626979020
16626979021
16626979025
16626979027
16626979030
16626979036
16626979037
16626979053
16626979057
16626979061
16626979063
16626979071
16626979095
16626979105
16626979106
16626979150
16626979151
16626979302
16626979352
16626979673
16626979873
16626980214
16626980340
16626980384
16626980420
16626980490
16626980943
16626981249
16626981348
16626981527
16626981572
16626981857
16626982357
16626982387
16626982570
16626982571
16626982573
16626982673
16626982703
16626982732
16626982753
16626983107
16626983127
16626983175
16626983197
16626983527
16626983617
16626983670
16626983907
16626985271
16626985379
16626985517
16626985571
16626985637
16626985702
16626986157
16626986170
16626986731
16626986792
16626987053
16626987060
16626987183
16626987251
16626987279
16626987352
16626987385
16626987560
16626987853
16626987951
16626990324
16626990482
16626990492
16626991014
16626991048
16626991141
16626991248
16626991324
16626991431
16626991504
16626991549
16626991646
16626992094
16626992214
16626992284
16626992413
16626993047
16626993054
16626993146
16626993147
16626993174
16626993254
16626993354
16626993452
16626993464
16626993475
16626993534
16626993542
16626993564
16626993604
16626993640
16626993641
16626993645
16626993745
16626993754
16626993845
16626993854
16626993904
16626993941
16626994023
16626994028
16626994031
16626994049
16626994064
16626994067
16626994081
16626994102
16626994132
16626994137
16626994146
16626994152
16626994153
16626994162
16626994170
16626994179
16626994193
16626994197
16626994203
16626994205
16626994238
16626994267
16626994271
16626994273
16626994274
16626994289
16626994295
16626994309
16626994310
16626994317
16626994367
16626994371
16626994374
16626994375
16626994379
16626994397
16626994507
16626994576
16626994579
16626994617
16626994637
16626994706
16626994736
16626994743
16626994751
16626994761
16626994784
16626994796
16626994837
16626994879
16626995174
16626995247
16626995274
16626995347
16626995374
16626995714
16626995724
16626995734
16626995740
16626995742
16626995743
16626995748
16626995974
16626996074
16626996274
16626996407
16626996457
16626996471
16626996574
16626996741
16626996847
16626997041
16626997043
16626997084
16626997124
16626997145
16626997164
16626997254
16626997264
16626997294
16626997304
16626997342
16626997347
16626997354
16626997364
16626997403
16626997427
16626997435
16626997437
16626997439
16626997441
16626997454
16626997461
16626997467
16626997480
16626997485
16626997493
16626997524
16626997534
16626997547
16626997564
16626997594
16626997645
16626997684
16626997840
16626997845
16626997847
16626998347
16626998374
16626998574
16626998714
16626998741
16626998743
16626999254
16626999403
16675040014
16675040047
16675040064
16675040104
16675040140
16675040141
16675040142
16675040145
16675040148
16675040149
16675040164
16675040184
16675040194
16675040214
16675040241
16675040242
16675040243
16675040245
16675040247
16675040248
16675040264
16675040274
16675040284
16675040334
16675040341
16675040342
16675040343
16675040346
16675040347
16675040348
16675040349
16675040354
16675040359
16675040362
16675040364
16675040372
16675040374
16675040381
16675040384
16675040394
16675040395
16675040397
16675040414
16675040419
16675040427
16675040431
16675040439
16675040442
16675040447
16675040449
16675040461
16675040462
16675040464
16675040467
16675040469
16675040471
16675040475
16675040476
16675040481
16675040482
16675040483
16675040490
16675040493
16675040496
16675040532
16675040534
16675040537
16675040540
16675040541
16675040542
16675040547
16675040549
16675040565
16675040573
16675040574
16675040584
16675040590
16675040594
16675040597
16675040613
16675040614
16675040631
16675040634
16675040641
16675040642
16675040643
16675040645
16675040646
16675040647
16675040649
16675040654
16675040674
16675040684
16675040694
16675040734
16675040740
16675040741
16675040742
16675040743
16675040745
16675040746
16675040747
16675040749
16675040760
16675040762
16675040763
16675040764
16675040774
16675040783
16675040784
16675040794
16675040824
16675040832
16675040834
16675040840
16675040841
16675040842
16675040843
16675040846
16675040847
16675040849
16675040853
16675040864
16675040872
16675040873
16675040874
16675040894
16675040924
16675040932
16675040935
16675040936
16675040937
16675040941
16675040942
16675040943
16675040947
16675040948
16675040954
16675040961
16675040964
16675040967
16675040972
16675040974
16675040994
16675041034
16675041042
16675041043
16675041045
16675041046
16675041047
16675041049
16675041054
16675041059
16675041064
16675041067
16675041071
16675041074
16675041075
16675041076
16675041084
16675041094
16675041104
16675041140
16675041142
16675041143
16675041146
16675041147
16675041148
16675041154
16675041157
16675041164
16675041174
16675041184
16675041194
16675041240
16675041241
16675041242
16675041243
16675041245
16675041246
16675041248
16675041250
16675041253
16675041254
16675041261
16675041264
16675041267
16675041271
16675041283
16675041284
16675041294
16675041295
16675041297
16675041304
16675041324
16675041334
16675041357
16675041371
16675041382
16675041391
16675041392
16675041503
16675041527
16675041572
16675041573
16675041593
16675041597
16675041620
16675041635
16675041651
16675041670
16675041672
16675041675
16675041691
16675041715
16675041723
16675041731
16675041737
16675041757
16675041762
16675041769
16675041785
16675041793
16675041801
16675041807
16675041809
16675041832
16675041836
16675041857
16675041863
16675041873
16675041893
16675041912
16675041921
16675041925
16675041927
16675041953
16675042031
16675042057
16675042105
16675042109
16675042113
16675042152
16675042173
16675042175
16675042179
16675042191
16675042192
16675042193
16675042197
16675042237
16675042301
16675042307
16675042309
16675042313
16675042315
16675042351
16675042359
16675042371
16675042379
16675042387
16675042392
16675042393
16675042395
16675042519
16675042527
16675042537
16675042557
16675042561
16675042562
16675042569
16675042581
16675042582
16675042583
16675042603
16675042605
16675042607
16675042610
16675042612
16675042615
16675042651
16675042653
16675042657
16675042659
16675042670
16675042673
16675042679
16675042682
16675042683
16675042695
16675042702
16675042715
16675042730
16675042735
16675042739
16675042753
16675042760
16675042762
16675042767
16675042785
16675042787
16675042795
16675042801
16675042805
16675042807
16675042813
16675042815
16675042821
16675042830
16675042837
16675042863
16675042865
16675042867
16675042873
16675042879
16675042891
16675042893
16675042895
16675042901
16675042905
16675042906
16675042912
16675042917
16675042926
16675042930
16675042932
16675042950
16675042952
16675042962
16675042985
16675043017
16675043027
16675043031
16675043037
16675043061
16675043063
16675043065
16675043067
16675043071
16675043072
16675043073
16675043076
16675043082
16675043090
16675043091
16675043092
16675043097
16675043105
16675043106
16675043107
16675043109
16675043112
16675043115
16675043121
16675043125
16675043135
16675043137
16675043139
16675043150
16675043151
16675043156
16675043162
16675043163
16675043170
16675043172
16675043175
16675043180
16675043181
16675043182
16675043183
16675043191
16675043197
16675043205
16675043206
16675043217
16675043260
16675043262
16675043263
16675043270
16675043271
16675043272
16675043273
16675043276
16675043279
16675043287
16675043291
16675043293
16675043295
16675043367
16675043371
16675043376
16675043387
16675043391
16675043503
16675043509
16675043527
16675043537
16675043539
16675043552
16675043560
16675043569
16675043573
16675043579
16675043583
16675043597
16675043601
16675043607
16675043609
16675043615
16675043617
16675043621
16675043625
16675043631
16675043657
16675043671
16675043672
16675043675
16675043685
16675043691
16675043693
16675043697
16675043706
16675043709
16675043715
16675043716
16675043717
16675043721
16675043723
16675043735
16675043751
16675043776
16675043781
16675043785
16675043787
16675043790
16675043810
16675043812
16675043817
16675043821
16675043852
16675043857
16675043862
16675043872
16675043873
16675043875
16675043901
16675043902
16675043906
16675043907
16675043921
16675043930
16675043931
16675043953
16675043960
16675043963
16675043965
16675043971
16675045023
16675045039
16675045061
16675045067
16675045071
16675045072
16675045079
16675045082
16675045083
16675045087
16675045092
16675045102
16675045107
16675045116
16675045125
16675045127
16675045132
16675045137
16675045157
16675045163
16675045167
16675045171
16675045172
16675045173
16675045175
16675045182
16675045185
16675045187
16675045191
16675045192
16675045193
16675045196
16675045197
16675045261
16675045265
16675045267
16675045269
16675045271
16675045279
16675045281
16675045291
16675045301
16675045306
16675045316
16675045319
16675045327
16675045352
16675045370
16675045371
16675045372
16675045376
16675045390
16675045503
16675045561
16675045582
16675045603
16675045621
16675045623
16675045625
16675045627
16675045637
16675045707
16675045712
16675045713
16675045719
16675045721
16675045731
16675045736
16675045751
16675045762
16675045763
16675045773
16675045781
16675045791
16675045792
16675045793
16675045795
16675045801
16675045805
16675045823
16675045827
16675045831
16675045835
16675045837
16675045851
16675045857
16675045865
16675045873
16675045893
16675045902
16675045903
16675045907
16675045910
16675045912
16675045915
16675045931
16675045937
16675045953
16675045971
16675045972
16675045973
16675045982
16675046010
16675046013
16675046015
16675046017
16675046019
16675046031
16675046037
16675046039
16675046051
16675046056
16675046072
16675046081
16675046095
16675046097
16675046101
16675046105
16675046127
16675046157
16675046170
16675046172
16675046182
16675046185
16675046191
16675046192
16675046207
16675046209
16675046215
16675046220
16675046231
16675046232
16675046237
16675046259
16675046271
16675046273
16675046275
16675046276
16675046279
16675046281
16675046287
16675046295
16675046297
16675046305
16675046309
16675046312
16675046313
16675046316
16675046319
16675046327
16675046357
16675046373
16675046387
16675046391
16675046393
16675046507
16675046509
16675046510
16675046512
16675046513
16675046517
16675046527
16675046529
16675046532
16675046537
16675046539
16675046551
16675046573
16675046581
16675046587
16675046597
16675046701
16675046709
16675046710
16675046719
16675046721
16675046732
16675046735
16675046739
16675046753
16675046770
16675046793
16675046795
16675046801
16675046803
16675046821
16675046830
16675046853
16675046857
16675046872
16675046875
16675046879
16675046897
16675046915
16675046917
16675046921
16675046931
16675046937
16675046951
16675046962
16675046965
16675046972
16675046973
16675046975
16675047019
16675047023
16675047031
16675047035
16675047036
16675047039
16675047061
16675047062
16675047065
16675047072
16675047082
16675047091
16675047092
16675047093
16675047095
16675047107
16675047109
16675047125
16675047127
16675047132
16675047135
16675047137
16675047152
16675047153
16675047156
16675047163
16675047167
16675047173
16675047182
16675047183
16675047191
16675047192
16675047193
16675047197
16675047201
16675047203
16675047213
16675047215
16675047231
16675047235
16675047250
16675047251
16675047252
16675047253
16675047257
16675047261
16675047263
16675047265
16675047267
16675047269
16675047280
16675047283
16675047290
16675047291
16675047292
16675047293
16675047297
16675047305
16675047306
16675047307
16675047325
16675047326
16675047331
16675047352
16675047356
16675047359
16675047363
16675047365
16675047367
16675047375
16675047381
16675047382
16675047385
16675047386
16675047387
16675047392
16675047516
16675047530
16675047531
16675047537
16675047561
16675047562
16675047565
16675047579
16675047591
16675047592
16675047593
16675047596
16675047612
16675047621
16675047625
16675047632
16675047653
16675047671
16675047672
16675047673
16675047679
16675047682
16675047690
16675047691
16675047761
16675047769
16675047795
16675047801
16675047821
16675047823
16675047829
16675047835
16675047853
16675047857
16675047862
16675047863
16675047872
16675047873
16675047901
16675047905
16675047907
16675047910
16675047917
16675047921
16675047927
16675047951
16675047962
16675047965
16675047972
16675048013
16675048017
16675048027
16675048035
16675048052
16675048057
16675048072
16675048076
16675048092
16675048095
16675048096
16675048103
16675048112
16675048131
16675048136
16675048152
16675048153
16675048159
16675048162
16675048167
16675048171
16675048173
16675048175
16675048190
16675048192
16675048197
16675048202
16675048215
16675048251
16675048257
16675048259
16675048260
16675048265
16675048270
16675048271
16675048296
16675048297
16675048315
16675048316
16675048326
16675048327
16675048350
16675048353
16675048356
16675048367
16675048370
16675048372
16675048375
16675048387
16675048503
16675048513
16675048516
16675048517
16675048526
16675048527
16675048529
16675048536
16675048537
16675048573
16675048579
16675048592
16675048597
16675048602
16675048603
16675048617
16675048635
16675048650
16675048652
16675048657
16675048659
16675048671
16675048672
16675048675
16675048679
16675048687
16675048693
16675048697
16675048701
16675048702
16675048705
16675048716
16675048720
16675048721
16675048725
16675048730
16675048731
16675048756
16675048762
16675048782
16675048790
16675048792
16675048795
16675048907
16675048915
16675048917
16675048925
16675048937
16675048952
16675048953
16675048957
16675048960
16675048967
16675048971
16675048973
16675049027
16675049031
16675049037
16675049057
16675049061
16675049067
16675049072
16675049076
16675049081
16675049085
16675049102
16675049105
16675049120
16675049125
16675049127
16675049131
16675049135
16675049151
16675049153
16675049161
16675049162
16675049165
16675049167
16675049172
16675049173
16675049179
16675049193
16675049197
16675049201
16675049205
16675049210
16675049231
16675049232
16675049252
16675049257
16675049259
16675049263
16675049273
16675049283
16675049297
16675049301
16675049305
16675049307
16675049317
16675049351
16675049356
16675049357
16675049367
16675049372
16675049373
16675049392
16675049507
16675049519
16675049523
16675049527
16675049532
16675049537
16675049561
16675049563
16675049572
16675049573
16675049575
16675049579
16675049582
16675049587
16675049596
16675049613
16675049620
16675049621
16675049623
16675049630
16675049712
16675051142
16675053251
16675056387
16675058397
16675061530
16675062843
16675064861
16675065397
17520602307
17520602375
17520602378
17520602379
17520602391
17520602392
17520602517
17520602531
17520602576
17520602581
17520602592
17520602615
17520602653
17520602671
17520602672
17520602673
17520602679
17520602681
17520602701
17520602702
17520602709
17520602710
17520602713
17520602716
17520602719
17520602725
17520602731
17520602753
17520602756
17520602759
17520602785
17520602807
17520602817
17520602835
17520602837
17520602859
17520602862
17520602867
17520602871
17520602873
17520602901
17520602915
17520602921
17520602925
17520602930
17520602935
17520602952
17520602953
17520602956
17520602961
17520602970
17520602971
17520602972
17520602973
17520603067
17520603092
17520603157
17520603159
17520603167
17520603169
17520603170
17520603172
17520603173
17520603176
17520603197
17520603235
17520603259
17520603280
17520603293
17520603367
17520603396
17520603506
17520603519
17520603523
17520603537
17520603562
17520603591
17520603610
17520603612
17520603617
17520603621
17520603631
17520603657
17520603671
17520603679
17520603683
17520603701
17520603705
17520603713
17520603715
17520603721
17520603753
17520603759
17520603771
17520603783
17520603785
17520603792
17520603827
17520603870
17520603871
17520603875
17520603895
17520603917
17520603921
17520603932
17520603961
17520603965
17520603969
17520603971
17520605062
17520605113
17520605132
17520605167
17520605170
17520605179
17520605187
17520605195
17520605197
17520605231
17520605232
17520605236
17520605265
17520605271
17520605317
17520605376
17520605503
17520605512
17520605523
17520605563
17520605602
17520605671
17520605691
17520605712
17520605713
17520605716
17520605720
17520605731
17520605732
17520605762
17520605779
17520605782
17520605783
17520605793
17520605831
17520605852
17520605861
17520605872
17520605873
17520605890
17520605903
17520605932
17520606157
17520608516
17520608603
17520608657
17520608705
17520608723
17520608793
17520608931
17520608973
17520609067
17520609162
17520609179
17520609375
17520610360
17520611576
17520611586
17520612539
17520613152
17520620863
17520621330
17520621607
17520623265
17520626852
17520628173
17520628931
17520628937
17520629151
17520629161
17520630157
17520631375
17520631383
17688061071
17688061072
17688061075
17688061132
17688061137
17688061271
17688061370
17688061371
17688061372
17688061373
17688061375
17688061379
17688061576
17688061671
17688061675
17688061703
17688061709
17688061710
17688061723
17688061725
17688061731
17688061732
17688061753
17688061760
17688061790
17688061792
17688061793
17688061851
17688061852
17688061875
17688061879
17688061970
17688063102
17688063137
17688063170
17688063173
17688063257
17688063272
17688063275
17688063570
17688063571
17688063572
17688063575
17688063576
17688063579
17688063672
17688063675
17688063679
17688063697
17688063701
17688063703
17688063707
17688063709
17688063715
17688063716
17688063719
17688063720
17688063721
17688063751
17688063757
17688063759
17688063760
17688063761
17688063763
17688063775
17688063783
17688063795
17688063875
17688065071
17688065173
17688065372
17688065373
17688065697
17688065751
17688065759
17688067837
18512617306
18512617383
18512617967
18578689751
18578691837
18578692163
18578693267
18578693750
18578694371
18578694537
18607652195
18607659257
18666340029
18666340072
18666340079
18666340091
18666340093
18666340107
18666340125
18666340135
18666340143
18666340146
18666340192
18666340194
18666340217
18666340225
18666340231
18666340267
18666340269
18666340284
18666340289
18666340292
18666340314
18666340349
18666340351
18666340373
18666340374
18666340424
18666340494
18666340539
18666340569
18666340609
18666340615
18666340620
18666340630
18666340635
18666340639
18666340644
18666340656
18666340659
18666340675
18666340685
18666340690
18666340692
18666340702
18666340705
18666340709
18666340731
18666340744
18666340749
18666340752
18666340824
18666340826
18666340835
18666340837
18666340841
18666340844
18666340846
18666340857
18666340893
18666340938
18666340941
18666340946
18666340951
18666340974
18666340976
18666341028
18666341049
18666341051
18666341054
18666341057
18666341069
18666341082
18666341087
18666341093
18666341105
18666341120
18666341127
18666341140
18666341142
18666341145
18666341147
18666341150
18666341189
18666341194
18666341225
18666341246
18666341248
18666341249
18666341253
18675910015
18675910051
18675910063
18675910065
18675910070
18675910081
18675910085
18675910091
18675910093
18675910097
18675910106
18675910120
18675910125
18675910136
18675910147
18675910170
18675910187
18675910192
18675910193
18675910204
18675910207
18675910208
18675910209
18675910228
18675910229
18675910235
18675910244
18675910265
18675910273
18675910275
18675910297
18675910307
18675910308
18675910331
18675910345
18675910354
18675910364
18675910373
18675910379
18675910380
18675910405
18675910423
18675910424
18675910427
18675910428
18675910431
18675910438
18675910439
18675910441
18675910449
18675910454
18675910456
18675910459
18675910476
18675910478
18675910490
18675910491
18675910492
18675910495
18675910512
18675910519
18675910521
18675910535
18675910545
18675910547
18675910551
18675910597
18675910610
18675910615
18675910642
18675910644
18675910673
18675910675
18675910687
18675910691
18675910695
18675910717
18675910730
18675910737
18675910738
18675910743
18675910745
18675910751
18675910760
18675910768
18675910787
18675910810
18675910824
18675910827
18675910830
18675910844
18675910852
18675910862
18675910867
18675910882
18675910889
18675910903
18675910904
18675910907
18675910924
18675910949
18675910961
18675910967
18675910979
18675910984
18675911009
18675911036
18675911050
18675911069
18675911073
18675911075
18675911087
18675911091
18675911092
18675911093
18675911096
18675911097
18675911098
18675911120
18675911126
18675911142
18675911144
18675911152
18675911172
18675911193
18675911194
18675911207
18675911231
18675911242
18675911252
18675911264
18675911272
18675911281
18675911285
18675911297
18675911312
18675911318
18675911319
18675911335
18675911344
18675911387
18675911410
18675911423
18675911425
18675911438
18675911439
18675911440
18675911443
18675911451
18675911454
18675911457
18675911458
18675911462
18675911465
18675911468
18675911471
18675911472
18675911474
18675911481
18675911482
18675911493
18675911504
18675911506
18675911507
18675911517
18675911540
18675911542
18675911561
18675911570
18675911582
18675911612
18675911627
18675911629
18675911643
18675911644
18675911650
18675911657
18675911658
18675911661
18675911672
18675911684
18675911694
18675911696
18675911721
18675911725
18675911726
18675911731
18675911734
18675911735
18675911736
18675911745
18675911752
18675911761
18675911767
18675911768
18675911770
18675911782
18675911791
18675911810
18675911812
18675911819
18675911823
18675911832
18675911836
18675911844
18675911847
18675911851
18675911860
18675911863
18675911864
18675911881
18675911921
18675911927
18675911944
18675911950
18675911951
18675911957
18675911979
18675911981
18675912010
18675912015
18675912024
18675912030
18675912035
18675912040
18675912044
18675912048
18675912059
18675912060
18675912083
18675912104
18675912108
18675912124
18675912142
18675912164
18675912165
18675912167
18675912201
18675912216
18675912231
18675912237
18675912240
18675912305
18675912344
18675912360
18675912364
18675912365
18675912368
18675912372
18675912375
18675912390
18675912391
18675912401
18675912424
18675912438
18675912449
18675912462
18675912479
18675912483
18675912493
18675912496
18675912514
18675912527
18675912528
18675912531
18675912554
18675912585
18675912593
18675912604
18675912616
18675912619
18675912621
18675912628
18675912631
18675912647
18675912650
18675912652
18675912656
18675912657
18675912670
18675912674
18675912680
18675912685
18675912690
18675912706
18675912723
18675912734
18675912746
18675912764
18675912774
18675912785
18675912797
18675912803
18675912807
18675912815
18675912817
18675912827
18675912841
18675912850
18675912857
18675912864
18675912891
18675912901
18675912909
18675912912
18675912914
18675912919
18675912944
18675912957
1868014053213005275021
13005275310
13025272196
13025272257
13025272326
13025272357
13025272680
13025272895
13025272903
13025272979
13025273029
13025273523
13025273532
13025273570
13025273908
13025275035
13025275153
13025275319
13025275660
13025275709
13025275762
13025275781
13025275861
13025276052
13025276072
13025277321
13025277326
13025277327
13025277605
13025277627
13025277630
13025277702
13025278015
13025278083
13025278112
13025278150
13025278175
13025278229
13025278252
13025278258
13049230391
13049230692
13049236156
13049236167
13049236217
13049236309
13049241862
13049241873
13049251051
13049251072
13049251073
13049251097
13049260761
13049267157
13049267203
13049267215
13049267587
13049282751
13049283057
13049283117
13049283136
13049283195
13049283213
13049283397
13049283582
13049283590
13049283876
13049297187
13049297593
13058451781
13058456271
13060563875
13060565267
13060567251
13060579703
13076512710
13076523554
13076541263
13076541575
13076574143
13106946850
13106946867
13106946871
13106946971
13112153649
13112173612
13128326753
13128366731
13169278053
13169278121
13169295265
13169295301
13172062097
13172063159
13172063743
13172067145
13172803061
13172806710
13172815752
13172830150
13172842253
13172842329
13172842357
13172842369
13172842385
13172842590
13172842653
13172842832
13172842852
13172842856
13184812259
13202247203
13226162381
13226162759
13226190867
13229172501
13229176705
13242250975
13246910174
13250452362
13250452807
13288597961
15521916851
15521941917
15521943872
15622673821
15625679004
15625679164
15625691556
15627006295
15627006719
15627036554
15627096763
15627940879
15627940925
15627940965
15627940973
15627941019
15627941061
15627941075
15627941087
15627941137
16626872570
16626873961
16626875067
16626878172
16626879632
16626971427
16626972754
16626976424
16626979015
16626979017
16626979037
16626979057
16626982387
16626983127
16626985271
16626987251
16626990482
16626991431
16626991646
16626993641
16626994153
16626995743
16626997364
16626997439
16626997594
16675040242
16675040243
16675040274
16675040343
16675040431
16675040439
16675040482
16675040584
16675040936
16675041054
16675041059
16675041064
16675041104
16675041267
16675041295
16675041334
16675041836
16675041863
16675042371
16675042379
16675042583
16675042605
16675042651
16675042735
16675042767
16675042926
16675043162
16675043206
16675043270
16675043617
16675043715
16675043716
16675043735
16675043776
16675043857
16675043901
16675043931
16675043960
16675045067
16675045082
16675045182
16675045261
16675045281
16675045327
16675045637
16675045773
16675045792
16675045873
16675046259
16675046551
16675046573
16675046770
16675046915
16675047019
16675047039
16675047062
16675047156
16675047192
16675047269
16675047291
16675047385
16675047592
16675047872
16675047901
16675047917
16675048096
16675048153
16675048162
16675048296
16675048326
16675048327
16675048529
16675048573
16675048792
16675048952
16675049031
16675049153
16675049172
16675049596
16675049630
16675058397
17520602673
17520602713
17520603591
17520603657
17520603705
17520605197
17520605317
17520605903
17520608723
17520623265
17520631383
18578693267
18666340289
18666340349
18666340615
18666341140
18666341189
18675910170
18675910235
18675910456
18675910492
18675910737
18675910768
18675910827
18675911098
18675911144
18675911272
18675911462
18675911507
18675911542
18675911612
18675911657
18675911684
18675911863
18675911957
18675912365
18675912424
18675912438
18675912803
1867591290913025271975
13025272179
13025272260
13025272332
13025272686
13025272702
13025272801
13025272819
13025272965
13025272973
13025273102
13025273778
13025273819
13025275083
13025275132
13025275383
13025275582
13025275739
13025275827
13025275932
13025276005
13025277131
13025277237
13025277630
13025277723
13025277890
13025278083
13025278236
13025278317
13025278372
13049230276
13049230692
13049236232
13049236237
13049236256
13049236309
13049241720
13049241735
13049241809
13049241836
13049242051
13049242087
13049261735
13049267127
13049267132
13049267162
13049267237
13049267259
13049267317
13049267360
13049267382
13049282619
13049282621
13049282673
13049283005
13049283070
13049283106
13049283117
13049283137
13049283216
13049283602
13049283712
13049283903
13049283907
13049283912
13058451756
13060567251
13060567262
13060568072
13076512671
13076522496
13076523554
13076541361
13076547195
13076571295
13076571527
13076572285
13076574054
13076592903
13076592917
13076595891
13076596051
13076598106
13106946579
13106946835
13106946970
13106947285
13106947319
13112153649
13112173620
13128340347
13128378341
13169265835
13169265973
13169266023
13169298401
13172060449
13172061347
13172062757
13172062762
13172062767
13172062836
13172063092
13172806657
13172806731
13172807517
13172829701
13172830150
13172842302
13172842309
13172842315
13172842329
13172842361
13172842686
13172842797
13172842812
13172842835
13172842863
13192982592
13202247251
13226157350
13226162352
13226181297
13229172501
13242289701
13246916503
13250452197
13250452805
15521942037
15521942131
15521943975
15521945076
15622671261
15625637607
15625637982
15625676384
15625679249
15625696024
15627096763
15627940862
15627941087
16626873103
16626873509
16626873961
16626877671
16626971073
16626973874
16626975624
16626976424
16626979873
16626980490
16626985702
16626987385
16626990324
16626992214
16626993047
16626993054
16626994102
16626994289
16626994507
16626994736
16626994751
16626994796
16626995247
16626997454
16626997467
16626997480
16626997840
16675040248
16675040442
16675040642
16675040654
16675040741
16675040743
16675040749
16675041067
16675041075
16675041094
16675041912
16675042351
16675042610
16675042612
16675042873
16675042932
16675043063
16675043073
16675043272
16675043295
16675043527
16675043579
16675043597
16675043621
16675043625
16675043776
16675043812
16675043817
16675045102
16675045137
16675045157
16675045185
16675045193
16675045271
16675045301
16675045793
16675045831
16675045912
16675046019
16675046170
16675046191
16675046312
16675046319
16675046510
16675046527
16675046539
16675046701
16675046770
16675046857
16675047062
16675047065
16675047215
16675047231
16675047283
16675047392
16675047537
16675047621
16675047863
16675047905
16675048112
16675048131
16675048136
16675048202
16675048297
16675048326
16675048387
16675048907
16675049025
16675049085
16675049167
16675049356
16675049596
17520602379
17520602673
17520602702
17520602915
17520602956
17520602961
17520603591
17520603701
17520603875
17520603895
17520603969
17520605113
17520605779
17520605793
17520605890
17520609067
17520611586
17520629161
17688061370
17688063760
17688063875
18607659257
18666340107
18666340292
18666340569
18666340841
18666341082
18666341105
18666341194
18666341249
18675910085
18675910120
18675910147
18675910187
18675910228
18675910229
18675910235
18675910273
18675910673
18675910904
18675911075
18675911319
18675911481
18675911658
18675911752
18675911860
18675912231
18675912237
18675912401
18675912621
18675912680
18675912807
18675912912
18675912919