13025612309
13025626354
13025634284
13025634374
13025638474
13025638594
13025639414
13046208491
13046210476
13046214037
13046214592
13046215243
13046216743
13046217451
13046217463
13046217490
13046217947
13046219245
13046230264
13046230674
13046237054
13046237964
13046240574
13046247914
13078201084
13078204924
13078236094
13078236945
13078237124
13078254703
13078256412
13078259749
13104901642
13104902471
13104902642
13104902643
13104902647
13104903460
13104903542
13104904673
13104904853
13104907410
13104907413
13104907485
13104907492
13104915470
13104915475
13104915482
13104915492
13104915493
13104915497
13104916402
13104916405
13104916410
13104916412
13104916415
13104916419
13104916429
13104916432
13104916439
13104916452
13104916459
13104916465
13104916471
13104916473
13104916476
13104916495
13104917403
13104917405
13104917410
13104917412
13104917416
13104917427
13104917436
13104917457
13104917459
13104917461
13104917472
13104917475
13104917481
13104917487
13104917497
13104917840
13104918042
13104918047
13104918403
13104918405
13104918425
13104918457
13104918480
13104919405
13104919452
13104919467
13104919473
13104919475
13104919482
13104921435
13104921472
13104921476
13104922415
13104924053
13104924156
13104924161
13104924165
13104924270
13104924415
13104924729
13104924813
13104925403
13104925415
13104925419
13104925425
13104925470
13104925490
13104926409
13104926415
13104926421
13104927283
13104927496
13104928452
13104928465
13104929415
13104929425
13104929471
13106621047
13124968764
13124997629
13149327465
13149337461
13168121574
13178552546
13178553946
13178554940
13178590467
13178590542
13178591471
13178591643
13178592541
13178593496
13178594049
13178594317
13178594687
13178594721
13178594916
13178595745
13178596142
13178597145
13178597342
13178597493
13178597941
13178598640
13189456030
13189456865
13189459282
13189459836
13189461043
13189461047
13189461426
13189461430
13189461451
13189461467
13189461485
13189461547
13189462142
13189462401
13189462403
13189462745
13189463043
13189463402
13189463426
13189463475
13189464017
13189464036
13189464057
13189464156
13189464187
13189464257
13189464507
13189464531
13189464572
13189464937
13189465147
13189465247
13189465461
13189465541
13189465743
13189465943
13189466417
13189467340
13189467412
13189467413
13189467450
13189467471
13189467841
13189467943
13189468043
13189470142
13189470241
13189470549
13189470742
13189470843
13189471145
13189471437
13189472981
13189473603
13189475017
13189476680
13189801365
13189802661
13189802912
13189806010
13189806860
13189838253
13217590274
13217590384
13217593825
13217594674
13217599037
13226241945
13226245741
13226246942
13226250932
13226251756
13226255390
13229524974
13229540346
13229540431
13229540741
13229542743
13229543415
13229543473
13229547143
13229547343
13229547490
13229548471
13229548743
13229549452
13229567403
13229567941
13229572485
13229572642
13229572784
13229573243
13229574230
13232687293
13232735925
13232740460
13232740943
13232741547
13232741645
13232742491
13232742543
13232744637
13232744643
13232744645
13232744670
13232744683
13232744689
13232744720
13232744735
13232744739
13232744752
13232744859
13232744872
13232744965
13232745041
13232745043
13232745049
13232745140
13232745410
13232745412
13232745413
13232745442
13232745467
13246501340
13246503947
13246504391
13246504675
13246504941
13246505472
13246505479
13246505483
13246505649
13246505743
13246505849
13246506241
13246506421
13246506425
13246506491
13246507143
13246507403
13246507490
13246507647
13246508410
13246508451
13246508641
13246508749
13246508945
13246509437
13246517029
13246520747
13246521047
13246523140
13246524950
13246525301
13246525784
13246526415
13246526854
13246526942
13246527046
13246527407
13246527540
13246528043
13246528540
13246529402
13246529453
13246538347
13246538403
13246538450
13246538467
13246539406
13246539471
13246539485
13246539840
13257594165
13257594781
13257596154
13266402841
13266407472
13266408146
13267858059
13267868537
13267872140
13267875471
13267875472
13267879125
13286950374
13286953274
13286953464
13286961327
13286961559
13286964107
13286965332
13286965735
13286965794
13286966207
13286967105
13286967205
13286967283
13286967287
13286967807
13286967835
13286968379
13286968710
13286970857
13286970875
13286971825
13286971879
13286972137
13286972897
13286973167
13286973857
13286975067
13286975273
13286975897
13286975925
13286976187
13286976907
13286979271
13286980239
13286980253
13286980271
13286980291
13286980392
13286980532
13286980539
13286980657
13286980730
13286980731
13286980972
13286981256
13286982192
13286982635
13286982732
13286983107
13286983180
13286983573
13286985165
13286985241
13286985257
13286985330
13286985750
13286985760
13286985891
13286985921
13286986317
13286986539
13286986715
13286986971
13286987120
13286987137
13286987193
13286987312
13286987361
13286987380
13286987395
13286987501
13286987519
13286987561
13286987851
13286987992
13286988310
13286988317
13286988701
13286989206
13286989251
13286989317
13286989370
13286989510
13286989657
13286991571
13286992161
13286997105
15521340257
15521341085
15521341862
15521341869
15521341954
15521343610
15521346327
15521346710
15521346965
15521347951
15521348075
15521348193
15521348672
15521349731
15521350952
15521351596
15521351932
15521352601
15521352613
15521352623
15521352637
15521352750
15521352761
15521352781
15521352785
15521352835
15521352850
15521352856
15521352865
15521352873
15521352912
15521352930
15521352951
15521352953
15521352967
15521353021
15521353027
15521353063
15521353067
15521353069
15521353079
15521353081
15521353097
15521353170
15521353267
15521353271
15521353283
15521353293
15521353630
15521353657
15521353681
15521353702
15521353710
15521353751
15521353891
15521353912
15521353913
15521353921
15521353952
15521353962
15521353963
15521355061
15521355073
15521355103
15521356215
15521356236
15521358021
15521358392
15521358965
15521359017
15521359037
15521359070
15521359185
15521359301
15521359387
15521359529
15521359572
15521359617
15521359765
15521359805
15521359850
15521360359
15521360376
15521360965
15521361039
15521361056
15521361279
15521361301
15521361370
15521361632
15521361637
15521363162
15521365376
15521365381
15521365386
15521365391
15521365392
15521365395
15521365397
15521365502
15521365507
15521365519
15521365563
15521365573
15521365591
15521365602
15521365609
15521365612
15521365613
15521365617
15521365619
15521365627
15521365632
15521365635
15521365662
15521365671
15521365672
15521365673
15521365676
15521365681
15521365683
15521365690
15521365701
15521365702
15521365703
15521365706
15521365709
15521365712
15521365713
15521365715
15521365719
15521365720
15521365731
15521365732
15521365736
15521365751
15521365752
15521365753
15521365760
15521365763
15521365780
15521365782
15521365783
15521365785
15521365791
15521365792
15521365796
15521365802
15521365803
15521365810
15521365812
15521365813
15521365820
15521365825
15521365827
15521365829
15521365831
15521365835
15521365837
15521365853
15521365861
15521365862
15521365865
15521365871
15521365872
15521365876
15521365897
15521365902
15521365907
15521365912
15521365915
15521365921
15521365935
15521365951
15521365953
15521365956
15521365957
15521365963
15521365967
15521365970
15521365971
15521365973
15521365975
15521365979
15521365980
15521366021
15521366025
15521366035
15521366037
15521366051
15521366073
15521366103
15521366107
15521366125
15521366137
15521366139
15521366163
15521366170
15521366172
15521366207
15521366216
15521366232
15521366257
15521366270
15521366271
15521366272
15521366275
15521366285
15521366290
15521366293
15521366297
15521366307
15521366312
15521366320
15521366352
15521366370
15521366379
15521366385
15521366387
15521366397
15521366505
15521366507
15521366513
15521366523
15521366532
15521366537
15521366570
15521366576
15521366705
15521366706
15521366712
15521366716
15521366720
15521366723
15521366731
15521366739
15521366753
15521366791
15521366827
15521366832
15521366851
15521366905
15521366915
15521366925
15521366952
15521366953
15521366957
15521366971
15521366973
15521366975
15521367013
15521367016
15521367020
15521367021
15521367027
15521367035
15521367039
15521367052
15521367053
15521367056
15521367059
15521367062
15521367072
15521367081
15521367085
15521367093
15521367095
15521367101
15521367102
15521367105
15521367107
15521367120
15521367127
15521367129
15521367132
15521367150
15521367159
15521367162
15521367165
15521367169
15521367189
15521367195
15521367196
15521367197
15521367201
15521367210
15521367213
15521367215
15521367216
15521367217
15521367223
15521367236
15521367237
15521367239
15521367251
15521367253
15521367256
15521367259
15521367261
15521367262
15521367265
15521367267
15521367269
15521367275
15521367276
15521367280
15521367281
15521367283
15521367285
15521367286
15521367291
15521367292
15521367295
15521367296
15521367297
15521367301
15521367302
15521367315
15521367316
15521367320
15521367327
15521367350
15521367351
15521367353
15521367359
15521367360
15521367367
15521367370
15521367371
15521367375
15521367379
15521367386
15521367387
15521367390
15521367391
15521367397
15521367502
15521367509
15521367512
15521367517
15521367523
15521367531
15521367532
15521367537
15521367539
15521367551
15521367553
15521367560
15521367561
15521367562
15521367571
15521367572
15521367583
15521367591
15521367592
15521367596
15521367610
15521367612
15521367613
15521367623
15521367625
15521367631
15521367635
15521367650
15521367651
15521367652
15521367659
15521367690
15521367692
15521367693
15521367701
15521367712
15521367721
15521367730
15521367735
15521367750
15521367751
15521367795
15521367803
15521367817
15521367832
15521367837
15521367851
15521367852
15521367857
15521367861
15521367869
15521367871
15521367872
15521367873
15521367901
15521367907
15521367910
15521367912
15521367915
15521367923
15521367930
15521367931
15521367935
15521367936
15521367951
15521367953
15521367957
15521367959
15521367962
15521367965
15521367967
15521367975
15521367981
15521367982
15521367983
15521367985
15521368017
15521368025
15521368026
15521368032
15521368035
15521368051
15521368056
15521368057
15521368062
15521368067
15521368072
15521368073
15521368079
15521368092
15521368102
15521368107
15521368109
15521368121
15521368125
15521368126
15521368132
15521368137
15521368153
15521368157
15521368159
15521368160
15521368162
15521368167
15521368173
15521368176
15521368179
15521368195
15521368205
15521368212
15521368213
15521368219
15521368250
15521368257
15521368265
15521368270
15521368271
15521368273
15521368275
15521368291
15521368305
15521368307
15521368317
15521368319
15521368327
15521368329
15521368357
15521368359
15521368361
15521368365
15521368370
15521368373
15521368375
15521368385
15521368395
15521368501
15521368506
15521368507
15521368509
15521368510
15521368516
15521368525
15521368526
15521368530
15521368537
15521368539
15521368553
15521368561
15521368573
15521368575
15521368576
15521368579
15521368590
15521368602
15521368605
15521368607
15521368615
15521368617
15521368629
15521368631
15521368632
15521368637
15521368639
15521368651
15521368671
15521368672
15521368673
15521368679
15521368691
15521368692
15521368695
15521368701
15521368703
15521368710
15521368712
15521368725
15521368726
15521368729
15521368730
15521368731
15521368736
15521368737
15521368750
15521368751
15521368752
15521368760
15521368761
15521368765
15521368772
15521368773
15521368776
15521368780
15521368791
15521368795
15521368797
15521368901
15521368902
15521368903
15521368905
15521368906
15521368910
15521368912
15521368917
15521368926
15521368927
15521368931
15521368935
15521368951
15521368962
15521368971
15521368973
15521368976
15521368983
15521369025
15521369027
15521369051
15521369052
15521369061
15521369065
15521369071
15521369072
15521369073
15521369075
15521369079
15521369103
15521369121
15521369125
15521369127
15521369129
15521369132
15521369137
15521369150
15521369151
15521369161
15521369170
15521369171
15521369192
15521369195
15521369203
15521369205
15521369210
15521369230
15521369235
15521369251
15521369252
15521369253
15521369256
15521369261
15521369267
15521369271
15521369273
15521369276
15521369279
15521369280
15521369295
15521369302
15521369307
15521369325
15521369350
15521369352
15521369356
15521369361
15521369367
15521369370
15521369372
15521369379
15521369390
15521369391
15521369503
15521369505
15521369507
15521369510
15521369515
15521369516
15521369523
15521369525
15521369529
15521369532
15521369539
15521369561
15521369562
15521369563
15521369570
15521369571
15521369572
15521369573
15521369576
15521369581
15521369583
15521369585
15521369587
15521369607
15521369612
15521369621
15521369625
15521369627
15521369631
15521369632
15521369635
15521369637
15521369650
15521369651
15521369657
15521369659
15521369670
15521369671
15521369672
15521369675
15521369692
15521369701
15521369703
15521369710
15521369712
15521369727
15521369735
15521369757
15521369761
15521369762
15521369763
15521369770
15521369780
15521369785
15521369791
15521369792
15521369805
15521369807
15521369813
15521369825
15521369852
15521369870
15521369872
15521630285
15521630569
15521630879
15521631259
15521631853
15521631890
15521632783
15521632819
15521633562
15521633853
15521633905
15521635030
15521635392
15521635929
15521636225
15521637236
15521638010
15521638021
15521638195
15521638501
15521638612
15521638701
15521638925
15521638936
15521639065
15521639067
15521639115
15521639262
15521639275
15521639357
15521639385
15521639525
15521639565
15521639603
15521639609
15521639862
15521640276
15521640537
15521640570
15521640653
15521640736
15521641051
15521641617
15521641657
15521641775
15521641975
15521642087
15521642137
15521642559
15521642675
15521642701
15521642832
15521642853
15521643602
15521643971
15521645079
15521645213
15521645262
15521645932
15521645971
15521646067
15521646192
15521646982
15521647032
15521647069
15521647071
15521647093
15521647197
15521647237
15521647503
15521647635
15521647685
15521647815
15521650297
15521650676
15521650761
15521651091
15521651096
15521651629
15521651673
15521651729
15521652702
15521652756
15521653279
15521653762
15521653859
15521655195
15521655712
15521655760
15521656276
15521656287
15521656927
15521657192
15521657193
15521657351
15521657371
15521657982
15521658170
15521658182
15521658209
15521658392
15521659071
15521659281
15521659307
15521659323
15521659375
15521659637
15521659670
15521659715
15521660593
15521662856
15521663691
15521664697
15521664713
15521664746
15521665016
15521670592
15521671350
15521671393
15521671632
15521671832
15521672501
15521672601
15521672653
15521673092
15521673269
15521673291
15521673440
15521673479
15521673481
15521673493
15521673536
15521673647
15521673743
15521673843
15521673846
15521673847
15521673872
15521673942
15521673946
15521673950
15521673962
15521673975
15521673976
15521673982
15521673986
15521675025
15521675060
15521675065
15521675071
15521675076
15521675171
15521675176
15521675197
15521675217
15521675236
15521675239
15521675253
15521675259
15521675263
15521675270
15521675279
15521675285
15521675306
15521675327
15521675356
15521675357
15521675367
15521675517
15521675532
15521675572
15521675576
15521675583
15521675607
15521675613
15521675617
15521675620
15521675626
15521675627
15521675635
15521675651
15521675652
15521675670
15521675671
15521675673
15521675685
15521675690
15521675693
15521675696
15521675710
15521675712
15521675713
15521675730
15521675739
15521675819
15521675867
15521675879
15521675901
15521675902
15521675906
15521675912
15521675919
15521675931
15521675970
15521676017
15521676032
15521676052
15521676092
15521676182
15521676187
15521676192
15521676212
15521676217
15521676251
15521676267
15521676273
15521676279
15521676350
15521676352
15521676356
15521676371
15521676372
15521676373
15521676379
15521676385
15521676395
15521676529
15521676553
15521676593
15521676613
15521676729
15521676752
15521676793
15521676837
15521676930
15521676951
15521676953
15521676957
15521676962
15521677063
15521677067
15521677091
15521677131
15521677203
15521677210
15521677216
15521677231
15521677236
15521677253
15521677260
15521677275
15521677317
15521677325
15521677360
15521677371
15521677372
15521677391
15521677512
15521677539
15521677570
15521677585
15521677591
15521677626
15521677630
15521677631
15521677632
15521677637
15521677690
15521677691
15521677815
15521677831
15521677861
15521677903
15521677907
15521677953
15521677961
15521677972
15521678053
15521678056
15521678071
15521678073
15521678076
15521678091
15521678127
15521678135
15521678137
15521678190
15521678193
15521678209
15521678217
15521678256
15521678257
15521678263
15521678267
15521678269
15521678271
15521678279
15521678303
15521678305
15521678350
15521678390
15521678505
15521678510
15521678519
15521678531
15521678535
15521678560
15521678562
15521678570
15521678571
15521678621
15521678630
15521678631
15521678652
15521678705
15521678707
15521678752
15521678753
15521678792
15521678903
15521678912
15521678916
15521678927
15521678936
15521678960
15521678970
15521678976
15521678981
15521679021
15521679025
15521679053
15521679061
15521679071
15521679086
15521679125
15521679150
15521679152
15521679153
15521679156
15521679175
15521679190
15521679197
15521679205
15521679215
15521679256
15521679257
15521679259
15521679279
15521679280
15521679285
15521679325
15521679367
15521679371
15521679375
15521679387
15521679397
15521679510
15521679537
15521679609
15521679620
15521679621
15521679632
15521679651
15521679671
15521679710
15521679715
15521679730
15521679732
15521679805
15521679807
15521679810
15521679817
15521679831
15521679836
15521679853
15521679857
15521679862
15521679863
15521679865
15521679892
15521679920
15521679925
15521680112
15521680156
15521680265
15521680895
15521680910
15521680961
15521681365
15521681392
15521681659
15521682612
15521682673
15521682732
15521682751
15521683073
15521683105
15521683163
15521683651
15521685063
15521685221
15521685360
15521685619
15521685781
15521686103
15521686120
15521686295
15521686525
15521686529
15521686561
15521686705
15521687239
15521687571
15521687631
15521688037
15521688503
15521688573
15521689023
15521689032
15521689051
15521689392
15521689501
15521689717
15521689767
15521689782
15521689871
15521690061
15521690190
15521690191
15521690315
15521690982
15521691802
15521692069
15521692161
15521692653
15521693620
15521693951
15521695931
15521696160
15521696191
15521696331
15521696395
15521698082
15521698231
15521698281
15521699385
15602500134
15602500184
15602500254
15602500294
15602500364
15602500374
15602500434
15602500644
15602500674
15602500744
15602500754
15602500794
15602500954
15602501044
15602501064
15602501154
15602501164
15602501254
15602501264
15602501295
15602501334
15602501354
15602501364
15602501394
15602501404
15602501424
15602501434
15602501441
15602501464
15602501473
15602501484
15602501494
15602501504
15602501574
15602501584
15602501594
15602501644
15602501674
15602501694
15602501704
15602501734
15602501764
15602501774
15602501804
15602501834
15602501842
15602501854
15602501874
15602501914
15602501964
15602501984
15602502024
15602502104
15602502134
15602502140
15602502174
15602502194
15602502204
15602502264
15602502384
15602502414
15602502474
15602502484
15602502564
15602502604
15602502624
15602502634
15602502694
15602502774
15602502804
15602502864
15602502894
15602502904
15602502914
15602502934
15602502954
15602502964
15602503014
15602503024
15602503064
15602503114
15602503124
15602503134
15602503164
15602503174
15602503184
15602503214
15602503374
15602503394
15602503404
15602503414
15602503424
15602503494
15602503524
15602503534
15602503574
15602503584
15602503594
15602503604
15602503654
15602503674
15602503694
15602503704
15602503714
15602503724
15602503734
15602503744
15602503764
15602503784
15602503824
15602503844
15602503904
15602503914
15602503924
15602503934
15602503944
15602503964
15602503974
15602503984
15602504014
15602504024
15602504054
15602504074
15602504102
15602504124
15602504164
15602504174
15602504184
15602504194
15602504214
15602504224
15602504227
15602504274
15602504324
15602504354
15602504364
15602504384
15602504394
15602504434
15602504454
15602504464
15602504474
15602504487
15602504504
15602504574
15602504584
15602504614
15602504644
15602504714
15602504734
15602504774
15602504804
15602504814
15602504864
15602504873
15602504894
15602504904
15602504924
15602504934
15602504964
15602504974
15602504994
15602505014
15602505074
15602505094
15602505124
15602505154
15602505164
15602505174
15602505254
15602505274
15602505284
15602505304
15602505334
15602505346
15602505364
15602505384
15602505414
15602505434
15602505474
15602505564
15602505614
15602505624
15602505634
15602505664
15602505674
15602505704
15602505724
15602505744
15602505754
15602505784
15602505794
15602505804
15602505814
15602505834
15602505864
15602505874
15602505924
15602505934
15602505974
15602506047
15602506054
15602506124
15602506154
15602506174
15602506204
15602506214
15602506264
15602506274
15602506294
15602506304
15602506314
15602506344
15602506354
15602506384
15602506394
15602506414
15602506424
15602506434
15602506494
15602506504
15602506514
15602506524
15602506544
15602506584
15602506594
15602506614
15602506704
15602506724
15602506734
15602506804
15602506814
15602506824
15602506834
15602506835
15602506854
15602506864
15602506874
15602506894
15602506904
15602506994
15602507004
15602507024
15602507034
15602507194
15602507204
15602507214
15602507304
15602507384
15602507404
15602507424
15602507434
15602507454
15602507464
15602507514
15602507524
15602507554
15602507594
15602507604
15602507684
15602507694
15602507724
15602507754
15602507794
15602507814
15602507834
15602507914
15602507941
15602508014
15602508094
15602508104
15602508194
15602508204
15602508254
15602508264
15602508274
15602508294
15602508314
15602508334
15602508394
15602508404
15602508464
15602508474
15602508494
15602508514
15602508534
15602508554
15602508564
15602508574
15602508604
15602508614
15602508634
15602508664
15602508694
15602508704
15602508724
15602508734
15602508764
15602508774
15602508794
15602508944
15602508964
15602508984
15602508994
15602509004
15602509024
15602509044
15602509054
15602509074
15602509104
15602509124
15602509134
15602509154
15602509174
15602509194
15602509284
15602509304
15602509314
15602509354
15602509364
15602509374
15602509404
15602509484
15602509490
15602509524
15602509534
15602509564
15602509624
15602509634
15602509644
15602509674
15602509744
15602509814
15602509834
15602509864
15602509964
15602570014
15602570034
15602570064
15602570074
15602570094
15602570174
15602570194
15602570334
15602570354
15602570534
15602570574
15602570594
15602570674
15602570694
15602570764
15602570794
15602570874
15602570944
15602570994
15602571044
15602571054
15602571084
15602571094
15602571134
15602571194
15602571274
15602571284
15602571294
15602571324
15602571354
15602571374
15602571394
15602571435
15602571474
15602571484
15602571524
15602571564
15602571574
15602571584
15602571604
15602571634
15602571674
15602571684
15602571704
15602571724
15602571743
15602571754
15602571774
15602571784
15602571814
15602571824
15602571834
15602571844
15602571854
15602571894
15602572140
15602572284
15602572294
15602572434
15602572504
15602572514
15602572524
15602572574
15602572594
15602572604
15602572614
15602572624
15602572684
15602572724
15602572751
15602572764
15602572784
15602572804
15602572814
15602572824
15602572884
15602572894
15602572914
15602572974
15602572984
15602572994
15602573004
15602573024
15602573044
15602573054
15602573074
15602573104
15602573124
15602573144
15602573164
15602573174
15602573244
15602573254
15602573274
15602573294
15602573354
15602573364
15602573414
15602573424
15602573464
15602573474
15602573484
15602573494
15602573504
15602573514
15602573524
15602573594
15602573614
15602573634
15602573664
15602573674
15602573684
15602573694
15602573744
15602573754
15602573794
15602573804
15602573884
15602573894
15602573904
15602573917
15602573924
15602573934
15602573974
15602574094
15602574104
15602574124
15602574154
15602574164
15602574194
15602574254
15602574274
15602574284
15602574354
15602574364
15602574384
15602574434
15602574504
15602574514
15602574524
15602574534
15602574541
15602574564
15602574574
15602574584
15602574594
15602574604
15602574614
15602574624
15602574694
15602574714
15602574724
15602574761
15602574764
15602574774
15602574794
15602574814
15602574894
15602574904
15602574915
15602574964
15602574974
15602575044
15602575054
15602575074
15602575144
15602575154
15602575164
15602575174
15602575184
15602575244
15602575254
15602575264
15602575284
15602575294
15602575302
15602575304
15602575324
15602575344
15602575354
15602575364
15602575394
15602575464
15602575484
15602575564
15602575574
15602575594
15602575614
15602575624
15602575644
15602575684
15602575694
15602575714
15602575744
15602575804
15602575814
15602575924
15602575934
15602575944
15602576014
15602576024
15602576044
15602576124
15602576134
15602576144
15602576174
15602576194
15602576204
15602576244
15602576254
15602576264
15602576274
15602576284
15602576294
15602576314
15602576324
15602576372
15602576374
15602576404
15602576432
15602576454
15602576494
15602576504
15602576514
15602576554
15602576574
15602576584
15602576594
15602576674
15602576684
15602576714
15602576734
15602576754
15602576764
15602576774
15602576814
15602576824
15602576864
15602576934
15602576954
15602576964
15602576994
15602577054
15602577074
15602577094
15602577362
15602577384
15602577424
15602577494
15602577514
15602577534
15602577574
15602577584
15602577593
15602577614
15602577674
15602577804
15602577854
15602577924
15602577944
15602577974
15602578024
15602578034
15602578049
15602578054
15602578074
15602578084
15602578094
15602578154
15602578174
15602578184
15602578204
15602578224
15602578254
15602578264
15602578304
15602578354
15602578364
15602578405
15602578414
15602578424
15602578425
15602578564
15602578574
15602578614
15602578640
15602578641
15602578714
15602578724
15602578794
15602578834
15602578914
15602578954
15602578964
15602578974
15602579024
15602579054
15602579074
15602579124
15602579142
15602579154
15602579164
15602579174
15602579184
15602579204
15602579304
15602579364
15602579384
15602579404
15602579424
15602579434
15602579464
15602579474
15602579484
15602579504
15602579514
15602579524
15602579554
15602579574
15602579584
15602579624
15602579634
15602579664
15602579684
15602579694
15602579704
15602579724
15602579784
15602579804
15602579814
15602579854
15602579864
15602579874
15602579894
15602579914
15602579941
15622060154
15622060184
15622060264
15622060351
15622060354
15622060434
15622060464
15622060534
15622060564
15622060594
15622060694
15622060734
15622060894
15622060954
15622060964
15622060974
15622061054
15622061074
15622061164
15622061254
15622061264
15622061284
15622061324
15622061334
15622061374
15622061394
15622061434
15622061454
15622061464
15622061484
15622061534
15622061584
15622061594
15622061614
15622061634
15622061704
15622061714
15622061724
15622061734
15622061794
15622061934
15622062041
15622062043
15622062074
15622062104
15622062124
15622062134
15622062164
15622062174
15622062354
15622062390
15622062413
15622062464
15622062474
15622062481
15622062584
15622062594
15622062634
15622062674
15622062814
15622062824
15622062834
15622062874
15622062904
15622062924
15622062934
15622062984
15622063054
15622063074
15622063084
15622063154
15622063194
15622063274
15622063284
15622063354
15622063374
15622063454
15622063471
15622063474
15622063494
15622063504
15622063514
15622063564
15622063584
15622063594
15622063604
15622063614
15622063714
15622063724
15622063734
15622063764
15622063794
15622063804
15622063814
15622063824
15622063854
15622063874
15622063894
15622063914
15622063954
15622063964
15622063984
15622064034
15622064054
15622064074
15622064084
15622064091
15622064164
15622064184
15622064214
15622064294
15622064304
15622064314
15622064324
15622064334
15622064354
15622064374
15622064384
15622064452
15622064534
15622064584
15622064624
15622064634
15622064674
15622064694
15622064704
15622064706
15622064724
15622064754
15622064764
15622064854
15622065074
15622065264
15622065340
15622065364
15622065384
15622065404
15622065414
15622065424
15622065671
15622065674
15622065694
15622065704
15622065745
15622065794
15622065814
15622065824
15622065854
15622065864
15622065874
15622065884
15622065904
15622065914
15622065924
15622065934
15622065954
15622065964
15622065974
15622066154
15622066214
15622066274
15622066374
15622066424
15622066484
15622066494
15622066504
15622066514
15622066704
15622066714
15622066734
15622066754
15622066824
15622066864
15622066914
15622066924
15622066934
15622066954
15622067024
15622067064
15622067140
15622067184
15622067194
15622067214
15622067244
15622067284
15622067294
15622067354
15622067374
15622067384
15622067392
15622067394
15622067424
15622067434
15622067454
15622067484
15622067514
15622067524
15622067564
15622067574
15622067624
15622067644
15622067684
15622067694
15622067704
15622067734
15622067784
15622067794
15622067824
15622067834
15622067844
15622067924
15622067934
15622067954
15622067964
15622068024
15622068124
15622068174
15622068194
15622068204
15622068224
15622068254
15622068274
15622068314
15622068334
15622068354
15622068364
15622068374
15622068404
15622068405
15622068424
15622068454
15622068504
15622068574
15622068584
15622068594
15622068604
15622068614
15622068624
15622068634
15622068674
15622068714
15622068724
15622068734
15622068764
15622068904
15622068964
15622068994
15622069054
15622069124
15622069154
15622069164
15622069247
15622069254
15622069274
15622069294
15622069304
15622069324
15622069334
15622069354
15622069384
15622069404
15622069434
15622069464
15622069471
15622069504
15622069524
15622069574
15622069614
15622069634
15622069734
15622069744
15622069814
15622069854
15622069984
15622070164
15622070274
15622070284
15622070394
15622070464
15622070484
15622070534
15622070584
15622070674
15622070864
15622070874
15622070934
15622070954
15622070974
15622070984
15622071064
15622071084
15622071094
15622071154
15622071254
15622071264
15622071304
15622071354
15622071394
15622071404
15622071474
15622071484
15622071494
15622071534
15622071594
15622071664
15622071694
15622071804
15622071834
15622071864
15622071894
15622071954
15622071984
15622072454
15622072494
15622072554
15622072564
15622072594
15622072644
15622072674
15622072684
15622072694
15622072714
15622072769
15622072854
15622072934
15622072964
15622072974
15622072984
15622073024
15622073052
15622073094
15622073254
15622073274
15622073294
15622073354
15622073374
15622073384
15622073414
15622073484
15622073514
15622073524
15622073574
15622073604
15622073634
15622073694
15622073744
15622073764
15622073774
15622073784
15622073834
15622073874
15622073934
15622073984
15622074014
15622074054
15622074084
15622074104
15622074124
15622074154
15622074174
15622074254
15622074274
15622074284
15622074304
15622074314
15622074334
15622074384
15622074430
15622074434
15622074514
15622074524
15622074534
15622074554
15622074564
15622074594
15622074604
15622074614
15622074624
15622074674
15622074684
15622074694
15622074754
15622074794
15622074864
15622074914
15622075024
15622075045
15622075104
15622075154
15622075304
15622075344
15622075475
15622075492
15622075497
15622075614
15622075634
15622075704
15622075854
15622075894
15622075994
15622076144
15622076254
15622076274
15622076284
15622076314
15622076344
15622076453
15622076614
15622076724
15622076804
15622076941
15622077014
15622077184
15622077204
15622077294
15622077341
15622077424
15622077434
15622077524
15622077534
15622077604
15622077824
15622077914
15622077934
15622077954
15622077974
15622078014
15622078034
15622078104
15622078244
15622078274
15622078284
15622078294
15622078347
15622078404
15622078424
15622078504
15622078514
15622078524
15622078674
15622078744
15622078914
15622078954
15622079014
15622079024
15622079044
15622079164
15622079224
15622079244
15622079284
15622079314
15622079334
15622079364
15622079374
15622079404
15622079414
15622079464
15622079474
15622079644
15622079684
15622079734
15622079804
15622079864
15622080194
15622080534
15622080541
15622080574
15622080642
15622080834
15622080934
15622081045
15622081164
15622081244
15622081294
15622081340
15622081452
15622081454
15622081764
15622082024
15622082407
15622082684
15622082704
15622082744
15622082764
15622082784
15622082854
15622082894
15622082904
15622082964
15622083034
15622083094
15622083104
15622083167
15622083184
15622083274
15622083354
15622083364
15622083374
15622083424
15622083474
15622083484
15622083574
15622083594
15622083614
15622083694
15622083704
15622083714
15622083734
15622083754
15622083764
15622083784
15622083804
15622083824
15622083904
15622083914
15622083924
15622083934
15622084014
15622084034
15622084054
15622084104
15622084124
15622084154
15622084164
15622084194
15622084254
15622084264
15622084274
15622084324
15622084354
15622084394
15622084401
15622084474
15622084504
15622084524
15622084594
15622084614
15622084674
15622084684
15622084694
15622084704
15622084734
15622084754
15622084764
15622084854
15622084874
15622084894
15622084974
15622084984
15622084994
15622085024
15622085034
15622085104
15622085164
15622085174
15622085184
15622085194
15622085314
15622085384
15622085414
15622085474
15622085487
15622085491
15622085504
15622085514
15622085564
15622085574
15622085594
15622085604
15622085684
15622085715
15622085724
15622085734
15622085774
15622085814
15622085824
15622085904
15622085914
15622085924
15622085954
15622085974
15622086054
15622086064
15622086094
15622086124
15622086134
15622086154
15622086194
15622086254
15622086274
15622086284
15622086304
15622086334
15622086384
15622086394
15622086414
15622086424
15622086504
15622086554
15622086564
15622086574
15622086584
15622086704
15622086744
15622086764
15622086824
15622086854
15622086874
15622086904
15622086934
15622086954
15622086984
15622087054
15622087084
15622087104
15622087124
15622087134
15622087149
15622087184
15622087214
15622087254
15622087274
15622087284
15622087304
15622087334
15622087354
15622087434
15622087464
15622087494
15622087524
15622087534
15622087554
15622087574
15622087584
15622087604
15622087614
15622087634
15622087674
15622087694
15622087704
15622087724
15622087734
15622087804
15622087814
15622087854
15622087914
15622087924
15622087974
15622087984
15622088024
15622088074
15622088154
15622088274
15622088374
15622088414
15622088434
15622088454
15622088504
15622088594
15622088634
15622088704
15622088794
15622088904
15622088924
15622088954
15622089034
15622089054
15622089064
15622089104
15622089124
15622089154
15622089194
15622089204
15622089214
15622089254
15622089284
15622089304
15622089314
15622089354
15622089364
15622089374
15622089394
15622089414
15622089424
15622089474
15622089475
15622089504
15622089524
15622089554
15622089664
15622089674
15622089704
15622089724
15622089734
15622089824
15622089834
15622089854
15622089874
15622089894
15622089934
15622090134
15622090154
15622090164
15622090174
15622090254
15622090264
15622090284
15622090394
15622090434
15622090464
15622090474
15622090584
15622090684
15622090694
15622090734
15622090834
15622090854
15622090864
15622090964
15622091049
15622091074
15622091084
15622091164
15622091184
15622091274
15622091304
15622091334
15622091354
15622091374
15622091404
15622091474
15622091534
15622091544
15622091564
15622091574
15622091584
15622091594
15622091624
15622091674
15622091704
15622091724
15622091774
15622091804
15622091814
15622091834
15622091894
15622091924
15622091934
15622091954
15622091984
15622092084
15622092134
15622092174
15622092374
15622092394
15622092414
15622092454
15622092464
15622092494
15622092504
15622092514
15622092534
15622092554
15622092564
15622092594
15622092614
15622092634
15622092664
15622092674
15622092684
15622092694
15622092714
15622092724
15622092734
15622092754
15622092784
15622092934
15622092964
15622093024
15622093054
15622093074
15622093084
15622093104
15622093114
15622093157
15622093164
15622093194
15622093204
15622093254
15622093264
15622093274
15622093364
15622093464
15622093484
15622093494
15622093504
15622093514
15622093564
15622093594
15622093614
15622093674
15622093694
15622093704
15622093724
15622093764
15622093794
15622093804
15622093864
15622093874
15622093894
15622093951
15622093954
15622093994
15622094102
15622094104
15622094154
15622094164
15622094174
15622094184
15622094194
15622094254
15622094274
15622094284
15622094294
15622094304
15622094334
15622094364
15622094372
15622094394
15622094514
15622094584
15622094624
15622094639
15622094674
15622094684
15622094701
15622094714
15622094734
15622094754
15622094814
15622094824
15622094834
15622094854
15622094864
15622094927
15622094934
15622094984
15622095014
15622095034
15622095074
15622095094
15622095154
15622095174
15622095254
15622095264
15622095324
15622095364
15622095384
15622095424
15622095471
15622095474
15622095484
15622095494
15622095514
15622095534
15622095564
15622095614
15622095643
15622095724
15622095754
15622095764
15622095774
15622095794
15622095824
15622095834
15622095874
15622095879
15622095934
15622095984
15622096024
15622096034
15622096042
15622096054
15622096084
15622096124
15622096134
15622096154
15622096174
15622096254
15622096284
15622096294
15622096304
15622096314
15622096354
15622096394
15622096424
15622096447
15622096454
15622096467
15622096474
15622096484
15622096524
15622096534
15622096564
15622096574
15622096584
15622096624
15622096694
15622096704
15622096724
15622096764
15622096804
15622096814
15622096841
15622096914
15622096924
15622096934
15622096954
15622096964
15622096974
15622097024
15622097074
15622097084
15622097091
15622097124
15622097154
15622097164
15622097184
15622097254
15622097314
15622097384
15622097394
15622097404
15622097405
15622097413
15622097414
15622097434
15622097454
15622097484
15622097504
15622097524
15622097547
15622097574
15622097584
15622097614
15622097624
15622097684
15622097724
15622097754
15622097784
15622097804
15622097864
15622097874
15622097904
15622097934
15622097954
15622097964
15622098014
15622098024
15622098084
15622098404
15622098464
15622098487
15622098564
15622098764
15622099064
15622099254
15622099304
15622099334
15622099354
15622099704
15627160542
15627160546
15627160594
15627160834
15627161257
15627161294
15627161494
15627161537
15627162149
15627162150
15627162254
15627162472
15627162473
15627162870
15627162951
15627163047
15627163247
15627163275
15627163294
15627163401
15627163413
15627163494
15627163547
15627163645
15627163904
15627163924
15627164192
15627164201
15627164314
15627164351
15627164354
15627164385
15627164784
15627164843
15627164913
15627164927
15627164934
15627164945
15627165039
15627165230
15627165243
15627165245
15627165315
15627165325
15627165340
15627165491
15627165494
15627165572
15627165594
15627165624
15627165642
15627165747
15627165795
15627166524
15627166740
15627167093
15627167265
15627167285
15627167480
15627167647
15627167651
15627167697
15627167871
15627167940
15627167961
15627167972
15627168049
15627168207
15627168347
15627168541
15627168547
15627168560
15627168630
15627168940
15627168971
15627169067
15627169070
15627169207
15627169314
15627169374
15627169431
15627169434
15627169485
15627169487
15627169541
15627169714
15627169724
15627169841
15627169874
15627169974
15697590054
15697590254
15697590264
15697590294
15697590384
15697590493
15697590554
15697590634
15697590664
15697590754
15697590784
15697590794
15697590884
15697591049
15697591254
15697591324
15697591405
15697591463
15697591514
15697591554
15697591564
15697591604
15697591674
15697591784
15697592024
15697592164
15697592184
15697592374
15697592404
15697592454
15697592484
15697592604
15697592614
15697592740
15697592754
15697592914
15697592941
15697592964
15697592974
15697592984
15697593014
15697593114
15697593134
15697593184
15697593354
15697593664
15697593974
15697594073
15697594121
15697594159
15697594247
15697594253
15697594342
15697594395
15697594401
15697594415
15697594421
15697594435
15697594493
15697594712
15697594735
15697594790
15697594804
15697594845
15697594872
15697594925
15697594953
15697595143
15697595174
15697595347
15697595401
15697595409
15697595475
15697595627
15697595643
15697595647
15697595713
15697595716
15697595845
15697596247
15697596414
15697596503
15697596845
15697596947
15697597043
15697597124
15697597145
15697597157
15697597305
15697597341
15697597415
15697597584
15697597835
15697597947
15697598084
15697598247
15697598435
15697599452
15697599473
15697599540
15697599647
15697599694
16607595141
16607596427
16607598134
16607598244
16607598274
16607598374
16607598410
16607598472
16607598542
16626450135
16626450141
16626450143
16626450154
16626450165
16626450170
16626450172
16626450176
16626450194
16626450195
16626450237
16626450240
16626450251
16626450261
16626450264
16626450271
16626450294
16626450297
16626450342
16626450351
16626450362
16626450367
16626450371
16626450374
16626450384
16626450394
16626450437
16626450446
16626450447
16626450454
16626450462
16626450464
16626450469
16626450470
16626450473
16626450474
16626450481
16626450487
16626450491
16626450537
16626450543
16626450574
16626450581
16626450584
16626450592
16626450629
16626450631
16626450637
16626450647
16626450649
16626450653
16626450672
16626450675
16626450679
16626450735
16626450740
16626450743
16626450746
16626450747
16626450761
16626450763
16626450774
16626450785
16626450791
16626450794
16626450840
16626450843
16626450846
16626450851
16626450894
16626450931
16626450932
16626450934
16626450942
16626450943
16626450964
16626450967
16626450983
16626451032
16626451035
16626451036
16626451041
16626451042
16626451046
16626451047
16626451049
16626451064
16626451071
16626451075
16626451076
16626451081
16626451084
16626451094
16626451180
16626451249
16626451274
16626451275
16626451285
16626451302
16626451304
16626451361
16626451364
16626451374
16626451394
16626451425
16626451427
16626451429
16626451437
16626451450
16626451463
16626451470
16626451471
16626451472
16626451483
16626451485
16626451487
16626451490
16626451493
16626451495
16626451496
16626451506
16626451509
16626451537
16626451564
16626451565
16626451571
16626451579
16626451586
16626451590
16626451594
16626451601
16626451602
16626451630
16626451631
16626451649
16626451672
16626451673
16626451690
16626451694
16626451702
16626451706
16626451709
16626451713
16626451723
16626451729
16626451734
16626451742
16626451743
16626451759
16626451760
16626451783
16626451790
16626451794
16626451795
16626451801
16626451834
16626451841
16626451853
16626451854
16626451864
16626451874
16626451879
16626451894
16626451901
16626451904
16626451917
16626451924
16626451941
16626451954
16626451967
16626452037
16626452064
16626452135
16626452140
16626452146
16626452171
16626452173
16626452174
16626452179
16626452185
16626452274
16626452357
16626452367
16626452384
16626452395
16626452403
16626452407
16626452427
16626452431
16626452471
16626452474
16626452487
16626452490
16626452497
16626452503
16626452504
16626452507
16626452570
16626452573
16626452576
16626452579
16626452597
16626452602
16626452605
16626452612
16626452670
16626452694
16626452701
16626452717
16626452724
16626452730
16626452739
16626452745
16626452751
16626452754
16626452764
16626452765
16626452785
16626452792
16626452793
16626452796
16626452832
16626452847
16626452901
16626453901
16626454601
16626454673
16626454685
16626454701
16626454703
16626454712
16626454713
16626454720
16626454724
16626454725
16626454726
16626454727
16626454731
16626454732
16626454735
16626454751
16626454753
16626454760
16626454763
16626454780
16626454791
16626454793
16626454804
16626454813
16626454841
16626454850
16626454851
16626454853
16626454856
16626454869
16626454871
16626454874
16626454903
16626454905
16626454906
16626454915
16626454916
16626454927
16626454931
16626454935
16626454937
16626454961
16626454967
16626454975
16626454985
16626455017
16626455053
16626455096
16626455104
16626455107
16626455164
16626455174
16626455192
16626455193
16626455247
16626455257
16626455293
16626455294
16626455314
16626455346
16626455391
16626455396
16626455409
16626455410
16626455453
16626455467
16626455487
16626455493
16626456204
16626456240
16626456241
16626456270
16626456271
16626456275
16626456293
16626456294
16626456307
16626456314
16626456317
16626456324
16626456341
16626456349
16626456354
16626456367
16626456371
16626456384
16626456397
16626456412
16626456431
16626456434
16626456435
16626456445
16626456462
16626456473
16626456474
16626456494
16626456497
16626456507
16626456527
16626456531
16626456532
16626456539
16626456549
16626456575
16626456709
16626456743
16626456752
16626456753
16626456764
16626456834
16626456842
16626456846
16626456849
16626456857
16626456897
16626456901
16626456904
16626456910
16626456927
16626456931
16626456940
16626456941
16626456943
16626456950
16626456957
16626456971
16626456975
16626457025
16626457029
16626457042
16626457043
16626457046
16626457052
16626457061
16626457063
16626457072
16626457095
16626457097
16626457104
16626457106
16626457107
16626457124
16626457125
16626457135
16626457139
16626457145
16626457146
16626457147
16626457149
16626457151
16626457154
16626457163
16626457184
16626457191
16626457202
16626457203
16626457204
16626457205
16626457209
16626457219
16626457231
16626457235
16626457237
16626457242
16626457243
16626457245
16626457246
16626457253
16626457254
16626457261
16626457276
16626457279
16626457290
16626457292
16626457295
16626457301
16626457304
16626457305
16626457316
16626457324
16626457341
16626457350
16626457352
16626457364
16626457365
16626457370
16626457385
16626457392
16626457404
16626457406
16626457413
16626457416
16626457420
16626457421
16626457424
16626457425
16626457431
16626457434
16626457449
16626457454
16626457460
16626457465
16626457482
16626457485
16626457492
16626457494
16626457495
16626457514
16626457534
16626457535
16626457536
16626457537
16626457539
16626457540
16626457547
16626457563
16626457564
16626457580
16626457583
16626457594
16626457601
16626457604
16626457612
16626457627
16626457634
16626457635
16626457637
16626457641
16626457642
16626457643
16626457673
16626457681
16626457684
16626457685
16626457690
16626457692
16626457694
16626457752
16626457801
16626457804
16626457815
16626457829
16626457831
16626457834
16626457835
16626457837
16626457845
16626457851
16626457852
16626457853
16626457854
16626457860
16626457876
16626457925
16626457934
16626457935
16626457940
16626457941
16626457945
16626457947
16626457956
16626457962
16626457970
16626457984
16626458021
16626458025
16626458027
16626458034
16626458037
16626458039
16626458042
16626458049
16626458053
16626458057
16626458059
16626458065
16626458074
16626458091
16626458096
16626458097
16626458101
16626458103
16626458104
16626458127
16626458134
16626458137
16626458141
16626458142
16626458147
16626458163
16626458167
16626458174
16626458191
16626458194
16626458205
16626458231
16626458235
16626458237
16626458246
16626458247
16626458253
16626458257
16626458261
16626458267
16626458270
16626458274
16626458279
16626458291
16626458293
16626458294
16626458301
16626458304
16626458305
16626458307
16626458309
16626458324
16626458327
16626458334
16626458340
16626458341
16626458343
16626458346
16626458347
16626458354
16626458360
16626458361
16626458364
16626458367
16626458371
16626458372
16626458374
16626458375
16626458391
16626458394
16626458402
16626458405
16626458412
16626458417
16626458419
16626458423
16626458429
16626458432
16626458439
16626458440
16626458442
16626458443
16626458451
16626458453
16626458454
16626458461
16626458462
16626458467
16626458471
16626458472
16626458473
16626458474
16626458475
16626458479
16626458490
16626458493
16626458501
16626458510
16626458534
16626458540
16626458541
16626458543
16626458547
16626458561
16626458564
16626458571
16626458573
16626458576
16626458591
16626458601
16626458602
16626458610
16626458612
16626458624
16626458625
16626458631
16626458632
16626458637
16626458641
16626458647
16626458674
16626458684
16626458692
16626458709
16626458712
16626458714
16626458726
16626458734
16626458740
16626458741
16626458744
16626458747
16626458749
16626458751
16626458753
16626458764
16626458774
16626458905
16626458940
16626458953
16626458954
16626458967
16626458973
16626459023
16626459029
16626459032
16626459035
16626459056
16626459063
16626459065
16626459071
16626459072
16626459073
16626459082
16626459085
16626459105
16626459107
16626459129
16626459130
16626459132
16626459150
16626459152
16626459157
16626459159
16626459170
16626459172
16626459175
16626459195
16626459197
16626459206
16626459216
16626459230
16626459237
16626459250
16626459252
16626459262
16626459265
16626459267
16626459276
16626459301
16626459302
16626459307
16626459309
16626459317
16626459325
16626459353
16626459357
16626459361
16626459365
16626459371
16626459385
16626459501
16626459531
16626459561
16626459563
16626459570
16626459601
16626459617
16626459621
16626459629
16626459631
16626459632
16626460137
16626460153
16626460162
16626460179
16626460272
16626460275
16626460279
16626460287
16626460295
16626460351
16626460357
16626460362
16626460375
16626460392
16626460573
16626460691
16626460752
16626460781
16626460791
16626460795
16626460837
16626460861
16626460931
16626460932
16626460973
16626461057
16626461092
16626461295
16626461305
16626461352
16626461523
16626461563
16626461705
16626461721
16626461725
16626461792
16626461870
16626461903
16626461951
16626461953
16626462073
16626462075
16626462076
16626462273
16626462352
16626462371
16626462381
16626462573
16626462593
16626462675
16626462730
16626462751
16626462817
16626462901
16626462907
16626462935
16626462937
16626462951
16626462985
16626463019
16626463051
16626463067
16626463072
16626463095
16626463097
16626463125
16626463156
16626463157
16626463159
16626463160
16626463173
16626463176
16626463185
16626463187
16626463207
16626463251
16626463259
16626463287
16626463379
16626463502
16626463503
16626463507
16626463509
16626463527
16626463561
16626463570
16626463580
16626463595
16626463702
16626463723
16626463751
16626463773
16626463785
16626463793
16626463802
16626463827
16626463861
16626463930
16626463931
16626463951
16626463971
16626465073
16626465081
16626465106
16626465107
16626465125
16626465157
16626465163
16626465167
16626465170
16626465197
16626465307
16626465310
16626465371
16626465372
16626465375
16626465387
16626465562
16626465701
16626465712
16626465735
16626465736
16626465781
16626465782
16626465791
16626465792
16626465807
16626465812
16626465837
16626465863
16626465872
16626465891
16626465903
16626465926
16626465927
16626465940
16626465945
16626465947
16626465971
16626465972
16626465983
16626466024
16626466074
16626466094
16626466142
16626466143
16626466149
16626466279
16626466325
16626466342
16626466384
16626466402
16626466407
16626466413
16626466451
16626466471
16626466493
16626466739
16626466740
16626466742
16626466744
16626466745
16626466749
16626466754
16626466804
16626466841
16626466901
16626466937
16626466950
16626466954
16626467024
16626467025
16626467031
16626467034
16626467041
16626467043
16626467045
16626467049
16626467053
16626467054
16626467104
16626467105
16626467124
16626467143
16626467147
16626467149
16626467160
16626467194
16626467215
16626467223
16626467249
16626467257
16626467265
16626467284
16626467294
16626467297
16626467301
16626467304
16626467342
16626467349
16626467352
16626467364
16626467365
16626467367
16626467381
16626467382
16626467384
16626467394
16626467402
16626467405
16626467407
16626467413
16626467421
16626467430
16626467431
16626467434
16626467437
16626467439
16626467452
16626467457
16626467461
16626467462
16626467481
16626467484
16626467486
16626467489
16626467493
16626467495
16626467524
16626467534
16626467541
16626467542
16626467603
16626467609
16626467635
16626467639
16626467640
16626467647
16626467652
16626467742
16626467764
16626467830
16626467837
16626467840
16626467853
16626467894
16626467924
16626467941
16626467942
16626467953
16626467957
16626467965
16626468014
16626468024
16626468034
16626468041
16626468043
16626468045
16626468074
16626468104
16626468105
16626468114
16626468120
16626468124
16626468125
16626468134
16626468140
16626468143
16626468144
16626468147
16626468149
16626468150
16626468153
16626468157
16626468164
16626468171
16626468194
16626468204
16626468217
16626468231
16626468243
16626468250
16626468257
16626468267
16626468273
16626468293
16626468304
16626468309
16626468314
16626468324
16626468341
16626468342
16626468347
16626468349
16626468354
16626468359
16626468362
16626468364
16626468372
16626468374
16626468402
16626468407
16626468413
16626468415
16626468419
16626468423
16626468425
16626468427
16626468429
16626468430
16626468435
16626468437
16626468442
16626468443
16626468445
16626468450
16626468451
16626468452
16626468453
16626468454
16626468457
16626468465
16626468470
16626468475
16626468476
16626468491
16626468492
16626468495
16626468509
16626468517
16626468534
16626468540
16626468541
16626468542
16626468547
16626468579
16626468596
16626468641
16626468674
16626468694
16626468701
16626468703
16626468721
16626468724
16626468734
16626468740
16626468741
16626468743
16626468747
16626468749
16626468753
16626468791
16626468793
16626468905
16626468907
16626468924
16626468937
16626468940
16626468941
16626468942
16626468943
16626468945
16626468947
16626468950
16626468954
16626468964
16626468971
16626468975
16626468976
16626469061
16626469132
16626469157
16626469170
16626469179
16626469212
16626469302
16626469372
16626469376
16626469391
16626469526
16626469532
16626469572
16626469587
16626469723
16626469763
16626470025
16626470139
16626470151
16626470152
16626470156
16626470157
16626470172
16626470176
16626470180
16626470183
16626470185
16626470191
16626470192
16626470193
16626470197
16626470235
16626470237
16626470239
16626470252
16626470257
16626470261
16626470263
16626470265
16626470271
16626470272
16626470275
16626470281
16626470285
16626470287
16626470297
16626470332
16626470350
16626470351
16626470352
16626470359
16626470362
16626470373
16626470375
16626470390
16626470397
16626470532
16626470537
16626470569
16626470571
16626470576
16626470580
16626470581
16626470586
16626470587
16626470592
16626470596
16626470657
16626470672
16626470681
16626470691
16626470692
16626470697
16626470750
16626470752
16626470761
16626470787
16626470792
16626470831
16626470837
16626470853
16626470873
16626470895
16626470897
16626470950
16626470953
16626470956
16626470957
16626470965
16626470970
16626470973
16626471017
16626471035
16626471037
16626471039
16626471052
16626471057
16626471073
16626471075
16626471081
16626471087
16626471090
16626471093
16626471097
16626471157
16626471251
16626471253
16626471256
16626471262
16626471263
16626471267
16626471273
16626471275
16626471279
16626471287
16626471295
16626471297
16626471329
16626471337
16626471350
16626471353
16626471359
16626471365
16626471370
16626471390
16626471391
16626471395
16626471502
16626471503
16626471513
16626471517
16626471526
16626471527
16626471530
16626471531
16626471532
16626471539
16626471551
16626471560
16626471561
16626471562
16626471569
16626471570
16626471576
16626471578
16626471582
16626471583
16626471587
16626471591
16626471601
16626471607
16626471612
16626471623
16626471635
16626471651
16626471673
16626471676
16626471690
16626471692
16626471695
16626471702
16626471705
16626471709
16626471721
16626471731
16626471735
16626471739
16626471750
16626471752
16626471759
16626471762
16626471769
16626471785
16626471790
16626471792
16626471795
16626471803
16626471825
16626471826
16626471831
16626471832
16626471837
16626471859
16626471871
16626471875
16626471892
16626471902
16626471905
16626471906
16626471907
16626471913
16626471931
16626471932
16626471951
16626471953
16626471956
16626471962
16626471965
16626471970
16626471982
16626472032
16626472035
16626472057
16626472061
16626472062
16626472063
16626472067
16626472101
16626472102
16626472107
16626472129
16626472132
16626472135
16626472136
16626472163
16626472165
16626472170
16626472186
16626472187
16626472190
16626472191
16626472192
16626472196
16626472207
16626472239
16626472305
16626472307
16626472319
16626472327
16626472351
16626472353
16626472357
16626472359
16626472362
16626472365
16626472371
16626472375
16626472381
16626472390
16626472392
16626472395
16626472501
16626472502
16626472503
16626472506
16626472513
16626472517
16626472523
16626472530
16626472536
16626472552
16626472557
16626472560
16626472562
16626472565
16626472571
16626472576
16626472583
16626472587
16626472590
16626472593
16626472627
16626472631
16626472653
16626472671
16626472675
16626472681
16626472692
16626472695
16626472701
16626472702
16626472703
16626472712
16626472739
16626472751
16626472756
16626472762
16626472793
16626472795
16626472805
16626472807
16626472813
16626472815
16626472831
16626472832
16626472856
16626472871
16626472872
16626472873
16626472891
16626472895
16626472897
16626472913
16626472923
16626472932
16626472937
16626472950
16626472953
16626472956
16626472959
16626472961
16626472963
16626472972
16626472980
16626473015
16626473023
16626473035
16626473052
16626473053
16626473057
16626473063
16626473072
16626473075
16626473076
16626473087
16626473092
16626473095
16626473106
16626473107
16626473117
16626473137
16626473150
16626473157
16626473163
16626473165
16626473167
16626473170
16626473171
16626473182
16626473186
16626473187
16626473196
16626473197
16626473202
16626473215
16626473227
16626473253
16626473257
16626473259
16626473260
16626473265
16626473269
16626473271
16626473281
16626473293
16626473295
16626473297
16626473502
16626473503
16626473516
16626473517
16626473523
16626473529
16626473551
16626473557
16626473560
16626473561
16626473562
16626473563
16626473571
16626473573
16626473575
16626473580
16626473582
16626473587
16626473592
16626473593
16626473597
16626473603
16626473612
16626473623
16626473625
16626473637
16626473651
16626473652
16626473653
16626473667
16626473681
16626473685
16626473692
16626473695
16626473697
16626473703
16626473709
16626473713
16626473715
16626473751
16626473759
16626473760
16626473765
16626473807
16626473810
16626473812
16626473816
16626473825
16626473850
16626473892
16626473902
16626473903
16626473905
16626473906
16626473912
16626473921
16626473930
16626473931
16626473952
16626473956
16626473957
16626473960
16626473961
16626473962
16626473965
16626473970
16626473976
16626475019
16626475021
16626475027
16626475029
16626475031
16626475037
16626475039
16626475063
16626475065
16626475069
16626475073
16626475079
16626475081
16626475082
16626475085
16626475091
16626475092
16626475093
16626475096
16626475097
16626475103
16626475107
16626475129
16626475132
16626475136
16626475153
16626475160
16626475162
16626475163
16626475165
16626475169
16626475171
16626475173
16626475190
16626475192
16626475231
16626475237
16626475262
16626475265
16626475267
16626475270
16626475271
16626475295
16626475296
16626475301
16626475305
16626475306
16626475320
16626475323
16626475335
16626475350
16626475357
16626475371
16626475372
16626475376
16626475382
16626475387
16626475560
16626475605
16626475607
16626475609
16626475610
16626475615
16626475621
16626475627
16626475629
16626475630
16626475632
16626475639
16626475673
16626475679
16626475689
16626475692
16626475695
16626475702
16626475710
16626475730
16626475735
16626475739
16626475762
16626475792
16626475802
16626475803
16626475809
16626475812
16626475815
16626475831
16626475839
16626475852
16626475861
16626475871
16626475876
16626475891
16626475892
16626475897
16626475901
16626475902
16626475906
16626475910
16626475913
16626475923
16626475957
16626475961
16626475962
16626475970
16626476015
16626476021
16626476025
16626476027
16626476075
16626476076
16626476091
16626476095
16626476102
16626476105
16626476107
16626476129
16626476135
16626476159
16626476170
16626476172
16626476175
16626476195
16626476213
16626476215
16626476217
16626476219
16626476270
16626476273
16626476276
16626476283
16626476287
16626476292
16626476309
16626476325
16626476359
16626476371
16626476372
16626476387
16626476397
16626476507
16626476509
16626476512
16626476516
16626476527
16626476539
16626476591
16626476596
16626476597
16626476675
16626476702
16626476732
16626476753
16626476790
16626476805
16626476815
16626476817
16626476825
16626476830
16626476835
16626476895
16626476905
16626476910
16626476912
16626476927
16626476967
16626476973
16626476985
16626477013
16626477051
16626477053
16626477056
16626477151
16626477193
16626477236
16626477285
16626477293
16626477305
16626477312
16626477325
16626477372
16626477505
16626477516
16626477519
16626477583
16626477589
16626477593
16626477601
16626477630
16626477650
16626477652
16626477653
16626477659
16626477695
16626477802
16626477831
16626477861
16626477862
16626477901
16626477902
16626477931
16626477957
16626477960
16626477985
16626478030
16626478032
16626478051
16626478057
16626478065
16626478069
16626478071
16626478072
16626478073
16626478091
16626478105
16626478135
16626478157
16626478170
16626478175
16626478179
16626478192
16626478193
16626478197
16626478217
16626478231
16626478251
16626478261
16626478269
16626478271
16626478273
16626478306
16626478327
16626478350
16626478351
16626478352
16626478359
16626478360
16626478371
16626478372
16626478375
16626478391
16626478392
16626478501
16626478503
16626478517
16626478527
16626478535
16626478537
16626478539
16626478562
16626478571
16626478573
16626478575
16626478590
16626478592
16626478607
16626478625
16626478629
16626478637
16626478657
16626478671
16626478673
16626478692
16626478709
16626478715
16626478723
16626478732
16626478735
16626478761
16626478763
16626478875
16626478901
16626478925
16626478927
16626478932
16626478936
16626478937
16626478967
16626479013
16626479021
16626479023
16626479035
16626479037
16626479051
16626479067
16626479071
16626479101
16626479102
16626479105
16626479130
16626479132
16626479157
16626479170
16626479185
16626479207
16626479217
16626479219
16626479231
16626479237
16626479256
16626479263
16626479270
16626479281
16626479285
16626479293
16626479303
16626479307
16626479315
16626479320
16626479325
16626479327
16626479352
16626479356
16626479357
16626479362
16626479365
16626479376
16626479385
16626479386
16626479387
16626479395
16626479507
16626479510
16626479517
16626479562
16626479569
16626479573
16626479582
16626479589
16626479592
16626479602
16626479603
16626479609
16626479615
16626479632
16626479652
16626479710
16626479713
16626479725
16626479730
16626479731
16626479735
16626479751
16626479763
16626479765
16626479785
16626479825
16626479830
16626479832
16626479837
16626479862
16626479871
16626479873
16626479875
16626480013
16626480015
16626480016
16626480023
16626480025
16626480026
16626480029
16626480031
16626480032
16626480037
16626480051
16626480052
16626480053
16626480057
16626480061
16626480062
16626480063
16626480065
16626480067
16626480071
16626480075
16626480076
16626480079
16626480096
16626480102
16626480103
16626480106
16626480107
16626480112
16626480116
16626480120
16626480127
16626480131
16626480135
16626480136
16626480137
16626480139
16626480151
16626480152
16626480156
16626480157
16626480159
16626480160
16626480161
16626480162
16626480163
16626480167
16626480169
16626480170
16626480171
16626480173
16626480175
16626480176
16626480179
16626480180
16626480181
16626480182
16626480183
16626480187
16626480190
16626480191
16626480192
16626480193
16626480195
16626480196
16626480206
16626480215
16626480219
16626480225
16626480226
16626480231
16626480232
16626480235
16626480236
16626480237
16626480239
16626480251
16626480253
16626480256
16626480257
16626480259
16626480262
16626480263
16626480265
16626480267
16626480270
16626480271
16626480272
16626480273
16626480275
16626480278
16626480279
16626480282
16626480283
16626480287
16626480289
16626480290
16626480291
16626480293
16626480295
16626480296
16626480297
16626480307
16626480315
16626480317
16626480319
16626480323
16626480325
16626480331
16626480332
16626480335
16626480336
16626480350
16626480351
16626480353
16626480356
16626480357
16626480361
16626480363
16626480365
16626480367
16626480369
16626480370
16626480371
16626480372
16626480373
16626480375
16626480376
16626480378
16626480379
16626480381
16626480385
16626480387
16626480390
16626480391
16626480392
16626480393
16626480395
16626480396
16626480397
16626480507
16626480509
16626480510
16626480512
16626480515
16626480519
16626480526
16626480528
16626480529
16626480530
16626480535
16626480536
16626480537
16626480539
16626480551
16626480552
16626480553
16626480556
16626480559
16626480560
16626480561
16626480562
16626480563
16626480565
16626480569
16626480571
16626480572
16626480573
16626480576
16626480578
16626480579
16626480581
16626480586
16626480587
16626480593
16626480595
16626480597
16626480598
16626480601
16626480607
16626480609
16626480621
16626480625
16626480626
16626480627
16626480630
16626480631
16626480635
16626480636
16626480637
16626480639
16626480650
16626480651
16626480652
16626480653
16626480656
16626480657
16626480659
16626480661
16626480662
16626480663
16626480667
16626480670
16626480671
16626480672
16626480675
16626480679
16626480682
16626480685
16626480686
16626480687
16626480691
16626480692
16626480693
16626480695
16626480697
16626480702
16626480703
16626480713
16626480715
16626480723
16626480725
16626480726
16626480727
16626480728
16626480729
16626480730
16626480731
16626480732
16626480735
16626480736
16626480739
16626480750
16626480752
16626480753
16626480757
16626480760
16626480761
16626480762
16626480767
16626480769
16626480770
16626480771
16626480773
16626480775
16626480776
16626480780
16626480781
16626480782
16626480783
16626480785
16626480786
16626480790
16626480792
16626480793
16626480795
16626480796
16626480797
16626480815
16626480827
16626480830
16626480831
16626480835
16626480839
16626480851
16626480852
16626480853
16626480856
16626480857
16626480859
16626480860
16626480861
16626480863
16626480865
16626480869
16626480870
16626480871
16626480872
16626480873
16626480879
16626480891
16626480893
16626480897
16626480902
16626480903
16626480905
16626480907
16626480910
16626480923
16626480925
16626480929
16626480931
16626480932
16626480935
16626480937
16626480939
16626480950
16626480951
16626480952
16626480953
16626480957
16626480959
16626480960
16626480961
16626480962
16626480963
16626480967
16626480970
16626480971
16626480972
16626480973
16626480975
16626480976
16626480981
16626480982
16626480986
16626480992
16626480997
16626481002
16626481009
16626481013
16626481017
16626481025
16626481027
16626481030
16626481031
16626481032
16626481035
16626481036
16626481037
16626481050
16626481051
16626481052
16626481053
16626481056
16626481057
16626481059
16626481061
16626481065
16626481072
16626481073
16626481076
16626481079
16626481080
16626481081
16626481085
16626481086
16626481087
16626481091
16626481092
16626481093
16626481095
16626481096
16626481097
16626481102
16626481103
16626481106
16626481107
16626481126
16626481129
16626481130
16626481132
16626481135
16626481137
16626481139
16626481156
16626481158
16626481159
16626481165
16626481172
16626481173
16626481176
16626481179
16626481183
16626481185
16626481192
16626481193
16626481195
16626481196
16626481197
16626481237
16626481257
16626481267
16626481270
16626481273
16626481276
16626481279
16626481287
16626481297
16626481307
16626481317
16626481327
16626481337
16626481357
16626481367
16626481370
16626481373
16626481375
16626481376
16626481379
16626481507
16626481527
16626481537
16626481570
16626481571
16626481572
16626481573
16626481575
16626481576
16626481578
16626481597
16626481607
16626481617
16626481627
16626481657
16626481670
16626481671
16626481672
16626481673
16626481676
16626481679
16626481701
16626481702
16626481703
16626481705
16626481706
16626481707
16626481709
16626481710
16626481712
16626481713
16626481715
16626481716
16626481719
16626481721
16626481725
16626481726
16626481727
16626481728
16626481729
16626481730
16626481731
16626481732
16626481735
16626481736
16626481737
16626481739
16626481750
16626481751
16626481757
16626481758
16626481759
16626481760
16626481761
16626481762
16626481763
16626481765
16626481767
16626481770
16626481772
16626481775
16626481776
16626481779
16626481780
16626481782
16626481783
16626481785
16626481786
16626481787
16626481790
16626481791
16626481792
16626481795
16626481796
16626481797
16626481798
16626481807
16626481837
16626481857
16626481867
16626481870
16626481871
16626481872
16626481873
16626481876
16626481897
16626481927
16626481967
16626481970
16626481971
16626481972
16626481973
16626481975
16626481976
16626481987
16626482007
16626482027
16626482037
16626482057
16626482067
16626482070
16626482071
16626482072
16626482073
16626482075
16626482087
16626482107
16626482117
16626482127
16626482137
16626482157
16626482167
16626482171
16626482172
16626482173
16626482175
16626482176
16626482178
16626482187
16626482207
16626482237
16626482257
16626482271
16626482273
16626482275
16626482279
16626482297
16626482307
16626482317
16626482327
16626482367
16626482370
16626482372
16626482373
16626482375
16626482376
16626482378
16626482379
16626482387
16626482397
16626482507
16626482517
16626482557
16626482570
16626482571
16626482572
16626482573
16626482575
16626482576
16626482578
16626482579
16626482597
16626482607
16626482617
16626482637
16626482657
16626482667
16626482670
16626482671
16626482675
16626482679
16626482687
16626482697
16626482701
16626482702
16626482705
16626482706
16626482707
16626482708
16626482709
16626482710
16626482712
16626482713
16626482715
16626482716
16626482718
16626482719
16626482720
16626482725
16626482726
16626482728
16626482729
16626482730
16626482732
16626482735
16626482738
16626482750
16626482751
16626482752
16626482753
16626482756
16626482757
16626482759
16626482760
16626482762
16626482767
16626482769
16626482770
16626482771
16626482773
16626482775
16626482780
16626482781
16626482785
16626482786
16626482790
16626482791
16626482793
16626482795
16626482796
16626482797
16626482798
16626482817
16626482827
16626482837
16626482867
16626482870
16626482871
16626482872
16626482873
16626482875
16626482876
16626482879
16626482887
16626482897
16626482907
16626482917
16626482927
16626482957
16626482967
16626482970
16626482971
16626482972
16626482975
16626482976
16626482987
16626483007
16626483017
16626483027
16626483037
16626483057
16626483067
16626483072
16626483073
16626483075
16626483076
16626483079
16626483087
16626483097
16626483107
16626483117
16626483127
16626483167
16626483170
16626483171
16626483173
16626483175
16626483179
16626483187
16626483207
16626483217
16626483227
16626483237
16626483257
16626483267
16626483270
16626483271
16626483272
16626483273
16626483275
16626483279
16626483287
16626483297
16626483307
16626483327
16626483357
16626483370
16626483371
16626483375
16626483376
16626483379
16626483397
16626483507
16626483517
16626483527
16626483537
16626483557
16626483570
16626483571
16626483572
16626483573
16626483576
16626483597
16626483607
16626483617
16626483627
16626483637
16626483657
16626483671
16626483672
16626483675
16626483676
16626483679
16626483697
16626483701
16626483702
16626483703
16626483705
16626483706
16626483707
16626483708
16626483709
16626483710
16626483712
16626483713
16626483715
16626483716
16626483717
16626483719
16626483720
16626483721
16626483723
16626483725
16626483726
16626483727
16626483730
16626483731
16626483735
16626483736
16626483750
16626483756
16626483757
16626483758
16626483759
16626483760
16626483761
16626483762
16626483763
16626483765
16626483767
16626483768
16626483769
16626483771
16626483772
16626483775
16626483779
16626483781
16626483782
16626483783
16626483785
16626483791
16626483792
16626483795
16626483796
16626483798
16626483827
16626483857
16626483867
16626483870
16626483871
16626483872
16626483875
16626483876
16626483879
16626483897
16626483907
16626483917
16626483927
16626483937
16626483957
16626483970
16626483971
16626483972
16626483973
16626483975
16626483978
16626483987
16626483997
16626485017
16626485027
16626485037
16626485067
16626485071
16626485072
16626485073
16626485075
16626485076
16626485087
16626485097
16626485107
16626485137
16626485157
16626485167
16626485171
16626485172
16626485173
16626485175
16626485179
16626485187
16626485197
16626485217
16626485237
16626485257
16626485267
16626485271
16626485272
16626485273
16626485275
16626485279
16626485287
16626485307
16626485317
16626485327
16626485337
16626485367
16626485370
16626485371
16626485373
16626485376
16626485379
16626485387
16626485397
16626485507
16626485517
16626485527
16626485537
16626485571
16626485572
16626485573
16626485579
16626485587
16626485607
16626485617
16626485627
16626485637
16626485657
16626485667
16626485670
16626485671
16626485672
16626485673
16626485675
16626485676
16626485679
16626485687
16626485697
16626485701
16626485702
16626485703
16626485705
16626485707
16626485708
16626485709
16626485710
16626485712
16626485713
16626485715
16626485716
16626485717
16626485719
16626485720
16626485721
16626485723
16626485725
16626485726
16626485727
16626485729
16626485730
16626485732
16626485736
16626485737
16626485739
16626485750
16626485751
16626485752
16626485753
16626485758
16626485759
16626485760
16626485761
16626485762
16626485763
16626485765
16626485767
16626485768
16626485769
16626485772
16626485775
16626485779
16626485781
16626485783
16626485785
16626485786
16626485790
16626485791
16626485795
16626485797
16626485798
16626485807
16626485827
16626485837
16626485867
16626485870
16626485872
16626485873
16626485875
16626485879
16626485897
16626485907
16626485917
16626485927
16626485937
16626485957
16626485967
16626485971
16626485972
16626485973
16626485975
16626485976
16626485978
16626485979
16626485987
16626485997
16626486027
16626486037
16626486057
16626486067
16626486072
16626486073
16626486075
16626486076
16626486087
16626486107
16626486127
16626486137
16626486167
16626486171
16626486172
16626486173
16626486175
16626486197
16626486207
16626486227
16626486237
16626486257
16626486267
16626486270
16626486271
16626486272
16626486273
16626486275
16626486276
16626486279
16626486287
16626486297
16626486307
16626486317
16626486327
16626486337
16626486357
16626486367
16626486370
16626486371
16626486372
16626486373
16626486375
16626486376
16626486378
16626486379
16626486387
16626486397
16626486507
16626486517
16626486527
16626486537
16626486557
16626486570
16626486571
16626486573
16626486575
16626486576
16626486578
16626486587
16626486597
16626486627
16626486637
16626486657
16626486670
16626486673
16626486679
16626486697
16626486701
16626486703
16626486705
16626486706
16626486707
16626486709
16626486710
16626486712
16626486713
16626486715
16626486716
16626486717
16626486718
16626486719
16626486720
16626486723
16626486725
16626486728
16626486730
16626486731
16626486732
16626486736
16626486737
16626486750
16626486751
16626486752
16626486756
16626486759
16626486760
16626486761
16626486762
16626486763
16626486765
16626486770
16626486771
16626486772
16626486779
16626486782
16626486783
16626486785
16626486791
16626486792
16626486795
16626486797
16626486798
16626486817
16626486827
16626486837
16626486857
16626486870
16626486871
16626486873
16626486875
16626486876
16626486879
16626486897
16626486907
16626486917
16626486927
16626486937
16626486957
16626486967
16626486971
16626486973
16626486975
16626486978
16626486979
16626486987
16626487002
16626487013
16626487015
16626487016
16626487019
16626487020
16626487021
16626487023
16626487025
16626487027
16626487029
16626487030
16626487031
16626487032
16626487035
16626487037
16626487038
16626487039
16626487051
16626487052
16626487053
16626487056
16626487057
16626487061
16626487062
16626487063
16626487065
16626487067
16626487069
16626487072
16626487073
16626487075
16626487076
16626487078
16626487079
16626487081
16626487082
16626487083
16626487086
16626487089
16626487090
16626487091
16626487092
16626487095
16626487096
16626487097
16626487101
16626487102
16626487103
16626487105
16626487106
16626487107
16626487108
16626487109
16626487112
16626487113
16626487115
16626487119
16626487126
16626487127
16626487128
16626487129
16626487130
16626487131
16626487132
16626487135
16626487136
16626487137
16626487139
16626487150
16626487151
16626487152
16626487153
16626487156
16626487157
16626487160
16626487161
16626487163
16626487167
16626487170
16626487172
16626487173
16626487175
16626487176
16626487179
16626487181
16626487182
16626487183
16626487185
16626487187
16626487190
16626487193
16626487195
16626487196
16626487197
16626487201
16626487202
16626487203
16626487205
16626487207
16626487208
16626487209
16626487212
16626487213
16626487216
16626487217
16626487219
16626487221
16626487223
16626487231
16626487235
16626487236
16626487237
16626487238
16626487239
16626487250
16626487251
16626487252
16626487253
16626487256
16626487257
16626487259
16626487260
16626487261
16626487262
16626487267
16626487271
16626487273
16626487275
16626487276
16626487278
16626487279
16626487280
16626487282
16626487283
16626487285
16626487286
16626487287
16626487291
16626487292
16626487293
16626487295
16626487297
16626487301
16626487302
16626487303
16626487305
16626487306
16626487307
16626487308
16626487312
16626487313
16626487315
16626487316
16626487318
16626487319
16626487320
16626487321
16626487323
16626487325
16626487326
16626487328
16626487329
16626487330
16626487332
16626487335
16626487336
16626487350
16626487351
16626487352
16626487353
16626487356
16626487357
16626487359
16626487360
16626487361
16626487362
16626487363
16626487365
16626487367
16626487370
16626487371
16626487375
16626487378
16626487379
16626487382
16626487385
16626487386
16626487387
16626487389
16626487390
16626487391
16626487392
16626487393
16626487397
16626487398
16626487501
16626487506
16626487508
16626487510
16626487512
16626487515
16626487516
16626487517
16626487521
16626487523
16626487527
16626487528
16626487529
16626487531
16626487532
16626487535
16626487536
16626487537
16626487538
16626487539
16626487550
16626487551
16626487552
16626487560
16626487562
16626487563
16626487569
16626487570
16626487571
16626487572
16626487573
16626487576
16626487579
16626487581
16626487583
16626487585
16626487586
16626487587
16626487589
16626487590
16626487593
16626487595
16626487596
16626487597
16626487601
16626487602
16626487603
16626487605
16626487607
16626487609
16626487610
16626487612
16626487613
16626487615
16626487616
16626487617
16626487619
16626487620
16626487621
16626487623
16626487625
16626487627
16626487628
16626487629
16626487630
16626487631
16626487632
16626487636
16626487639
16626487650
16626487651
16626487652
16626487653
16626487657
16626487658
16626487659
16626487660
16626487662
16626487665
16626487670
16626487673
16626487675
16626487679
16626487681
16626487683
16626487687
16626487689
16626487691
16626487692
16626487693
16626487695
16626487696
16626487697
16626487702
16626487703
16626487705
16626487706
16626487712
16626487713
16626487715
16626487716
16626487719
16626487723
16626487725
16626487726
16626487730
16626487731
16626487735
16626487736
16626487739
16626487750
16626487752
16626487756
16626487759
16626487760
16626487761
16626487762
16626487765
16626487769
16626487781
16626487782
16626487783
16626487790
16626487791
16626487792
16626487795
16626487802
16626487803
16626487805
16626487807
16626487809
16626487810
16626487812
16626487813
16626487815
16626487819
16626487820
16626487821
16626487825
16626487826
16626487829
16626487830
16626487831
16626487832
16626487835
16626487837
16626487839
16626487851
16626487853
16626487859
16626487861
16626487863
16626487865
16626487869
16626487870
16626487871
16626487873
16626487875
16626487883
16626487895
16626487896
16626487901
16626487902
16626487903
16626487908
16626487909
16626487910
16626487912
16626487915
16626487916
16626487917
16626487919
16626487920
16626487921
16626487925
16626487926
16626487927
16626487929
16626487930
16626487931
16626487932
16626487936
16626487937
16626487950
16626487953
16626487956
16626487958
16626487959
16626487960
16626487961
16626487962
16626487963
16626487965
16626487967
16626487969
16626487970
16626487971
16626487973
16626487980
16626487981
16626487982
16626487983
16626487985
16626487990
16626487991
16626487992
16626488017
16626488037
16626488057
16626488070
16626488071
16626488072
16626488075
16626488076
16626488079
16626488097
16626488137
16626488157
16626488167
16626488176
16626488179
16626488197
16626488207
16626488257
16626488267
16626488270
16626488275
16626488276
16626488287
16626488297
16626488307
16626488317
16626488357
16626488367
16626488370
16626488371
16626488372
16626488373
16626488507
16626488557
16626488570
16626488571
16626488575
16626488579
16626488597
16626488627
16626488657
16626488670
16626488671
16626488676
16626488697
16626488701
16626488703
16626488705
16626488706
16626488710
16626488712
16626488713
16626488715
16626488716
16626488718
16626488719
16626488721
16626488727
16626488730
16626488731
16626488732
16626488736
16626488750
16626488751
16626488752
16626488753
16626488757
16626488759
16626488761
16626488762
16626488763
16626488771
16626488772
16626488775
16626488780
16626488781
16626488782
16626488785
16626488790
16626488791
16626488792
16626488795
16626488796
16626488797
16626488907
16626488917
16626488937
16626488967
16626488972
16626488973
16626488975
16626488976
16626488979
16626489017
16626489027
16626489037
16626489057
16626489067
16626489070
16626489071
16626489073
16626489075
16626489076
16626489078
16626489087
16626489107
16626489127
16626489137
16626489157
16626489167
16626489172
16626489173
16626489175
16626489176
16626489178
16626489179
16626489197
16626489207
16626489217
16626489237
16626489257
16626489267
16626489270
16626489271
16626489272
16626489273
16626489275
16626489276
16626489287
16626489297
16626489307
16626489317
16626489327
16626489357
16626489367
16626489370
16626489371
16626489373
16626489375
16626489376
16626489378
16626489387
16626489397
16626489507
16626489517
16626489527
16626489537
16626489557
16626489570
16626489571
16626489572
16626489573
16626489575
16626489576
16626489578
16626489579
16626489587
16626489617
16626489627
16626489637
16626489657
16626489667
16626489670
16626489672
16626489673
16626489675
16626489676
16626489679
16626489697
16626489701
16626489703
16626489705
16626489706
16626489707
16626489708
16626489709
16626489710
16626489712
16626489713
16626489715
16626489716
16626489717
16626489718
16626489719
16626489721
16626489725
16626489726
16626489727
16626489728
16626489729
16626489730
16626489731
16626489735
16626489736
16626489737
16626489738
16626489752
16626489753
16626489757
16626489759
16626489761
16626489762
16626489765
16626489767
16626489773
16626489776
16626489779
16626489780
16626489781
16626489783
16626489786
16626489787
16626489790
16626489791
16626489792
16626489793
16626489795
16626489807
16626489817
16626489827
16626489837
16626489857
16626489867
16626489871
16626489872
16626489875
16626489879
16626489917
16626489927
16626489967
16626489971
16626489972
16626489973
16626489975
16675906934
16675910694
16675912854
16675913041
16675913402
16675914974
16675915304
16675916394
16675918943
16675919524
16675923047
16675923604
16675924374
16675924604
16675925742
16675926247
16675927347
16675928044
16675928143
16675928451
16675928463
16675928465
16675928471
16675933457
16675933467
16675933496
16675933497
16675933541
16675933547
16675933564
16675933584
16675933604
16675933624
16675933674
16675933742
16675934013
16675934015
16675934026
16675934031
16675934054
16675934072
16675934079
16675934087
16675934093
16675934096
16675934124
16675934143
16675934161
16675934164
16675934165
16675934175
16675934179
16675934193
16675934201
16675934207
16675934210
16675934212
16675934215
16675934216
16675934232
16675934247
16675934249
16675934261
16675934279
16675934292
16675934297
16675934301
16675934305
16675934312
16675934325
16675934351
16675934367
16675934371
16675934372
16675934467
16675934506
16675934514
16675934529
16675934531
16675934565
16675934571
16675934594
16675934597
16675934604
16675934610
16675934615
16675934621
16675934641
16675934650
16675934651
16675934670
16675934679
16675934690
16675934703
16675934704
16675934735
16675934743
16675934751
16675934752
16675934764
16675934784
16675934791
16675934794
16675934795
16675934796
16675934804
16675934815
16675934823
16675934840
16675934862
16675934897
16675934937
16675934941
16675934953
16675934964
16675935014
16675935064
16675935104
16675935124
16675935130
16675935140
16675935143
16675935147
16675935149
16675935154
16675935174
16675935243
16675935245
16675935249
16675935284
16675935346
16675935374
16675935404
16675935421
16675935436
16675935439
16675935461
16675935475
16675935476
16675935480
16675935494
16675935495
16675935614
16675935634
16675935643
16675935654
16675935704
16675935740
16675935741
16675935742
16675935754
16675935794
16675935804
16675935843
16675935892
16675935943
16675938254
16675938264
16675938274
16675938324
16675938347
16675938364
16675938374
16675938401
16675938402
16675938406
16675938409
16675938410
16675938412
16675938413
16675938415
16675938416
16675938417
16675938423
16675938427
16675938429
16675938430
16675938450
16675938461
16675938462
16675938463
16675938464
16675938465
16675938467
16675938470
16675938472
16675938473
16675938475
16675938476
16675938479
16675938492
16675938495
16675938504
16675938514
16675938540
16675938542
16675938543
16675938546
16675938547
16675938549
16675938564
16675938594
16675938604
16675938614
16675938624
16675938634
16675938640
16675938641
16675938643
16675938644
16675938645
16675938646
16675938647
16675938674
16675938714
16675938724
16675938734
16675938740
16675938750
16675938764
16675938767
16675938904
16675938914
16675938934
16675938940
16675938942
16675938944
16675938964
16675939014
16675939040
16675939041
16675939042
16675939045
16675939047
16675939054
16675939074
16675939124
16675939140
16675939144
16675939146
16675939154
16675939157
16675939164
16675939204
16675939243
16675939247
16675939249
16675939254
16675939284
16675939401
16675939407
16675939414
16675939416
16675939424
16675939457
16675939462
16675939463
16675939470
16675939472
16675939492
16675939542
16675939574
16675939584
16675939704
16675939724
16675939743
16675939747
16675939749
16675939764
16675939784
16675939834
16675950243
16675950247
16675950384
16675950472
16675950646
16675950794
16675950843
16675951042
16675951045
16675951084
16675951094
16675951249
16675951284
16675951429
16675951483
16675951487
16675951645
16675951675
16675951742
16675951804
16675951843
16675951874
16675952164
16675952174
16675952461
16675952495
16675952564
16675952641
16675952754
16675952764
16675952874
16675952894
16675952940
16675952941
16675952945
16675953047
16675953054
16675953149
16675953204
16675953240
16675953247
16675953274
16675953427
16675953452
16675953504
16675953605
16675953642
16675953647
16675953754
16675953854
16675953945
16675954047
16675954067
16675954073
16675954137
16675954184
16675954187
16675954193
16675954237
16675954249
16675954250
16675954263
16675954275
16675954290
16675954293
16675954294
16675954315
16675954317
16675954350
16675954387
16675954397
16675954531
16675954571
16675954572
16675954573
16675954580
16675954601
16675954614
16675954619
16675954629
16675954631
16675954641
16675954670
16675954687
16675954694
16675954697
16675954713
16675954725
16675954729
16675954761
16675954790
16675954793
16675954805
16675954852
16675954930
16675954951
16675954971
16675954974
16675955754
16675955834
16675955849
16675956043
16675956045
16675956074
16675956142
16675956174
16675956214
16675956274
16675956314
16675956341
16675956394
16675956409
16675956425
16675956431
16675956435
16675956472
16675956492
16675956504
16675956574
16675956824
16675957154
16675957264
16675957294
16675957341
16675957394
16675957614
16675957649
16675957847
16675958014
16675958034
16675958064
16675958124
16675958174
16675958264
16675958294
16675958324
16675958412
16675958415
16675958460
16675958472
16675958479
16675958540
16675958634
16675958640
16675958740
16675958742
16675958784
16675958947
16675958974
17576826957
17576826975
17576826987
17576827359
17576827376
17576827635
17576827639
17576827675
17576827685
17576827805
17576827829
17576827852
17576827861
17576827906
17576827910
17576827913
17576827935
17576827957
17576827967
17576827981
17576827982
17576828301
17576828306
17576828309
17576828371
17576828372
17576828476
17576828480
17576828495
17576828497
17576828504
17576828509
17576828514
17576828517
17576828525
17576828534
17576828540
17576828546
17576828547
17576828554
17576828560
17576828584
17576828590
17576828594
17576828634
17576828902
17576828905
17576828925
17576828929
17576828930
17576828936
17576828951
17576828957
17576828965
17576828967
17576828970
17576828973
17576829015
17576829016
17576829026
17576829031
17576829036
17576829037
17576829052
17576829053
17576829056
17576829062
17576829065
17576829079
17576829102
17576829103
17576829143
17576829146
17576829147
17576829154
17576829164
17576829204
17576829214
17576829224
17576829246
17576829275
17576829280
17576829283
17576829295
17576829301
17576829303
17576829305
17576829314
17576829346
17576829350
17576829352
17576829353
17576829354
17576829357
17576829359
17576829362
17576829363
17576829365
17576829367
17576829370
17576829371
17576829802
17576829803
17576829807
17576829812
17576829814
17576829821
17576831416
17576831417
17576831420
17576831423
17576831424
17576831425
17576831426
17576831427
17576831428
17576831429
17576831432
17576831434
17576831435
17576831436
17576831440
17576831442
17576831445
17576831446
17576831449
17576831450
17576831451
17576831452
17576831454
17576831457
17576831459
17576831465
17576831467
17576831468
17576831469
17576831470
17576831471
17576831472
17576831474
17576831475
17576831484
17576831485
17576831486
17576831487
17576831489
17576831494
17576831495
17576831496
17576831497
17576831498
17576831541
17576831544
17576831545
17576831547
17576831549
17576831554
17576831574
17576831584
17576831604
17576831624
17576831634
17576831641
17576831644
17576831645
17576831647
17576831648
17576831654
17576831664
17576831674
17576831684
17576831704
17576831714
17576831724
17576831734
17576831741
17576831742
17576831744
17576831745
17576831749
17576831754
17576831764
17576831784
17576831794
17576831804
17576831824
17576831829
17576831830
17576831834
17576831835
17576831836
17576831839
17576831841
17576831844
17576831846
17576831847
17576831848
17576831849
17576831851
17576831852
17576831854
17576831857
17576831861
17576831862
17576831863
17576831865
17576831872
17576831873
17576831874
17576831875
17576831876
17576831890
17576831892
17576831894
17576831904
17576831906
17576831907
17576831908
17576831910
17576831912
17576831916
17576831917
17576831920
17576831921
17576831923
17576831924
17576832205
17576832207
17576832209
17576832213
17576832214
17576832215
17576832219
17576832235
17576832241
17576832247
17576832251
17576832253
17576832254
17576832257
17576832264
17576832265
17576832269
17576832271
17576832273
17576832278
17576832281
17576832284
17576832285
17576832291
17576832293
17576832294
17576832295
17576832297
17576832301
17576832302
17576832304
17576832305
17576832306
17576832307
17576832309
17576832312
17576832314
17576832315
17576832316
17576832319
17576832325
17576832331
17576832354
17576832359
17576832360
17576832361
17576832364
17576832370
17576832374
17576832375
17576832376
17576832382
17576832387
17576832389
17576832392
17576832396
17576832803
17576832810
17576832812
17576832813
17576832814
17576832816
17576832817
17576832818
17576832820
17576832823
17576832824
17576832834
17576832835
17576832839
17576832850
17576832852
17576832853
17576832854
17576832860
17576832862
17576832863
17576832864
17576832865
17576832871
17576832872
17576832874
17576832875
17576832884
17576832891
17576832894
17576832895
17576832901
17576832902
17576832904
17576832912
17576832921
17576832924
17576832926
17576832932
17576832937
17576832944
17576832952
17576832954
17576832956
17576832957
17576832961
17576832963
17576832967
17576832970
17576832971
17576832975
17576832976
17576832987
17576833007
17576833027
17576833037
17576833076
17576833107
17576833137
17576833171
17576833172
17576833173
17576833176
17576833179
17576833187
17576833237
17576833271
17576833273
17576833276
17576833371
17576833527
17576833557
17576833571
17576833572
17576833573
17576833575
17576833576
17576833807
17576833827
17576833837
17576833867
17576833871
17576833872
17576833897
17576833927
17576833937
17576833957
17576833970
17576833973
17576833987
17576835027
17576835037
17576835057
17576835067
17576835071
17576835075
17576835076
17576835078
17576835087
17576835097
17576835107
17576835127
17576835137
17576835167
17576835170
17576835171
17576835172
17576835176
17576835179
17576835187
17576835507
17576835517
17576835527
17576835570
17576835572
17576835573
17576835576
17576835587
17576835597
17576835627
17576835637
17576835670
17576835671
17576835673
17576835675
17576835676
17576835679
17576835697
17576835701
17576835706
17576835708
17576835709
17576835710
17576835712
17576835715
17576835718
17576835719
17576835720
17576835721
17576835723
17576835725
17576835726
17576835729
17576835731
17576835732
17576835735
17576835737
17576835738
17576835739
17576835750
17576835752
17576835753
17576835756
17576835760
17576835761
17576835762
17576835763
17576835767
17576835770
17576835772
17576835776
17576835780
17576835781
17576835782
17576835783
17576835786
17576835790
17576835792
17576835793
17576835795
17576835796
17576835797
17576835798
17576836007
17576836017
17576836027
17576836037
17576836057
17576836067
17576836071
17576836076
17576836079
17576836087
17576836097
17576836107
17576836117
17576836127
17576836137
17576836157
17576836170
17576836171
17576836172
17576836173
17576836176
17576836179
17576836187
17576836197
17576836207
17576836217
17576836237
17576836257
17576836267
17576836270
17576836272
17576836273
17576836275
17576836276
17576836287
17576836297
17576836307
17576836317
17576836327
17576836357
17576836370
17576836372
17576839471
17576839476
17576839491
17576839542
17576839574
17576839620
17576839623
17576839624
17576839627
17576839642
17576839671
17576839684
17576839713
17576839741
17576839814
17576839835
17576839846
17576839847
17576839871
17607591083
17676501561
17676501594
17676501702
17676501706
17676501731
17676502024
17676502043
17676502764
17676502834
17676503195
17676503254
17676503540
17676503645
17676503764
17676503784
17676503892
17676504292
17676504396
17676504627
17676504632
17676504701
17676504735
17676504827
17676504853
17676504854
17676504967
17676505407
17676505416
17676505463
17676505697
17676506249
17676506264
17676506284
17676506402
17676506490
17676506915
17676506932
17676507151
17676507180
17676509210
17676509231
17676509305
17676509320
17676518375
17676518796
17676519365
17676519395
17676519507
17676519560
17676519572
17676519785
17676519827
17676535901
18575917114
18575931435
18575931492
18575931496
18575931964
18575932147
18575932450
18575932492
18575932624
18575934852
18575934962
18575935424
18575935429
18575935495
18575936104
18575936641
18575936934
18575937242
18575937304
18575937401
18575937402
18575937403
18575937437
18575937447
18575937647
18575937754
18575937894
18575937934
18575953072
18575956241
18575956723
18575956867
18575963947
18575966734
18575969746
18607597429
18607597944
18607598406
18607598641
18607599465
18666710240
18666710446
18675995241
18675995465
25411270427