13070060192
13070061590
13070061638
13070061672
13070061851
13070061956
13070062150
13070062209
13070062267
13070062308
13070062317
13070062397
13070062639
13070062695
13070062698
13070062781
13070062913
13070063071
13070063152
13070063185
13070063253
13070063258
13070063268
13070063279
13070063569
13070063579
13070063626
13070063658
13070063752
13070063753
13070063853
13070063872
13070063897
13070065069
13070065236
13070065369
13070065376
13070065512
13070065569
13070065571
13070065713
13070065796
13070065890
13070065891
13070065923
13070065932
13070065972
13070065980
13070066092
13070066182
13070066191
13070066192
13070066201
13070066253
13070066271
13119080298
13119080379
13119081079
13119081528
13119081658
13119081681
13119081769
13119081790
13119081823
13119081872
13119081906
13119081913
13119082016
13119082027
13119082031
13119082065
13119082128
13119082163
13119082269
13119082289
13119082325
13119082339
13119082365
13119082398
13119082537
13119082578
13119082598
13119082602
13119082617
13119082636
13119082662
13119082671
13119082695
13119082697
13119082703
13119082719
13119082756
13119082765
13119082809
13119082862
13119082863
13119082873
13119082885
13119082935
13119082969
13119082993
13119083067
13119083129
13119083157
13119083168
13119083172
13119083251
13119083269
13119083292
13119083301
13119083396
13119083501
13119083503
13119083552
13119083569
13119083578
13119083580
13119083581
13119083593
13119083597
13119083618
13119083669
13119083679
13119083698
13119083709
13119083713
13119083728
13119083730
13119083768
13119083786
13119083817
13119083823
13119083850
13119083857
13119083871
13119083890
13119083958
13119083967
13119083972
13119083978
13119085023
13119085131
13119085190
13119085197
13119085213
13119085279
13119085292
13119085312
13119085371
13119085385
13119085507
13119085526
13119085576
13119085582
13119085596
13119085638
13119085702
13119085728
13119085736
13119085738
13119085750
13119085798
13119085802
13119085805
13119085806
13119085823
13119085826
13119085870
13119085873
13119085876
13119085897
13119085915
13119085979
13119086067
13119086076
13119086195
13119086252
13119086259
13119086269
13119086283
13119086312
13119086318
13119086326
13119086357
13119086360
13119086396
13119086397
13179860359
13179860591
13179860632
13179860681
13179860682
13179860710
13179860771
13179860796
13179860857
13179860892
13179860931
13179861039
13179861058
13179861059
13179861086
13179861096
13179861097
13179861282
13179861289
13179861297
13179861298
13179861305
13179861336
13179861351
13179861353
13179861359
13179861368
13179861375
13179861385
13179861387
13179861389
13179861396
13179861501
13179861582
13179861592
13179861630
13179861635
13179861637
13179861653
13179861671
13179861673
13179861675
13179861682
13179861685
13179861689
13179861692
13179861693
13179861701
13179861712
13179861713
13179861725
13179861736
13179861751
13179861760
13179861763
13179861778
13179861783
13179861791
13179861801
13179861809
13179861823
13179861829
13179861836
13179861839
13179861850
13179861857
13179861862
13179861865
13179861878
13179861890
13179861912
13179861917
13179861925
13179861931
13179861936
13179861937
13179861952
13179861953
13179861956
13179861970
13179861971
13179861973
13179861982
13179861983
13179861992
13179862027
13179862036
13179862201
13179862206
13179862210
13179862251
13179862259
13179862261
13179862276
13179862371
13179862589
13179862665
13179862671
13179862673
13179862685
13179862692
13179862693
13179862696
13179862706
13179862715
13179862726
13179862730
13179862760
13179862762
13179862786
13179862792
13179862796
13179862830
13179862836
13179862856
13179862867
13179862869
13179862891
13179862893
13179862897
13179862908
13179862918
13179862926
13179862932
13179862937
13179862951
13179862953
13179862956
13179862965
13179862967
13179862968
13179862976
13179862995
13179863013
13179863023
13179863028
13179863052
13179863053
13179863062
13179863069
13179863082
13179863087
13179863089
13179863097
13179863103
13179863109
13179863125
13179863126
13179863127
13179863129
13179863130
13179863152
13179863157
13179863158
13179863159
13179863160
13179863161
13179863162
13179863185
13179863192
13179863197
13179863201
13179863205
13179863206
13179863207
13179863209
13179863212
13179863215
13179863216
13179863217
13199750172
13199750173
13199750185
13199750320
13199750352
13199750392
13199750397
13199750568
13199750582
13199750626
13199750635
13199750659
13199750736
13199750759
13199750791
13199750796
13199750926
13199750935
13199750973
13199751039
13199751065
13199751270
13199751272
13199751290
13199751296
13199751298
13199751305
13199751382
13199751391
13199751392
13199751398
13199751503
13199751512
13199751527
13199751557
13199751568
13199751578
13199751605
13199751607
13199751612
13199751619
13199751625
13199751639
13199751651
13199751653
13199751673
13199751687
13199751689
13199751696
13199751701
13199751703
13199751705
13199751708
13199751725
13199751726
13199751732
13199751739
13199751760
13199751762
13199751781
13199751790
13199751795
13199751798
13199751832
13199751839
13199751856
13199751857
13199751859
13199751861
13199751869
13199751873
13199751890
13199751903
13199751925
13199751932
13199751961
13199751963
13199751981
13199752138
13199752139
13199752152
13199752158
13199752162
13199752163
13199752175
13199752176
13199752182
13199752186
13199752187
13199752193
13199752196
13199752198
13199752210
13199752230
13199752239
13199752251
13199752260
13199752263
13199752267
13199752268
13199752279
13199752303
13199752307
13199752318
13199752329
13199752335
13199752339
13199752350
13199752356
13199752359
13199752378
13199752387
13199752501
13199752529
13199752531
13199752537
13199752569
13199752583
13199752592
13199752596
13199752602
13199752603
13199752609
13199752610
13199752612
13199752615
13199752616
13199752620
13199752657
13199752663
13199752670
13199752686
13199752689
13199752701
13199752706
13199752710
13199752712
13199752713
13199752718
13199752738
13199752739
13199752756
13199752760
13199752762
13199752767
13199752783
13199752793
13199752801
13199752802
13199752810
13199752829
13199752831
13199752853
13199752861
13199752879
13199752891
13199752892
13199752903
13199752951
13199752968
13199752969
13199752978
13199752983
13199753018
13199753023
13199753027
13199753059
13199753061
13199753065
13199753067
13199753078
13199753079
13199753081
13199753082
13199753085
13199753091
13199753103
13199753108
13199753119
13199753127
15699080687
15699081703
15699081723
15699081751
15699081762
15699081769
15699081865
15699081871
15699081929
15699082061
15699082076
15699082081
15699082085
15699082087
15699082097
15699082102
15699082105
15699082150
15699082152
15699082159
15699082165
15699082170
15699082185
15699082239
15699082263
15699082281
15699082282
15699082319
15699082373
15699082375
15699082390
15699082510
15699082516
15699082596
15699082621
15699082650
15699082671
15699082683
15699082708
15699082758
15699082767
15699082770
15699082779
15699082780
15699082813
15699082873
15699082879
15699082901
15699082950
15699082971
15699083013
15699083037
15699083039
15699083051
15699083053
15699083058
15699083067
15699083068
15699083071
15699083072
15699083087
15699083089
15699083095
15699083127
15699083153
15699083156
15699083183
15699083189
15699083193
15699083207
15699083267
15699083291
15699083292
15699083297
15699083298
15699083317
15699083375
15699083376
15699083502
15699083505
15699083509
15699083513
15699083526
15699083532
15699083559
15699083561
15699083562
15699083563
15699083571
15699083576
15699083578
15699083586
15699083587
15699083605
15699083615
15699083675
15699083679
15699083680
15699083685
15699083689
15699083695
15699083701
15699083703
15699083705
15699083731
15699083739
15699083751
15699083752
15699083781
15699083785
15699083795
15699083798
15699083812
15699083827
15699083829
15699083852
15699083857
15699083909
15699083915
15699083917
15699083923
15699083932
15699083961
15699083981
15699083985
15699083987
15699083996
15699085013
15699085015
15699085035
15699085056
15699085073
15699085078
15699085079
15699085083
15699085089
15699085105
15699085109
15699085136
15699085169
15699085195
15699085239
15699085269
15699085278
15699085293
15699085295
15699085301
15699085305
15699085327
15699085337
15699085351
15699085357
15699085373
15699085385
15699085391
15699085576
15699085619
15699085662
15699085695
15699085716
15699085750
15699085751
15699085765
15699085768
15699085779
15699085780
15699085809
15699085830
15699085835
15699085839
15699085850
15699085856
15699085862
15699085871
15699085872
15699085876
15699085887
15699085895
15699085896
15699085897
15699085901
15699085905
15699085906
15699085907
16609081364
16609081469
16609081482
16609081496
16609081574
16609081642
16609081643
16609081647
16609081673
16609081795
16609082046
16609082163
16609082167
16609082179
16609082369
16609082392
16609082415
16609082476
16609082495
16609082547
16609082562
16609082594
16609082604
16609082647
16609082694
16609082732
16609082746
16609082846
16609082864
16609082914
16609082943
16609082946
16609082964
16609082984
16609083091
16609083146
16609083149
16609083157
16609083194
16609083297
16609083478
16609083496
16609085019
16609085036
16609085047
16609085069
16609085073
16609085147
16609085170
16609085176
16609085193
16609085194
16609085196
16609085271
16609085274
16609085283
16609085284
16609085293
16609085305
16609085325
16609085341
16609085361
16609085365
16609085476
16609085485
16609085487
16609085493
16609085497
16609085602
16609085603
16609085619
16609085629
16609085639
16609085641
16609085672
16609085681
16609085714
16609085739
16609085760
16609085764
16609085768
16609085783
16609085792
16609085794
16609085813
16609085863
16609085865
16609085892
16609085895
16609085914
16609085916
16609085937
16609085943
16609085951
16609085953
16609085967
16609085970
16609085971
16609085973
16609085980
16609086037
16609086051
16609086073
16609086083
16609086092
16609086140
16609086145
16609086152
16609086157
16609086179
16609086189
16609086201
16609086239
16609086281
16609086282
16609086283
16609086285
16609086291
16609086294
16609086296
16609086297
16609086329
16609086358
16609086525
16609086537
16609086538
16609086569
16609086583
16609086708
16609086731
16609086815
16609086851
16609086852
16609086862
16609087142
16609087154
16609087184
16609087293
16609087325
16609087348
16609087396
16609087429
16609087439
16609087461
16609087462
16609087489
16609087491
16609087493
16609087497
16609087498
16609087532
16609087539
16609087562
16609087591
16609087841
16609087851
16609087864
16609088374
16609088547
16609088635
16609088709
16609088713
16609088735
16609089137
16609089164
16609089246
16609089263
16609089265
16609089312
16609089349
16609089357
16609089367
16609089382
16609089405
16609089453
16609089461
16609089486
16609089523
16609089534
16609089543
16609089562
16609089570
16609089632
16609089637
16609089647
16609089712
16609089762
16609089814
16609089851
16609089860
17609081786
17609081793
17609081795
17609081943
17609082309
17609082376
17609082593
17609082935
17609082965
17609083246
17609083472
17609083785
17609083952
17609084069
17609084679
17609084965
17609085239
17609085492
17609085493
17609085793
17609086147
17609086453
17609087254
17609087846
18509080279
18509081183
18509081336
18509081379
18509081965
18509081975
18509082108
18509082113
18509082191
18509082531
18509082561
18509082591
18509083027
18509083372
18509086017
18509086215
18509086726
18509086728
18509086729
18509086730
18509086731
18509086732
18509086736
18509086739
18509086750
18509086751
18509086759
18509086761
18509086763
18509086779
18509086921
18509086923
18609080582
18609080659
18609080671
18609081269
18609081283
18609081295
18609081327
18609081356
18609081526
18609081572
18609081621
18609081672
18609081673
18609081679
18609081703
18609081753
18609081769
18609081803
18609081809
18690800195
18690800253
18690800536
18690800682
18690800695
18690800752
18690800758
18690800763
18690800785
18690800851
18690800895
18690800897
18690800927
18690800935
18690800961
18690800962
18690800965
18690801059
18690801072
18690801093
18690801259
18690801297
18690801325
18690801360
18690801391
18690801396
18690801409
18690801416
18690801485
18690801501
18690801503
18690801596
18690801713
18690801768
18690801769
18690801795
18690801798
18690801807
18690801829
18690801830
18690801852
18690801950
18690801957
18690801985
18690802036
18690802059
18690802061
18690802068
18690802083
18690802093
18690802126
18690802171
18690802253
18690802263
18690802267
18690802279
18690802297
18690802378
18690802551
18690802609
18690802639
18690802657
18690802692
18690802703
18690802708
18690802723
18690802730
18690802760
18690802785
18690802791
18690802792
18690802793
18690802796
18690802805
18690802807
18690802865
18690802869
18690802891
18690802903
18690802913
18690802915
18690802923
18690802960
18690802961
18690802985
18690803019
18690803025
18690803056
18690803057
18690803059
18690803061
18690803062
18690803068
18690803076
18690803092
18690803106
18690803107
18690803126
18690803151
18690803152
18690803153
18690803156
18690803158
18690803187
18690803193
18690803209
18690803239
18690803265
18690803267
18690803276
18690803279
18690803316
18690803365
18690803396
18690803512
18690803601
18690803662
18690803670
18690803682
18690803687
18690803692
18690803693
18690803705
18690803718
18690803730
18690803732
18690803739
18690803750
18690803760
18690803762
18690803782
18690803801
18690803831
18690803851
18690803916
18690803920
18690805019
18690805023
18690805190
18690805263
18690805269
18690805280
18690805316
18690805339
18690805385
18690805510
18690805573
18690805578
18690805587
18690805597
18690805602
18690805615
18690805617
18690805619
18690805621
18690805637
18690805682
18690805685
18690805689
18690805697
18690805701
18690805708
18690805709
18690805720
18690805725
18690805735
18690805751
18690805793
18690805862
18690805863
18690805875
18690805879
18690805882
18690805890
18690805895
18690805905
18690805968
18690805985
18690806079
18690806095
18690806103
18690806130
18690806137
18690806150
18690806151
18690806157
18690806172
18690806173
18690806176
18690806182
18690806183
18690806187
18690806192
18690806201
18690806225
18690806239
18690806250
18690806259
18690806271
18690806278
18690806281
18690806297
18690806310
18690806312
18690806326
18690806327
18690806329
18690806357
18690806358
18690806361
18690806369
18690806376
18690806382
18690806385
18690806396
18690806397
18690806398
18690806501
18690806502
18690806523
18690806526
18690806529
18690806538
18690806539
18690806557
18690806559
18690806561
18690806569
18690806571
18690806572
18690806576
18690806586
18690806591
18690806597
18690806627
18690806679
18690806701
18690806703
18690806705
18690806708
18690806712
18690806716
18690806718
18690806735
18690806751
18690806752
18690806756
18690806762
18690806763
18690806772
18690807016
18690807019
18690807052
18690807063
18690807082
18690807103
18690807106
18690807121
18690807129
18690807137
18690807138
18690807139
18690807156
18690807162
18690807165
18690807167
18690807190
18690807197
18690807213
18690807230
18690807231
18690807250
18690807267
18690807289
18690807293
18690807305
18690807309
18690807316
18690807323
18690807351
18690807357
18690807361
18690807368
18690807380
18690807392
18690807398
18690807501
18690807529
18690807582
18690807587
18690807595
18690807602
18690807631
18690807635
18690807656
18690807673
18690807682
18690807683
18690807753
18690807762
18690807769
18690807810
18690807827
18690807862
18690807907
18690807908
18690807912
18690807913
18690807920
18690807927
18690807936
18690807937
18690807952
18690807961
18690807963
18690807983
18690807985
18690808152
18690808153
18690808156
18690808162
18690808169
18690808207
18690808236
18690808239
18690808257
18690808271
18690808275
18690808276
18690808278
18690808301
18690808972
18690809023
18690809130
18690809256
18690809362
18690809569
18690831078
18690831097
18690831172
18690831275
18690831276
18690831279
18690831289
18690831293
18690831327
18690832379
18690832609
18690832693
18690832701
18690832705
18690832736
18690832769
18690832893
18690832903
18690832936
18690832951
18690832962
18690832965
18690832975
18690833058
18690833059
18690833071
18690833087
91191220073
