13070321185
13070322931
13070327250
13070328931
13070336987
13119059507
13139831786
13209063751
13209066971
13209067195
13209067397
13209067691
13209068197
13209068261
13209069716
13289062231
15509060236
15509060727
15509060938
15509060951
15509060953
15509060971
15509060978
15509060982
15509060985
15509061053
15509061153
15509061173
15509061251
15509061252
15509061273
15509061279
15509061295
15509061357
15509061367
15509061390
15509061652
15509061726
15509061729
15509061763
15509061795
15509061859
15509061869
15509061932
15509061961
15509061967
15509062071
15509062081
15509062169
15509062173
15509062183
15509062517
15509062706
15509062895
15509062905
15509062917
15509062932
15509062967
15509062973
15509062985
15509063076
15509063085
15509063095
15509063096
15509063102
15509063106
15509063152
15509063156
15509063158
15509063167
15509063172
15509063173
15509063179
15509063185
15509063190
15509063192
15509063193
15509063196
15509063197
15509063250
15509063251
15509063256
15509063257
15509063259
15509063271
15509063273
15509063276
15509063280
15509063287
15509063295
15509063307
15509063325
15509063350
15509063379
15509063502
15509063510
15509063512
15509063517
15509063526
15509063527
15509063531
15509063539
15509063561
15509063563
15509063568
15509063569
15509063572
15509063576
15509063580
15509063593
15509063612
15509063615
15509063617
15509063629
15509063650
15509063675
15509063695
15509063703
15509063731
15509063761
15509063762
15509063763
15509063768
15509063786
15509063790
15509063807
15509063829
15509063832
15509063836
15509063853
15509063862
15509063865
15509063872
15509063876
15509063879
15509063891
15509063896
15509063903
15509063920
15509063931
15509063958
15509063961
15509063963
15509063965
15509063970
15509065128
15509065398
15509065792
15509065971
15509066137
15509066372
15509066523
15509067129
15509067136
15509067138
15509067150
15509067152
15509067158
15509067182
15509067187
15509067191
15509067192
15509067193
15509067201
15509067210
15509067226
15509067238
15509067253
15509067283
15509067285
15509067287
15509067289
15509067291
15509067306
15509067307
15509067339
15509067359
15509067367
15509067369
15509067385
15509067387
15509067396
15509067516
15509067523
15509067535
15509067537
15509067552
15509067561
15509067570
15509067572
15509067573
15509067583
15509067591
15509067592
15509067602
15509067607
15509067612
15509067629
15509067630
15509067652
15509067659
15509067690
15509067693
15509067720
15509067738
15509067739
15509067753
15509067805
15509067813
15509067821
15509067827
15509067832
15509067837
15509067859
15509067861
15509067863
15509067869
15509067906
15509067927
15509067928
15509067932
15509067935
15509067958
15509067963
15509067967
15509067970
15509067973
15509067982
15509067983
15509068021
15509068035
15509068062
15509068065
15509068093
15509068095
15509068097
15509068121
15509068126
15509068127
15509068128
15509068130
15509068131
15509068132
15509068137
15509068169
15509068173
15509068175
15509068192
15509068193
15509068195
15509068196
15509068209
15509068235
15509068237
15509068238
15509068239
15509068252
15509068253
15509068265
15509068291
15509068310
15509068312
15509068361
15509068365
15509068371
15509068376
15509068397
15509068501
15509068510
15509068526
15509068528
15509068570
15509068576
15509068590
15509068591
15509068613
15509068619
15509068632
15509068650
15509068675
15509068695
15509068702
15509068708
15509068732
15509068853
15509068873
15509068905
15509068915
15509068920
15509068931
15509068932
15509068935
15509068972
15509068976
15509068982
15509069023
15509069025
15509069027
15509069028
15509069029
15509069035
15509069053
15509069071
15509069083
15509069087
15509069103
15509069127
15509069137
15509069159
15509069160
15509069162
15509069165
15509069176
15509069185
15509069205
15509069210
15509069232
15509069235
15509069236
15509069238
15509069258
15509069260
15509069261
15509069263
15509069265
15509069267
15509069270
15509069271
15509069273
15509069275
15509069279
15509069281
15509069286
15509069295
15509069296
15509069307
15509069308
15509069310
15509069312
15509069360
15509069368
15509069371
15509069378
15509069391
15509069532
15509069565
15509069581
15509069582
15509069623
15509069629
15509069631
15509069636
15509069638
15509069650
15509069670
15509069675
15509069703
15509069705
15509069706
15509069708
15509069710
15509069721
15509069735
15509069737
15509069738
15509069752
15509069758
15509069762
15509069769
15509069783
15509069795
15509069803
15509069837
15509069859
15509069865
15509069927
15509069932
15509069937
15509069983
15699067805
15699067923
15699067970
15699068735
15699069130
15699069175
16609060371
16609062169
17609060283
17609060372
17609060373
17609060398
17609060587
17609060961
17609061035
17609061090
17609061167
17609061273
17609061308
17609061539
17609061581
17609061638
17609061701
17609061732
17609061737
17609061765
17609061780
17609061793
17609061803
17609061986
17609062075
17609062295
17609062392
17609062578
17609062785
17609062796
17609062805
17609062835
17609062867
17609062896
17609062950
17609062973
17609063057
17609063071
17609063139
17609063178
17609063275
17609063289
17609063302
17609063527
17609063627
17609063653
17609063658
17609063717
17609063721
17609063729
17609063765
17609063782
17609063783
17609063837
17609065031
17609065180
17609065187
17609065195
17609065260
17609065362
17609065682
17609065812
17609065826
17609065872
17609065879
17609065895
17609065923
17609065983
17609067073
17609067165
17609067236
17609067356
17609067507
17609067528
17609067531
17609067597
17609067705
17609067820
17609067925
17609067957
17609068196
17609068209
17609068223
17609068271
17609068396
17609068690
17609069036
17609069153
17609069185
17609069617
17609069632
17609069825
17609069871
18509051930
18509052175
18509052317
18509052935
18690618165
99546825928
