13040580196
13040580269
13040580657
13040580667
13040581039
13040581052
13040581075
13040581098
13040581262
13040581369
13040581637
13040581850
13040581875
13040581950
13040581952
13040582026
13040582106
13040582135
13040582151
13040582395
13040582508
13040582512
13040582609
13040582753
13040582812
13040582930
13040583013
13040583059
13040583102
13040583301
13040583327
13040583962
13040585281
13040585387
13040585396
13040585397
13040585725
13040585750
13040585753
13040586079
13040586391
13040586509
13040586637
13040586735
13040587021
13040587061
13040587067
13040587086
13040587102
13040587103
13040587107
13040587265
13040587267
13040587325
13040587338
13040587381
13040587513
13040587652
13040587662
13040587679
13040587695
13040587752
13040587839
13040587869
13040587892
13040587959
13040587960
13040588076
13040588105
13040588250
13040588579
13040588736
13040588762
13040588956
13040589257
13040589262
13040589589
13040589591
13040589706
13040589721
13040589731
13040589961
13070300569
13070301017
13070301538
13070301639
13070301673
13070302192
13070302329
13070303128
13070305089
13070305389
13070305576
13070305619
13070305623
13070306259
13070306279
13070306295
13070306579
13070306752
13070306795
13070306953
13070306982
13070307582
13070308250
13070308397
13070309721
13070309806
13070310257
13070310390
13070310583
13070310639
13070310867
13070310895
13070311780
13070311782
13070311826
13070311861
13070311862
13070311902
13070311905
13070312038
13070312307
13070312619
13070312620
13070312975
13070313095
13070313105
13070313185
13070313572
13070313718
13070313780
13070313796
13070313978
13070315315
13070315372
13070315386
13070315701
13070315972
13070316023
13070316137
13070316257
13070316398
13070316539
13070316670
13070316705
13070316852
13070317027
13070317216
13070317513
13070317589
13070317619
13070317630
13070317972
13070317980
13070318261
13070319032
13070319103
13070319712
13070319932
13095140057
13095140238
13095140253
13095140295
13095140327
13095140558
13095140570
13095140587
13095140872
13095141036
13095141057
13095141072
13095141229
13095141267
13095141337
13095141612
13095141625
13095141652
13095141928
13095141937
13095142078
13095142091
13095142097
13095142157
13095142218
13095142252
13095142279
13095142287
13095142305
13095142309
13095142332
13095142351
13095142381
13095142390
13095142396
13095142507
13095142572
13095142593
13095142612
13095142650
13095142662
13095142705
13095142716
13095142729
13095142730
13095142759
13095142765
13095142771
13095142782
13095142829
13095142837
13095142865
13095142893
13095142902
13095142932
13095142951
13095142952
13095142989
13095142995
13095143106
13095143196
13095143221
13095143226
13095143256
13095143617
13095143625
13095143628
13095143661
13095143670
13095143681
13095143692
13095143693
13095143716
13095143730
13095143769
13095143808
13095143817
13095143832
13095143912
13095143921
13095143936
13095145076
13095145285
13095145373
13095145610
13095145682
13095145790
13095145887
13095145896
13095146273
13095146313
13095146359
13095146572
13095146593
13095146631
13095146671
13095146729
13095146738
13095146797
13095146813
13095146898
13095147028
13095147052
13095147057
13095147087
13095147090
13095147091
13095147135
13095147193
13095147239
13095147292
13095147338
13095147362
13095147669
13095147802
13095147837
13095147857
13095147932
13095147938
13095147950
13095147951
13095147953
13095147957
13095147958
13095147975
13095147983
13095148028
13095148085
13095148113
13095148187
13095148231
13095148262
13095148308
13095148387
13095148550
13095148571
13095148625
13095148671
13095148752
13095148753
13095148795
13095148897
13095148976
13095149120
13095149176
13095149808
13095149860
13095149916
13139780269
13139780560
13139783725
13139786726
13139789506
13139826897
13150220108
13150220132
13150220169
13150220176
13150220238
13150220263
13150220653
13150220857
13150220982
13150221259
13150221539
13150221632
13150221723
13150221730
13150221939
13150222160
13150223081
13150223379
13150223630
13150223657
13150223692
13150223753
13150223801
13150223826
13150223859
13150223930
13150223975
13150223989
13150225087
13150225132
13150225387
13150225597
13150225607
13150225803
13150225831
13150225960
13150225976
13150226237
13150226319
13150226537
13150226827
13150227075
13150227192
13150227351
13150227501
13150227625
13150227639
13150227705
13150227870
13150227883
13150227937
13150227960
13150228702
13150228737
13150229023
13150229106
13150229175
13150229275
13150229278
13150229315
13150229325
13150229578
13150229579
13150229605
13199780137
13199780165
13199780176
13199780265
13199780282
13199780391
13199780680
13199780682
13199780730
13199780953
13199781087
13199781176
13199781269
13199781301
13199781397
13199781506
13199781563
13199781628
13199781672
13199781679
13199781730
13199782396
13199782587
13199782657
13199782667
13199782718
13199782853
13199782935
13199783109
13199783190
13199783227
13199783251
13199783528
13199783550
13199783562
13199783593
13199783601
13199783619
13199783651
13199783652
13199783676
13199783695
13199783801
13199783916
13199783930
13199783965
13199783970
13199785189
13199785336
13199786016
13199786053
13199786286
13199786295
13199786393
13199786526
13199786702
13199786751
13199786971
13199787532
13199787576
13199787796
13199788265
13199788617
13199788691
13199788916
13199789309
13199789362
13199789572
13209010639
13209011092
13209011267
13209011350
13209011590
13209011593
13209011907
13209013725
13209015283
13209015319
13209015326
13209015393
13209015732
13209015752
13209016079
13209016281
13209016330
13209016719
13209017232
13209017398
13209018279
13209018367
13209018627
13209019625
15509010397
15509010517
15509010562
15509010596
15509011276
15509011561
15509012038
15509012096
15509012107
15509012135
15509012271
15509012586
15509012736
15509012751
15509013182
15509013195
15509013267
15509013325
15509013596
15509015271
15509015291
15509015905
15509015972
15509016239
15509017203
15509017930
15509018073
15509018763
15509019169
15509019783
15509019861
15628210159
15628210160
15628210297
15628210363
15628210367
15628210392
15628210753
15628210935
15628210972
15628210975
15628211073
15628211382
15628211390
15628211392
15628211562
15628211569
15628211573
15628211579
15628211601
15628211636
15628211695
15628211697
15628211795
15628211796
15628211926
15628211958
15628211980
15628212287
15628212681
15628212897
15628213021
15628213075
15628213190
15628213237
15628213260
15628213269
15628213560
15628213683
15628213873
15628213972
15628215807
15628216571
15628218092
15628218271
15628218291
15628218325
15628218352
15628218517
15646930015
15646930017
15646930026
15646930032
15646930035
15646930036
15646930037
15646930056
15646930057
15646930059
15646930062
15646930065
15646930068
15646930072
15646930085
15646930095
15646930132
15646930135
15646930136
15646930137
15646930138
15646930139
15646930144
15646930151
15646930152
15646930158
15646930159
15646930160
15646930163
15646930165
15646930169
15646930170
15646930176
15646930182
15646930183
15646930185
15646930186
15646930187
15646930191
15646930192
15646930193
15646930195
15646930197
15646930198
15646930205
15646930212
15646930215
15646930231
15646930235
15646930236
15646930237
15646930238
15646930250
15646930252
15646930253
15646930257
15646930259
15646930261
15646930262
15646930263
15646930265
15646930267
15646930268
15646930269
15646930270
15646930271
15646930273
15646930275
15646930276
15646930279
15646930280
15646930281
15646930282
15646930283
15646930285
15646930286
15646930287
15646930289
15646930290
15646930291
15646930293
15646930296
15646930297
15646930301
15646930320
15646930327
15646930328
15646930331
15646930332
15646930335
15646930337
15646930339
15646930350
15646930352
15646930356
15646930358
15646930359
15646930361
15646930362
15646930363
15646930367
15646930368
15646930369
15646930372
15646930376
15646930378
15646930380
15646930382
15646930385
15646930387
15646930389
15646930390
15646930391
15646930397
15646930398
15646930504
15646930537
15646930538
15646930539
15646930552
15646930561
15646930568
15646930569
15646930570
15646930571
15646930572
15646930573
15646930575
15646930576
15646930578
15646930579
15646930581
15646930582
15646930583
15646930585
15646930587
15646930589
15646930591
15646930592
15646930593
15646930595
15646930596
15646930597
15646930598
15646930631
15646930632
15646930635
15646930637
15646930638
15646930650
15646930651
15646930652
15646930653
15646930656
15646930659
15646930663
15646930667
15646930669
15646930670
15646930671
15646930672
15646930673
15646930675
15646930681
15646930682
15646930685
15646930687
15646930690
15646930691
15646930692
15646930695
15646930696
15646930719
15646930732
15646930736
15646930738
15646930739
15646930750
15646930752
15646930753
15646930756
15646930757
15646930759
15646930760
15646930761
15646930763
15646930768
15646930769
15646930781
15646930782
15646930783
15646930786
15646930787
15646930790
15646930792
15646930793
15646930796
15646930797
15646930798
15646930815
15646930823
15646930829
15646930835
15646930836
15646930851
15646930853
15646930856
15646930857
15646930858
15646930859
15646930860
15646930861
15646930862
15646930863
15646930865
15646930867
15646930869
15646930870
15646930871
15646930872
15646930873
15646930875
15646930879
15646930887
15646930890
15646930891
15646930897
15646930912
15646930932
15646930935
15646930936
15646930937
15646930950
15646930952
15646930953
15646930956
15646930957
15646930959
15646930961
15646930963
15646930967
15646930970
15646930975
15646930976
15646930979
15646930983
15646930986
15646930989
15646930995
15646930996
15646930997
15646931032
15646931036
15646931037
15646931038
15646931039
15646931051
15646931052
15646931053
15646931056
15646931059
15646931060
15646931062
15646931063
15646931065
15646931067
15646931069
15646931071
15646931072
15646931075
15646931076
15646931078
15646931079
15646931081
15646931082
15646931085
15646931086
15646931087
15646931089
15646931090
15646931092
15646931093
15646931096
15646931097
15646931131
15646931132
15646931136
15646931137
15646931160
15646931162
15646931163
15646931165
15646931169
15646931172
15646931173
15646931176
15646931180
15646931186
15646931187
15646931190
15646931193
15646931196
15646931197
15646931198
15646931201
15646931209
15646931210
15646931251
15646931252
15646931253
15646931256
15646931257
15646931259
15646931260
15646931261
15646931262
15646931263
15646931265
15646931267
15646931268
15646931269
15646931270
15646931271
15646931272
15646931273
15646931275
15646931278
15646931279
15646931280
15646931286
15646931287
15646931289
15646931290
15646931291
15646931292
15646931295
15646931296
15646931297
15646931298
15646931302
15646931303
15646931305
15646931306
15646931317
15646931320
15646931325
15646931327
15646931328
15646931330
15646931337
15646931352
15646931353
15646931356
15646931357
15646931359
15646931360
15646931361
15646931363
15646931365
15646931367
15646931370
15646931371
15646931372
15646931373
15646931375
15646931378
15646931379
15646931380
15646931381
15646931382
15646931383
15646931385
15646931386
15646931387
15646931389
15646931390
15646931391
15646931392
15646931393
15646931395
15646931398
15646931503
15646931506
15646931507
15646931509
15646931513
15646931517
15646931518
15646931523
15646931526
15646931527
15646931528
15646931529
15646931530
15646931531
15646931532
15646931535
15646931537
15646931538
15646931539
15646931550
15646931552
15646931553
15646931556
15646931558
15646931559
15646931561
15646931562
15646931568
15646931569
15646931570
15646931572
15646931573
15646931575
15646931578
15646931579
15646931580
15646931582
15646931583
15646931585
15646931586
15646931587
15646931589
15646931590
15646931592
15646931596
15646931597
15646931598
15646931601
15646931602
15646931603
15646931605
15646931607
15646931608
15646931610
15646931612
15646931613
15646931615
15646931617
15646931620
15646931621
15646931623
15646931626
15646931627
15646931628
15646931629
15646931630
15646931631
15646931632
15646931635
15646931637
15646931639
15646931646
15646931652
15646931653
15646931657
15646931659
15646931669
15646931671
15646931672
15646931673
15646931675
15646931679
15646931680
15646931681
15646931682
15646931683
15646931685
15646931689
15646931690
15646931691
15646931692
15646931693
15646931695
15646931696
15646931697
15646931703
15646931705
15646931706
15646931707
15646931708
15646931709
15646931710
15646931712
15646931716
15646931719
15646931720
15646931721
15646931725
15646931726
15646931727
15646931729
15646931730
15646931731
15646931732
15646931735
15646931736
15646931738
15646931739
15646931750
15646931751
15646931753
15646931757
15646931759
15646931760
15646931763
15646931767
15646931768
15646931771
15646931772
15646931773
15646931775
15646931776
15646931780
15646931781
15646931782
15646931783
15646931786
15646931792
15646931793
15646931795
15646931796
15646931797
15646931798
15646931801
15646931802
15646931803
15646931805
15646931806
15646931807
15646931809
15646931812
15646931813
15646931815
15646931816
15646931821
15646931825
15646931826
15646931830
15646931832
15646931835
15646931837
15646931838
15646931839
15646931851
15646931852
15646931853
15646931856
15646931857
15646931860
15646931861
15646931862
15646931863
15646931865
15646931867
15646931870
15646931871
15646931872
15646931873
15646931875
15646931890
15646931891
15646931892
15646931893
15646931898
15646931901
15646931902
15646931903
15646931905
15646931906
15646931907
15646931908
15646931910
15646931912
15646931915
15646931917
15646931923
15646931926
15646931928
15646931929
15646931932
15646931935
15646931936
15646931938
15646931951
15646931953
15646931956
15646931957
15646931959
15646931962
15646931963
15646931967
15646931968
15646931973
15646931975
15646931980
15646931983
15646931985
15646931987
15646931992
15646932013
15646932016
15646932018
15646932025
15646932027
15646932031
15646932036
15646932039
15646932051
15646932052
15646932053
15646932057
15646932059
15646932060
15646932061
15646932062
15646932063
15646932065
15646932068
15646932070
15646932071
15646932072
15646932073
15646932074
15646932076
15646932082
15646932083
15646932085
15646932086
15646932087
15646932089
15646932091
15646932093
15646932095
15646932097
15646932098
15646932102
15646932103
15646932105
15646932106
15646932109
15646932113
15646932115
15646932119
15646932120
15646932125
15646932126
15646932127
15646932128
15646932129
15646932130
15646932132
15646932135
15646932136
15646932138
15646932139
15646932150
15646932151
15646932152
15646932153
15646932156
15646932157
15646932159
15646932160
15646932161
15646932162
15646932163
15646932165
15646932167
15646932168
15646932169
15646932170
15646932172
15646932173
15646932175
15646932178
15646932179
15646932180
15646932181
15646932182
15646932183
15646932185
15646932186
15646932187
15646932190
15646932191
15646932193
15646932195
15646932196
15646932197
15646932198
15646932203
15646932205
15646932206
15646932208
15646932209
15646932213
15646932217
15646932230
15646932231
15646932236
15646932237
15646932239
15646932252
15646932253
15646932256
15646932257
15646932259
15646932261
15646932262
15646932263
15646932269
15646932270
15646932273
15646932275
15646932276
15646932278
15646932279
15646932280
15646932283
15646932285
15646932287
15646932289
15646932291
15646932295
15646932296
15646932301
15646932302
15646932305
15646932307
15646932308
15646932309
15646932310
15646932312
15646932315
15646932318
15646932319
15646932320
15646932326
15646932328
15646932329
15646932332
15646932337
15646932339
15646932351
15646932352
15646932353
15646932356
15646932357
15646932358
15646932359
15646932360
15646932361
15646932363
15646932365
15646932367
15646932368
15646932370
15646932371
15646932372
15646932375
15646932376
15646932378
15646932379
15646932380
15646932381
15646932382
15646932383
15646932386
15646932389
15646932390
15646932391
15646932392
15646932393
15646932395
15646932396
15646932397
15646932501
15646932502
15646932503
15646932506
15646932507
15646932508
15646932509
15646932510
15646932512
15646932515
15646932516
15646932517
15646932518
15646932519
15646932523
15646932526
15646932527
15646932528
15646932529
15646932531
15646932532
15646932535
15646932536
15646932537
15646932538
15646932539
15646932550
15646932551
15646932553
15646932556
15646932560
15646932562
15646932563
15646932565
15646932569
15646932570
15646932571
15646932572
15646932573
15646932576
15646932578
15646932579
15646932581
15646932582
15646932583
15646932586
15646932587
15646932590
15646932591
15646932592
15646932593
15646932595
15646932596
15646932597
15646932598
15646932601
15646932602
15646932603
15646932605
15646932608
15646932609
15646932610
15646932617
15646932618
15646932619
15646932621
15646932623
15646932625
15646932627
15646932628
15646932629
15646932630
15646932631
15646932632
15646932635
15646932636
15646932637
15646932638
15646932639
15646932650
15646932651
15646932652
15646932653
15646932657
15646932658
15646932659
15646932661
15646932663
15646932665
15646932668
15646932670
15646932671
15646932672
15646932673
15646932675
15646932676
15646932679
15646932680
15646932682
15646932683
15646932685
15646932686
15646932687
15646932691
15646932692
15646932695
15646932696
15646932697
15646932702
15646932703
15646932705
15646932707
15646932708
15646932709
15646932712
15646932713
15646932715
15646932716
15646932718
15646932720
15646932723
15646932726
15646932729
15646932730
15646932732
15646932735
15646932736
15646932737
15646932738
15646932739
15646932750
15646932752
15646932753
15646932756
15646932757
15646932759
15646932760
15646932761
15646932763
15646932765
15646932767
15646932769
15646932770
15646932773
15646932775
15646932782
15646932783
15646932786
15646932790
15646932791
15646932792
15646932793
15646932795
15646932796
15646932797
15646932798
15646932802
15646932803
15646932805
15646932808
15646932809
15646932810
15646932812
15646932813
15646932815
15646932816
15646932817
15646932821
15646932825
15646932826
15646932827
15646932830
15646932832
15646932835
15646932836
15646932837
15646932850
15646932851
15646932853
15646932856
15646932857
15646932859
15646932861
15646932862
15646932865
15646932867
15646932868
15646932869
15646932870
15646932871
15646932872
15646932873
15646932875
15646932876
15646932878
15646932879
15646932883
15646932890
15646932891
15646932892
15646932893
15646932895
15646932897
15646932898
15646932901
15646932902
15646932903
15646932906
15646932908
15646932909
15646932910
15646932912
15646932913
15646932915
15646932916
15646932918
15646932919
15646932923
15646932928
15646932930
15646932932
15646932935
15646932936
15646932937
15646932938
15646932939
15646932950
15646932951
15646932952
15646932953
15646932956
15646932957
15646932959
15646932961
15646932963
15646932965
15646932967
15646932968
15646932970
15646932971
15646932972
15646932975
15646932976
15646932978
15646932979
15646932981
15646932982
15646932983
15646932985
15646932986
15646932987
15646932989
15646932991
15646932992
15646932993
15646932996
15646933010
15646933013
15646933016
15646933017
15646933023
15646933025
15646933027
15646933029
15646933031
15646933035
15646933036
15646933037
15646933038
15646933039
15646933050
15646933051
15646933052
15646933056
15646933057
15646933058
15646933061
15646933062
15646933063
15646933065
15646933067
15646933068
15646933069
15646933070
15646933071
15646933073
15646933076
15646933078
15646933079
15646933081
15646933082
15646933083
15646933085
15646933087
15646933089
15646933090
15646933091
15646933092
15646933093
15646933095
15646933096
15646933097
15646933098
15646933101
15646933102
15646933103
15646933106
15646933108
15646933109
15646933112
15646933116
15646933119
15646933120
15646933121
15646933125
15646933126
15646933127
15646933135
15646933137
15646933139
15646933150
15646933151
15646933152
15646933153
15646933156
15646933157
15646933159
15646933160
15646933162
15646933163
15646933167
15646933169
15646933170
15646933173
15646933175
15646933176
15646933178
15646933179
15646933180
15646933182
15646933185
15646933186
15646933187
15646933189
15646933191
15646933192
15646933195
15646933197
15646933198
15646933201
15646933202
15646933203
15646933205
15646933207
15646933208
15646933209
15646933212
15646933213
15646933215
15646933216
15646933217
15646933219
15646933225
15646933231
15646933236
15646933237
15646933238
15646933239
15646933250
15646933252
15646933257
15646933258
15646933259
15646933260
15646933261
15646933262
15646933265
15646933267
15646933268
15646933269
15646933270
15646933271
15646933273
15646933276
15646933278
15646933279
15646933280
15646933281
15646933285
15646933286
15646933287
15646933290
15646933291
15646933292
15646933295
15646933296
15646933297
15646933298
15646933315
15646933356
15646933373
15646933376
15646933378
15646933382
15646933391
15646933395
15646933396
15646933501
15646933503
15646933505
15646933506
15646933507
15646933508
15646933509
15646933512
15646933515
15646933516
15646933519
15646933523
15646933525
15646933527
15646933528
15646933529
15646933530
15646933532
15646933537
15646933550
15646933551
15646933557
15646933559
15646933560
15646933561
15646933565
15646933569
15646933570
15646933571
15646933572
15646933575
15646933576
15646933578
15646933579
15646933580
15646933581
15646933582
15646933583
15646933586
15646933587
15646933589
15646933590
15646933591
15646933593
15646933595
15646933596
15646933598
15646933601
15646933602
15646933603
15646933605
15646933607
15646933608
15646933609
15646933610
15646933612
15646933613
15646933615
15646933617
15646933618
15646933619
15646933620
15646933621
15646933625
15646933626
15646933627
15646933628
15646933629
15646933631
15646933632
15646933637
15646933650
15646933651
15646933652
15646933653
15646933656
15646933657
15646933658
15646933659
15646933661
15646933663
15646933665
15646933667
15646933670
15646933672
15646933673
15646933675
15646933676
15646933679
15646933680
15646933681
15646933682
15646933683
15646933689
15646933692
15646933695
15646933696
15646933701
15646933702
15646933705
15646933707
15646933708
15646933712
15646933713
15646933715
15646933716
15646933717
15646933718
15646933719
15646933720
15646933725
15646933726
15646933727
15646933728
15646933729
15646933730
15646933731
15646933732
15646933735
15646933738
15646933750
15646933751
15646933752
15646933753
15646933756
15646933757
15646933758
15646933760
15646933761
15646933763
15646933765
15646933767
15646933768
15646933769
15646933772
15646933776
15646933778
15646933779
15646933781
15646933782
15646933785
15646933787
15646933790
15646933791
15646933792
15646933793
15646933795
15646933796
15646933798
15646933801
15646933803
15646933805
15646933807
15646933810
15646933813
15646933815
15646933816
15646933817
15646933819
15646933820
15646933821
15646933825
15646933826
15646933827
15646933830
15646933831
15646933839
15646933850
15646933851
15646933852
15646933853
15646933856
15646933857
15646933858
15646933861
15646933862
15646933863
15646933865
15646933867
15646933869
15646933870
15646933871
15646933872
15646933873
15646933875
15646933876
15646933878
15646933879
15646933890
15646933892
15646933895
15646933896
15646933897
15646933898
15646933901
15646933902
15646933903
15646933905
15646933906
15646933907
15646933908
15646933909
15646933910
15646933915
15646933917
15646933919
15646933920
15646933925
15646933927
15646933928
15646933929
15646933932
15646933935
15646933950
15646933952
15646933953
15646933956
15646933957
15646933958
15646933959
15646933960
15646933961
15646933962
15646933963
15646933965
15646933967
15646933969
15646933970
15646933971
15646933972
15646933973
15646933975
15646933981
15646933982
15646933983
15646933985
15646933986
15646933987
15646933989
15646933990
15646933991
15646933997
15646935009
15646935010
15646935013
15646935015
15646935016
15646935019
15646935020
15646935021
15646935023
15646935026
15646935027
15646935028
15646935029
15646935030
15646935031
15646935032
15646935035
15646935037
15646935039
15646935051
15646935052
15646935053
15646935056
15646935059
15646935062
15646935063
15646935065
15646935067
15646935068
15646935069
15646935070
15646935072
15646935073
15646935075
15646935078
15646935079
15646935082
15646935083
15646935085
15646935086
15646935087
15646935089
15646935090
15646935091
15646935092
15646935093
15646935095
15646935096
15646935097
15646935098
15646935101
15646935102
15646935103
15646935105
15646935106
15646935107
15646935109
15646935112
15646935113
15646935116
15646935119
15646935120
15646935121
15646935125
15646935126
15646935127
15646935129
15646935130
15646935131
15646935132
15646935135
15646935137
15646935138
15646935139
15646935150
15646935153
15646935157
15646935159
15646935160
15646935161
15646935162
15646935163
15646935167
15646935169
15646935170
15646935171
15646935172
15646935173
15646935175
15646935176
15646935178
15646935179
15646935181
15646935185
15646935187
15646935189
15646935190
15646935192
15646935193
15646935195
15646935196
15646935197
15646935198
15646935212
15646935213
15646935215
15646935216
15646935217
15646935219
15646935223
15646935225
15646935226
15646935227
15646935228
15646935229
15646935231
15646935232
15646935235
15646935236
15646935237
15646935238
15646935257
15646935259
15646935260
15646935261
15646935262
15646935263
15646935265
15646935268
15646935269
15646935271
15646935273
15646935276
15646935278
15646935279
15646935280
15646935281
15646935282
15646935283
15646935285
15646935286
15646935290
15646935291
15646935293
15646935295
15646935296
15646935297
15646935298
15646935301
15646935307
15646935308
15646935312
15646935315
15646935316
15646935317
15646935318
15646935319
15646935320
15646935323
15646935325
15646935327
15646935328
15646935329
15646935335
15646935336
15646935337
15646935350
15646935351
15646935352
15646935356
15646935357
15646935359
15646935360
15646935361
15646935362
15646935363
15646935365
15646935367
15646935369
15646935370
15646935371
15646935372
15646935373
15646935375
15646935376
15646935379
15646935380
15646935381
15646935383
15646935385
15646935386
15646935387
15646935389
15646935391
15646935392
15646935393
15646935395
15646935396
15646935397
15646935398
15646935502
15646935512
15646935513
15646935519
15646935523
15646935527
15646935528
15646935529
15646935531
15646935536
15646935539
15646935561
15646935562
15646935563
15646935570
15646935571
15646935572
15646935573
15646935576
15646935578
15646935579
15646935580
15646935582
15646935583
15646935587
15646935590
15646935592
15646935595
15646935597
15646935598
15646935601
15646935602
15646935605
15646935607
15646935608
15646935609
15646935610
15646935613
15646935615
15646935616
15646935617
15646935618
15646935620
15646935621
15646935623
15646935626
15646935627
15646935628
15646935629
15646935632
15646935636
15646935637
15646935638
15646935639
15646935650
15646935651
15646935652
15646935653
15646935662
15646935663
15646935668
15646935669
15646935671
15646935672
15646935673
15646935675
15646935680
15646935681
15646935682
15646935685
15646935687
15646935689
15646935691
15646935692
15646935693
15646935695
15646935696
15646935697
15646935698
15646935701
15646935702
15646935703
15646935705
15646935706
15646935707
15646935708
15646935709
15646935710
15646935712
15646935713
15646935715
15646935717
15646935718
15646935721
15646935723
15646935725
15646935726
15646935727
15646935729
15646935730
15646935732
15646935735
15646935736
15646935737
15646935738
15646935739
15646935750
15646935752
15646935753
15646935759
15646935760
15646935761
15646935762
15646935763
15646935765
15646935767
15646935768
15646935769
15646935770
15646935771
15646935773
15646935779
15646935780
15646935781
15646935782
15646935783
15646935786
15646935791
15646935792
15646935793
15646935796
15646935798
15646935801
15646935805
15646935806
15646935807
15646935809
15646935810
15646935812
15646935815
15646935816
15646935817
15646935819
15646935820
15646935823
15646935826
15646935827
15646935829
15646935831
15646935832
15646935835
15646935836
15646935837
15646935838
15646935839
15646935851
15646935852
15646935853
15646935857
15646935860
15646935861
15646935865
15646935867
15646935870
15646935871
15646935872
15646935873
15646935878
15646935879
15646935880
15646935887
15646935890
15646935891
15646935892
15646935893
15646935895
15646935896
15646935897
15646935902
15646935903
15646935905
15646935906
15646935907
15646935908
15646935909
15646935910
15646935912
15646935913
15646935915
15646935917
15646935918
15646935920
15646935923
15646935926
15646935927
15646935928
15646935929
15646935930
15646935931
15646935932
15646935935
15646935936
15646935937
15646935938
15646935952
15646935953
15646935956
15646935957
15646935960
15646935961
15646935962
15646935965
15646935967
15646935968
15646935969
15646935970
15646935971
15646935972
15646935973
15646935975
15646935976
15646935978
15646935979
15646935980
15646935981
15646935985
15646935986
15646935987
15646935989
15646935990
15646935991
15646935992
15646935997
15646936002
15646936005
15646936009
15646936015
15646936016
15646936017
15646936019
15646936026
15646936027
15646936028
15646936029
15646936030
15646936031
15646936032
15646936035
15646936036
15646936037
15646936038
15646936039
15646936051
15646936053
15646936056
15646936058
15646936059
15646936062
15646936063
15646936065
15646936072
15646936073
15646936075
15646936076
15646936078
15646936079
15646936081
15646936082
15646936083
15646936087
15646936089
15646936090
15646936091
15646936093
15646936095
15646936096
15646936097
15646936098
15646936101
15646936102
15646936103
15646936106
15646936107
15646936108
15646936109
15646936113
15646936115
15646936116
15646936117
15646936118
15646936120
15646936121
15646936125
15646936129
15646936131
15646936132
15646936135
15646936136
15646936137
15646936138
15646936139
15646936150
15646936151
15646936152
15646936153
15646936156
15646936157
15646936158
15646936159
15646936160
15646936162
15646936165
15646936167
15646936170
15646936171
15646936172
15646936173
15646936175
15646936176
15646936178
15646936179
15646936180
15646936181
15646936182
15646936185
15646936186
15646936187
15646936190
15646936191
15646936192
15646936195
15646936196
15646936197
15646936198
15646936201
15646936202
15646936206
15646936208
15646936209
15646936210
15646936213
15646936216
15646936217
15646936218
15646936219
15646936220
15646936221
15646936223
15646936225
15646936227
15646936228
15646936230
15646936231
15646936232
15646936235
15646936236
15646936237
15646936238
15646936250
15646936251
15646936252
15646936253
15646936256
15646936257
15646936258
15646936259
15646936261
15646936267
15646936268
15646936269
15646936270
15646936271
15646936273
15646936275
15646936276
15646936280
15646936281
15646936283
15646936285
15646936287
15646936289
15646936290
15646936291
15646936292
15646936293
15646936295
15646936296
15646936297
15646936298
15646936301
15646936303
15646936305
15646936306
15646936308
15646936310
15646936312
15646936313
15646936316
15646936317
15646936318
15646936319
15646936320
15646936325
15646936326
15646936327
15646936328
15646936331
15646936332
15646936350
15646936352
15646936353
15646936356
15646936357
15646936358
15646936359
15646936360
15646936361
15646936365
15646936367
15646936370
15646936372
15646936373
15646936375
15646936376
15646936378
15646936379
15646936380
15646936381
15646936382
15646936385
15646936386
15646936387
15646936389
15646936390
15646936391
15646936392
15646936395
15646936396
15646936501
15646936502
15646936503
15646936505
15646936506
15646936508
15646936509
15646936510
15646936512
15646936513
15646936515
15646936517
15646936519
15646936523
15646936525
15646936526
15646936527
15646936528
15646936529
15646936531
15646936536
15646936537
15646936538
15646936552
15646936553
15646936557
15646936559
15646936560
15646936561
15646936562
15646936568
15646936569
15646936570
15646936571
15646936572
15646936573
15646936576
15646936579
15646936580
15646936581
15646936582
15646936583
15646936587
15646936589
15646936590
15646936591
15646936592
15646936593
15646936596
15646936597
15646936598
15646936601
15646936607
15646936613
15646936615
15646936617
15646936621
15646936625
15646936627
15646936630
15646936631
15646936635
15646936637
15646936639
15646936650
15646936651
15646936653
15646936657
15646936671
15646936675
15646936679
15646936681
15646936692
15646936693
15646936697
15646936701
15646936703
15646936705
15646936706
15646936707
15646936708
15646936709
15646936712
15646936713
15646936715
15646936716
15646936717
15646936718
15646936719
15646936720
15646936721
15646936723
15646936725
15646936726
15646936728
15646936729
15646936730
15646936732
15646936735
15646936736
15646936737
15646936738
15646936739
15646936750
15646936751
15646936752
15646936753
15646936756
15646936758
15646936759
15646936761
15646936762
15646936763
15646936765
15646936768
15646936771
15646936780
15646936781
15646936782
15646936783
15646936790
15646936791
15646936792
15646936793
15646936795
15646936796
15646936797
15646936801
15646936802
15646936803
15646936805
15646936806
15646936807
15646936810
15646936812
15646936813
15646936815
15646936817
15646936819
15646936820
15646936821
15646936823
15646936825
15646936826
15646936827
15646936830
15646936831
15646936832
15646936835
15646936836
15646936837
15646936839
15646936850
15646936851
15646936852
15646936853
15646936856
15646936859
15646936861
15646936865
15646936870
15646936871
15646936872
15646936873
15646936875
15646936876
15646936879
15646936882
15646936883
15646936887
15646936890
15646936891
15646936892
15646936895
15646936897
15646936901
15646936902
15646936903
15646936905
15646936906
15646936907
15646936908
15646936910
15646936912
15646936916
15646936917
15646936918
15646936919
15646936921
15646936923
15646936926
15646936927
15646936928
15646936929
15646936930
15646936931
15646936932
15646936935
15646936937
15646936938
15646936939
15646936950
15646936951
15646936952
15646936953
15646936956
15646936957
15646936959
15646936960
15646936961
15646936962
15646936967
15646936968
15646936970
15646936971
15646936972
15646936973
15646936975
15646936976
15646936978
15646936980
15646936982
15646936983
15646936985
15646936986
15646936987
15646936991
15646936993
15646936995
15646936997
15646937002
15646937005
15646937006
15646937010
15646937015
15646937016
15646937018
15646937019
15646937020
15646937021
15646937023
15646937025
15646937026
15646937028
15646937029
15646937030
15646937031
15646937032
15646937035
15646937036
15646937037
15646937038
15646937050
15646937057
15646937059
15646937061
15646937062
15646937065
15646937068
15646937069
15646937073
15646937076
15646937078
15646937079
15646937081
15646937082
15646937085
15646937089
15646937092
15646937093
15646937095
15646937096
15646937097
15646937098
15646937101
15646937102
15646937103
15646937105
15646937106
15646937107
15646937108
15646937109
15646937113
15646937116
15646937126
15646937127
15646937129
15646937130
15646937132
15646937135
15646937136
15646937138
15646937139
15646937150
15646937151
15646937152
15646937153
15646937156
15646937158
15646937159
15646937160
15646937161
15646937165
15646937167
15646937169
15646937170
15646937176
15646937179
15646937180
15646937181
15646937182
15646937185
15646937186
15646937187
15646937190
15646937191
15646937192
15646937193
15646937195
15646937196
15646937198
15646937201
15646937202
15646937205
15646937206
15646937207
15646937208
15646937209
15646937210
15646937213
15646937215
15646937216
15646937217
15646937219
15646937221
15646937229
15646937230
15646937232
15646937235
15646937236
15646937237
15646937238
15646937251
15646937252
15646937253
15646937256
15646937258
15646937259
15646937260
15646937261
15646937262
15646937263
15646937267
15646937269
15646937271
15646937275
15646937276
15646937278
15646937279
15646937280
15646937281
15646937283
15646937285
15646937286
15646937287
15646937289
15646937291
15646937292
15646937293
15646937295
15646937296
15646937297
15646937301
15646937303
15646937306
15646937308
15646937309
15646937310
15646937312
15646937313
15646937315
15646937316
15646937318
15646937319
15646937320
15646937323
15646937326
15646937327
15646937328
15646937329
15646937331
15646937332
15646937336
15646937338
15646937351
15646937352
15646937356
15646937358
15646937359
15646937360
15646937361
15646937363
15646937365
15646937367
15646937368
15646937369
15646937375
15646937376
15646937379
15646937380
15646937382
15646937383
15646937385
15646937386
15646937387
15646937390
15646937391
15646937392
15646937393
15646937395
15646937396
15646937398
15646937501
15646937502
15646937506
15646937507
15646937508
15646937509
15646937510
15646937512
15646937513
15646937516
15646937517
15646937518
15646937519
15646937521
15646937523
15646937525
15646937526
15646937527
15646937529
15646937531
15646937535
15646937536
15646937537
15646937538
15646937539
15646937550
15646937552
15646937553
15646937557
15646937560
15646937561
15646937562
15646937563
15646937565
15646937568
15646937569
15646937570
15646937571
15646937572
15646937581
15646937582
15646937586
15646937587
15646937590
15646937591
15646937592
15646937593
15646937595
15646937596
15646937597
15646937598
15646937601
15646937602
15646937603
15646937605
15646937607
15646937609
15646937610
15646937612
15646937613
15646937617
15646937618
15646937619
15646937620
15646937621
15646937623
15646937625
15646937627
15646937629
15646937630
15646937631
15646937632
15646937635
15646937637
15646937638
15646937639
15646937651
15646937652
15646937653
15646937656
15646937657
15646937658
15646937659
15646937660
15646937662
15646937663
15646937671
15646937679
15646937681
15646937682
15646937683
15646937685
15646937686
15646937689
15646937690
15646937692
15646937693
15646937695
15646937696
15646937697
15646937698
15646937701
15646937703
15646937705
15646937706
15646937709
15646937710
15646937712
15646937715
15646937721
15646937723
15646937726
15646937728
15646937729
15646937730
15646937732
15646937735
15646937736
15646937738
15646937739
15646937750
15646937751
15646937752
15646937753
15646937756
15646937759
15646937760
15646937768
15646937769
15646937781
15646937782
15646937786
15646937791
15646937792
15646937795
15646937798
15646937801
15646937802
15646937805
15646937806
15646937807
15646937808
15646937809
15646937810
15646937812
15646937813
15646937816
15646937817
15646937818
15646937820
15646937821
15646937823
15646937825
15646937826
15646937827
15646937828
15646937831
15646937835
15646937836
15646937839
15646937850
15646937851
15646937852
15646937853
15646937859
15646937860
15646937862
15646937863
15646937867
15646937869
15646937871
15646937873
15646937875
15646937876
15646937883
15646937892
15646937895
15646937896
15646937901
15646937902
15646937903
15646937905
15646937906
15646937907
15646937908
15646937909
15646937910
15646937912
15646937915
15646937916
15646937917
15646937920
15646937923
15646937926
15646937927
15646937928
15646937930
15646937931
15646937932
15646937936
15646937937
15646937938
15646937939
15646937950
15646937951
15646937952
15646937953
15646937956
15646937957
15646937958
15646937960
15646937961
15646937962
15646937963
15646937965
15646937967
15646937968
15646937970
15646937971
15646937972
15646937975
15646937976
15646937981
15646937982
15646937985
15646937986
15646937987
15646938003
15646938009
15646938015
15646938017
15646938018
15646938019
15646938021
15646938023
15646938025
15646938026
15646938028
15646938029
15646938031
15646938032
15646938035
15646938036
15646938038
15646938039
15646938050
15646938051
15646938052
15646938056
15646938057
15646938058
15646938059
15646938060
15646938061
15646938062
15646938065
15646938067
15646938069
15646938071
15646938072
15646938073
15646938075
15646938078
15646938079
15646938082
15646938085
15646938090
15646938093
15646938095
15646938096
15646938097
15646938098
15646938101
15646938102
15646938103
15646938105
15646938106
15646938107
15646938108
15646938119
15646938120
15646938121
15646938125
15646938126
15646938127
15646938129
15646938130
15646938131
15646938132
15646938135
15646938136
15646938139
15646938150
15646938151
15646938152
15646938153
15646938156
15646938157
15646938159
15646938161
15646938162
15646938165
15646938168
15646938169
15646938170
15646938171
15646938172
15646938173
15646938175
15646938176
15646938182
15646938183
15646938185
15646938187
15646938196
15646938197
15646938198
15646938201
15646938203
15646938205
15646938206
15646938207
15646938209
15646938210
15646938213
15646938215
15646938216
15646938217
15646938218
15646938219
15646938220
15646938221
15646938225
15646938226
15646938227
15646938229
15646938230
15646938231
15646938235
15646938237
15646938238
15646938239
15646938250
15646938251
15646938252
15646938253
15646938256
15646938257
15646938259
15646938260
15646938262
15646938263
15646938265
15646938267
15646938269
15646938271
15646938272
15646938275
15646938276
15646938278
15646938279
15646938283
15646938285
15646938286
15646938287
15646938291
15646938293
15646938295
15646938296
15646938297
15646938301
15646938305
15646938307
15646938308
15646938309
15646938310
15646938312
15646938313
15646938316
15646938317
15646938318
15646938319
15646938320
15646938323
15646938325
15646938326
15646938327
15646938329
15646938330
15646938331
15646938350
15646938352
15646938356
15646938357
15646938358
15646938359
15646938360
15646938361
15646938363
15646938365
15646938367
15646938368
15646938369
15646938370
15646938371
15646938372
15646938373
15646938375
15646938378
15646938379
15646938381
15646938382
15646938385
15646938387
15646938390
15646938391
15646938392
15646938393
15646938395
15646938396
15646938397
15646938503
15646938505
15646938506
15646938507
15646938508
15646938509
15646938510
15646938513
15646938515
15646938517
15646938518
15646938519
15646938527
15646938528
15646938529
15646938530
15646938531
15646938535
15646938536
15646938537
15646938538
15646938539
15646938551
15646938553
15646938556
15646938557
15646938561
15646938563
15646938569
15646938570
15646938571
15646938572
15646938575
15646938576
15646938578
15646938579
15646938582
15646938583
15646938587
15646938590
15646938591
15646938592
15646938593
15646938596
15646938597
15646938598
15646938601
15646938602
15646938605
15646938607
15646938608
15646938609
15646938610
15646938612
15646938615
15646938617
15646938618
15646938620
15646938623
15646938625
15646938627
15646938628
15646938629
15646938630
15646938631
15646938632
15646938635
15646938637
15646938638
15646938639
15646938650
15646938651
15646938652
15646938653
15646938657
15646938658
15646938659
15646938663
15646938671
15646938672
15646938673
15646938675
15646938676
15646938679
15646938681
15646938685
15646938689
15646938690
15646938692
15646938693
15646938695
15646938697
15646938701
15646938702
15646938705
15646938707
15646938708
15646938709
15646938710
15646938712
15646938713
15646938716
15646938717
15646938718
15646938719
15646938720
15646938721
15646938723
15646938725
15646938727
15646938730
15646938732
15646938735
15646938737
15646938738
15646938739
15646938750
15646938751
15646938752
15646938753
15646938757
15646938761
15646938762
15646938768
15646938769
15646938770
15646938771
15646938773
15646938775
15646938776
15646938778
15646938779
15646938780
15646938781
15646938783
15646938785
15646938786
15646938790
15646938791
15646938792
15646938793
15646938795
15646938796
15646938797
15646938798
15646938801
15646938803
15646938806
15646938809
15646938815
15646938825
15646938826
15646938832
15646938836
15646938837
15646938850
15646938853
15646938857
15646938859
15646938861
15646938865
15646938867
15646938869
15646938870
15646938872
15646938873
15646938879
15646938890
15646938891
15646938895
15646938901
15646938903
15646938905
15646938906
15646938907
15646938908
15646938909
15646938910
15646938912
15646938915
15646938916
15646938917
15646938918
15646938921
15646938923
15646938925
15646938926
15646938927
15646938928
15646938929
15646938930
15646938931
15646938932
15646938937
15646938939
15646938950
15646938951
15646938952
15646938953
15646938956
15646938957
15646938959
15646938961
15646938962
15646938963
15646938965
15646938967
15646938968
15646938969
15646938970
15646938971
15646938972
15646938973
15646938975
15646938976
15646938978
15646938979
15646938985
15646938990
15646938992
15646938993
15646938995
15646939005
15646939006
15646939013
15646939015
15646939016
15646939020
15646939023
15646939025
15646939026
15646939027
15646939030
15646939032
15646939035
15646939036
15646939037
15646939039
15646939051
15646939052
15646939053
15646939056
15646939057
15646939058
15646939060
15646939061
15646939062
15646939063
15646939065
15646939067
15646939069
15646939070
15646939071
15646939075
15646939076
15646939078
15646939079
15646939081
15646939083
15646939085
15646939091
15646939093
15646939095
15646939096
15646939097
15646939098
15646939102
15646939103
15646939105
15646939106
15646939107
15646939108
15646939109
15646939112
15646939113
15646939118
15646939120
15646939126
15646939130
15646939131
15646939132
15646939135
15646939137
15646939139
15646939150
15646939151
15646939152
15646939156
15646939157
15646939158
15646939160
15646939161
15646939163
15646939167
15646939168
15646939169
15646939170
15646939171
15646939173
15646939175
15646939176
15646939178
15646939180
15646939182
15646939183
15646939185
15646939186
15646939187
15646939193
15646939196
15646939197
15646939201
15646939203
15646939206
15646939207
15646939208
15646939209
15646939210
15646939212
15646939213
15646939215
15646939217
15646939218
15646939219
15646939221
15646939223
15646939225
15646939226
15646939227
15646939228
15646939230
15646939231
15646939232
15646939237
15646939238
15646939239
15646939250
15646939252
15646939253
15646939258
15646939260
15646939261
15646939262
15646939263
15646939265
15646939267
15646939268
15646939269
15646939271
15646939275
15646939276
15646939278
15646939279
15646939281
15646939283
15646939286
15646939287
15646939289
15646939290
15646939291
15646939295
15646939296
15646939297
15646939302
15646939303
15646939305
15646939308
15646939310
15646939313
15646939317
15646939319
15646939320
15646939326
15646939327
15646939337
15646939351
15646939352
15646939356
15646939357
15646939358
15646939360
15646939362
15646939367
15646939369
15646939370
15646939375
15646939376
15646939378
15646939381
15646939382
15646939386
15646939387
15646939390
15646939391
15646939501
15646939502
15646939503
15646939506
15646939507
15646939508
15646939509
15646939510
15646939515
15646939516
15646939517
15646939519
15646939523
15646939525
15646939526
15646939527
15646939529
15646939530
15646939531
15646939532
15646939535
15646939537
15646939538
15646939539
15646939550
15646939551
15646939552
15646939553
15646939560
15646939561
15646939562
15646939563
15646939568
15646939569
15646939570
15646939571
15646939572
15646939573
15646939575
15646939576
15646939578
15646939580
15646939581
15646939583
15646939585
15646939586
15646939587
15646939589
15646939590
15646939591
15646939593
15646939601
15646939602
15646939603
15646939605
15646939607
15646939608
15646939609
15646939610
15646939612
15646939613
15646939615
15646939616
15646939617
15646939618
15646939619
15646939623
15646939625
15646939627
15646939628
15646939630
15646939631
15646939632
15646939635
15646939636
15646939637
15646939639
15646939650
15646939651
15646939652
15646939653
15646939657
15646939658
15646939659
15646939665
15646939670
15646939671
15646939672
15646939673
15646939675
15646939680
15646939682
15646939683
15646939685
15646939686
15646939690
15646939692
15646939695
15646939697
15646939701
15646939702
15646939703
15646939705
15646939706
15646939707
15646939708
15646939709
15646939710
15646939712
15646939713
15646939715
15646939717
15646939718
15646939719
15646939720
15646939721
15646939723
15646939725
15646939728
15646939729
15646939731
15646939732
15646939735
15646939736
15646939738
15646939739
15646939750
15646939751
15646939753
15646939756
15646939757
15646939758
15646939759
15646939760
15646939761
15646939762
15646939763
15646939767
15646939769
15646939770
15646939772
15646939773
15646939775
15646939776
15646939778
15646939780
15646939781
15646939782
15646939783
15646939787
15646939790
15646939791
15646939792
15646939793
15646939795
15646939796
15646939801
15646939802
15646939803
15646939805
15646939806
15646939809
15646939812
15646939815
15646939820
15646939826
15646939829
15646939830
15646939836
15646939839
15646939850
15646939851
15646939853
15646939856
15646939857
15646939858
15646939859
15646939860
15646939861
15646939862
15646939863
15646939865
15646939867
15646939869
15646939870
15646939871
15646939872
15646939873
15646939875
15646939879
15646939881
15646939887
15646939890
15646939891
15646939892
15646939895
15646939896
15646939897
15646939905
15646939910
15646939915
15646939916
15646939923
15646939925
15646939928
15646939930
15646939931
15646939932
15646939950
15646939951
15646939952
15646939953
15646939957
15646939958
15646939959
15646939960
15646939961
15646939962
15646939963
15646939967
15646939971
15646939972
15646939973
15646939975
15646939976
15646939980
15646939982
15646939985
15684800761
15684800897
15684801270
15684801837
15684802191
15684802256
15684803070
15684807105
15684807291
15684807358
15684807393
15684807516
15684807532
15684807565
15684807608
15684807650
15684807695
15684807803
15684807936
15684808610
15684808615
15684808639
15684808695
15684808701
15684808908
15684808915
15699010083
15699010862
15699011097
15699011853
15699012068
15699012137
15699012183
15699012376
15699012632
15699012637
15699012638
15699012815
15699013782
15699013815
15699013863
15699013879
15699013937
15699014960
15699015190
15699015281
15699015608
15699015639
15699015897
15699016139
15699016550
15699016754
15699016812
15699016927
15699017223
15699017492
15699017519
15699017581
15699017615
15699017684
15699017809
15699017831
15699017951
15699018212
15699018726
15699018923
15699018972
16609010549
16609011365
16609011506
16609011565
16609012263
16609012694
16609012810
16609012941
16609013067
16609013154
16609013464
16609013913
16609019294
18509010235
18509010463
18509010541
18509010582
18509010672
18509010781
18509010976
18509011047
18509011276
18509011326
18509011352
18509011586
18509011690
18509011735
18509012031
18509012151
18509012193
18509012365
18509012537
18509012565
18509012578
18509012671
18509012672
18509012676
18509012712
18509012782
18509012790
18509012817
18509012907
18509012915
18509012917
18509012931
18509012970
18509012980
18509013051
18509013072
18509013126
18509013172
18509013173
18509013179
18509013187
18509013197
18509013207
18509013256
18509013287
18509013409
18509013672
18509013759
18509013895
18509015017
18509015067
18509015097
18509015162
18509015279
18509015471
18509015626
18509015660
18509015697
18509015796
18509015801
18509015823
18509015873
18509015975
18509015997
18509016325
18509016551
18509016571
18509016672
18509016730
18509016753
18509016865
18509016950
18509016987
18509017079
18509017168
18509017298
18509017350
18509017527
18509017536
18509017801
18509017835
18509018215
18509018916
18509019216
18509019705
18590510026
18590510339
18590510379
18590510390
18590510536
18590510537
18590510545
18590510826
18590511309
18590511324
18590511351
18590511472
18590511545
18590511902
18590512076
18590512375
18590512401
18590512553
18590512565
18590512587
18590512591
18590512670
18590512681
18590512793
18590512794
18590512797
18590512820
18590512895
18590512952
18590512957
18590512981
18590512986
18590513078
18590513189
18590513260
18590513271
18590513272
18590513493
18590513529
18590513612
18590513657
18590513667
18590513692
18590513703
18590513719
18590513725
18590513794
18590513865
18590515390
18590515526
18590515723
18590515831
18590515919
18590516010
18590516073
18590516207
18590516283
18590517057
18590517063
18590517091
18590517103
18590517137
18590517138
18590517167
18590517195
18590517217
18590517244
18590517263
18590517265
18590517291
18590517303
18590517307
18590517309
18590517325
18590517351
18590517365
18590517382
18590517386
18590517391
18590517392
18590517509
18590517543
18590517584
18590517591
18590517592
18590517593
18590517597
18590517612
18590517621
18590517629
18590517637
18590517651
18590517659
18590517679
18590517812
18590517832
18590517853
18590517861
18590517926
18590517935
18590517936
18590517942
18590517947
18590517952
18590517953
18590517961
18590518106
18590518107
18590518124
18590518251
18590518259
18590518261
18590518263
18590518275
18590518291
18590518325
18590518379
18590518449
18590518497
18590518650
18590518667
18590518693
18590518735
18590518913
18590518932
18590518953
18590519023
18590519154
18590519172
18590519173
18590519175
18590519213
18590519237
18590519257
18590519275
18590519287
18590519356
18590519357
18590519381
18590519384
18590519536
18590519537
18590519562
18590519573
18590519574
18590519617
18590519653
18590519673
18590519713
18590519715
18590519762
18590519769
18590519835
18590519837
18599310239
18599310527
18599310632
18599310862
18599310951
18599310972
18599311038
18599311409
18599311478
18599311539
18599311629
18599311637
18599311731
18599311761
18599311809
18599311907
18599312713
18599312723
18599312783
18599312839
18599312901
18599312971
18599312975
18599313170
18599313460
18599313518
18599313575
18599313591
18599313627
18599313628
18599313632
18599314790
18599315029
18599315260
18599315297
18599315305
18599315314
18599315373
18599315489
18599315634
18599315739
18599315742
18599315760
18599315936
18599317192
18599317325
18599317352
18599317553
18599317580
18599317793
18599317832
18599319024
18599319032
18599319071
18599319075
18599319103
18599319167
18599319238
18599319257
18599319263
18599319280
18599319461
18599319607
18599319671
18599319673
18599319890
18609016512
18690100185
18690100478
18690100552
18690100562
18690100570
18690100573
18690100576
18690100626
18690100674
18690100675
18690100691
18690100695
18690100697
18690100739
18690100767
18690100795
18690100872
18690101163
18690101273
18690101301
18690101398
18690101844
18690101870
18690102105
18690102132
18690102190
18690102195
18690102249
18690102251
18690102539
18690102605
18690102635
18690102691
18690102783
18690102851
18690102862
18690102931
18690102951
18690103162
18690103217
18690103227
18690103269
18690103287
18690103297
18690103591
18690103706
18690103713
18690103735
18690103750
18690103752
18690103760
18690103801
18690103830
18690103836
18690103863
18690103895
18690103908
18690103931
18690103972
18690104857
18690104992
18690105025
18690105071
18690105157
18690105174
18690105176
18690105192
18690105309
18690105358
18690105361
18690105370
18690105395
18690105529
18690105572
18690105632
18690105671
18690105726
18690105735
18690105739
18690105751
18690105875
18690105960
18690105961
18690106023
18690106083
18690106219
18690106352
18690106516
18690106517
18690106552
18690106590
18690106709
18690106721
18690106735
18690106760
18690106795
18690106873
18690106927
18690106932
18690106957
18690107032
18690107102
18690107153
18690107302
18690107306
18690107326
18690107395
18690107523
18690107529
18690107565
18690107603
18690107623
18690107659
18690107850
18690107859
18690107926
18690107956
18690107967
18690108036
18690108069
18690108103
18690108132
18690108179
18690108205
18690108231
18690108235
18690108270
18690108317
18690108319
18690108327
18690108387
18690108532
18690108546
18690108551
18690108605
18690108615
18690108652
18690108739
18690108859
18690108928
18690108932
18690108965
18690108975
18690109135
18690109151
18690109179
18690109239
18690109269
18690109378
18690109573
18690109613
18690109638
18690109702
18690109704
18690109710
18690109730
18690109767
18690109813
18690109832
18690110269
18690110758
18690110873
18690110947
18690111694
18690113025
18690113056
18690113415
18690113653
18690113761
18690113968
18690114923
18690114936
18690114945
18690115132
18690115265
18690115412
18690115641
18690115713
18690115981
18690116179
18690116245
18690116382
18690116646
18690116792
18690117073
18690117236
18690117443
18690117460
18690117685
18690117815
18690118073
18690118197
18690118754
18690118915
18690119443
18690119753
18690120176
18690120263
18690120362
18690120573
18690120643
18690120976
18690121084
18690121194
18690121329
18690121391
18690121898
18690122050
18690122175
18690122308
18690122362
18690122503
18690122571
18690122651
18690122652
18690122930
18690122937
18690122982
18690123286
18690123350
18690123627
18690123771
18690123915
18690123937
18690123965
18690124034
18690124035
18690124059
18690125142
18690125184
18690125412
18690125484
18690125547
18690125701
18690125743
18690125745
18690125823
18690125924
18690125932
18690125960
18690125962
18690125968
18690126015
18690126135
18690126238
18690126339
18690126357
18690126375
18690126528
18690126529
18690126792
18690126831
18690126852
18690126902
18690126995
18690127051
18690127062
18690127142
18690127190
18690127251
18690127309
18690127359
18690127362
18690127384
18690127390
18690127538
18690127614
18690127963
18690128541
18690128570
18690128572
18690128601
18690128631
18690128635
18690128712
18690128729
18690128751
18690128902
18690128903
18690128936
18690128956
18690129076
18690129117
18690129137
18690129154
18690129246
18690129271
18690129275
18690129403
18690129406
18690129517
18690129571
18690129682
18690129684
18690129703
18690129738
18690129874
18699290152
18699290182
18699290191
18699290351
18699290581
18699290735
18699290790
18699290792
18699291352
18699291587
18699291735
18699291871
18699291931
18699292073
18699292130
18699292132
18699292170
18699292507
18699292771
18699292801
18699292802
18699293058
18699293081
18699293173
18699293176
18699293507
18699293572
18699293578
18699293682
18699293817
18699293851
18699293856
18699293907
18699295030
18699295105
18699295285
18699295290
18699295303
18699295315
18699295391
18699295702
18699295813
18699295827
18699295917
18699296152
18699296157
18699296703
18699296729
18699296790
18699296803
18699296813
18699296853
18699297063
18699297152
18699297197
18699297309
18699297513
18699297538
18699297692
18699297852
18699297875
18699297903
18699297917
18699297952
18699298031
18699298053
18699298072
18699298075
18699298237
18699298263
18699298307
18699298395
18699298507
18699298508
18699298509
18699298512
18699298513
18699298515
18699298516
18699298517
18699298518
18699298519
18699298521
18699298523
18699298525
18699298526
18699299271
18699299756
