13094083436
13094083504
13094083597
13094084596
13094084609
13094084782
13094084813
13150420741
13150421460
13150421538
13150421647
13150421824
13150483065
13150483161
13150485905
13150486146
13150486312
13150487297
13150487587
13150489536
13150489643
13199744976
13199745096
13199745348
13199745643
13199745893
13199747513
13199749304
13199976205
13239030876
13239031138
13239031275
13239031281
13239031792
13239031875
13239031937
13239031950
13239032170
13239032587
13239032617
13239085087
13239087287
13239087903
13239087953
13239089365
13239089375
13239089832
13239825291
13239825863
13239825921
13239826017
13239829127
13239830165
13239830436
13239830478
13239831276
13239831762
13239831782
13239831957
13239832051
13239832560
13239832586
13239832615
13239832806
13239833275
13239834269
13239834318
13239835284
13239835548
13239835729
13239836721
13239837682
13239860257
13239860852
13239861097
13239862157
13239862931
13239869105
13279062589
13279063291
13279093285
13289972903
13289975594
13289975637
13289976219
15509072159
15509072683
15509072685
15559496178
15569041283
15569049284
15569049457
15569049572
15569049674
15569049817
15569049831
15569052791
15569066376
15569066379
15569066517
15569066538
15569067102
15569067131
15569067136
15569067150
15569067165
15569067197
15569067239
15569067350
15569067361
15569067368
15569067602
15569067836
15569067853
15569067963
15569068125
15569068135
15569068253
15569068370
15569068513
15569068531
15569068651
15569068702
15569068709
15569068710
15569068729
15569068753
15569068763
15569068930
15569068973
15569069326
15569069537
15569069627
15569069713
15569069762
15569069782
15569069785
15569077623
15569077836
15569077851
15569078062
15569078273
15569078291
15569078327
15569078351
15569078525
15569078671
15569078679
15569079317
15569079381
15569079532
15569079763
15569079871
15569089136
15569089176
15569089185
15569089189
15569089239
15569089253
15569089260
15569089267
15569089283
15569089328
15569089332
15569089337
15569089507
15569089550
15569089553
15569089570
15569089573
15569089576
15569089613
15569089616
15569089635
15569089637
15569089663
15569089675
15569089683
15569089685
15569089710
15569089713
15569089727
15569089728
15569089736
15569089750
15569089758
15569089759
15569089765
15569089772
15569089780
15569089781
15569089827
15569089836
15569089850
15569089859
15569089863
15569089867
15569089895
15569089925
15569089953
15569089963
15569089971
15569092651
15569095834
15569096125
15569201025
15569201039
15569201059
15569201063
15569201083
15569201137
15569201187
15569201190
15569201250
15569201265
15569201273
15569201278
15569201279
15569201281
15569201292
15569201302
15569201321
15569201326
15569201363
15569201369
15569201371
15569201378
15569201386
15569201387
15569201392
15569201396
15569201397
15569201501
15569201503
15569201513
15569201527
15569201529
15569201536
15569201571
15569201576
15569201581
15569201606
15569201608
15569201625
15569201627
15569201632
15569201653
15569201681
15569201683
15569201687
15569201697
15569201705
15569201709
15569201735
15569201739
15569201779
15569201786
15569201791
15569201805
15569201813
15569201828
15569201830
15569201835
15569201837
15569201859
15569201861
15569201863
15569201871
15569201905
15569201906
15569201907
15569201908
15569201939
15569201950
15569201958
15569201960
15569201961
15569201975
15569201976
15569210367
15569212793
15569217182
15569217253
15569217571
15569218025
15569218031
15569218036
15569218037
15569218051
15569218053
15569218059
15569218061
15569218069
15569218071
15569218075
15569218091
15569218092
15569218096
15569218102
15569218103
15569218105
15569218107
15569218116
15569218126
15569218137
15569218169
15569218173
15569218178
15569218206
15569218223
15569218235
15569218256
15569218257
15569218258
15569218272
15569218273
15569218275
15569218278
15569218297
15569218302
15569218309
15569218336
15569218356
15569218359
15569218361
15569218375
15569218398
15569218501
15569218510
15569218525
15569218527
15569218528
15569218529
15569218530
15569218552
15569218573
15569218576
15569218578
15569218583
15569218591
15569218592
15569218596
15569218598
15569218605
15569218618
15569218623
15569218632
15569218650
15569218653
15569218657
15569218665
15569218671
15569218675
15569218679
15569218691
15569218692
15569218703
15569218706
15569218710
15569218712
15569218727
15569218729
15569218756
15569218757
15569218761
15569218772
15569218779
15569218823
15569218825
15569218856
15569218873
15569218897
15569218903
15569218905
15569218907
15569218913
15569218916
15569218937
15569218950
15569218952
15569218957
15569218961
15569218965
15569218970
15569218971
15569218972
15569218976
15569218978
15569219036
15569219039
15569219056
15569219071
15569219072
15569219082
15569219087
15569219097
15569219105
15569219159
15569219160
15569219173
15569219182
15569219187
15569219203
15569219206
15569219207
15569219232
15569219239
15569219252
15569219253
15569219256
15569219258
15569219261
15569219267
15569219275
15569219283
15569219301
15569219303
15569219305
15569219308
15569219312
15569219319
15569219325
15569219327
15569219332
15569219336
15569219337
15569219362
15569219365
15569219375
15569219385
15569219391
15569219398
15569219506
15569219509
15569219513
15569219523
15569219529
15569219537
15569219539
15569219562
15569219571
15569219572
15569219575
15569219579
15569219580
15569219593
15569219598
15569219615
15569219618
15569219623
15569219630
15569219635
15569219638
15569219651
15569219657
15569219667
15569219670
15569219679
15569219680
15569219683
15569219689
15569219691
15569219709
15569219723
15569219732
15569219735
15569219737
15569219756
15569219769
15569219772
15569219791
15569219801
15569219812
15569219813
15569219816
15569219823
15569219852
15569219857
15569219858
15569219865
15569219872
15569219875
15569219935
15569219951
15569227306
15569227820
15569227830
15569227928
15569227935
15569227961
15569228097
15569228126
15569228157
15569228179
15569228623
15569228692
15569228723
15569228753
15569228763
15569228769
15569228912
15569228915
15569228937
15569228971
15569350137
15569350573
15569355016
15569355064
15569355106
15569355107
15569355137
15569355264
15569355267
15569355278
15569355297
15569355604
15569355719
15569355723
15569355739
15569356074
15569356079
15569356092
15569356093
15569356094
15569356103
15569356108
15569356119
15569356132
15569356140
15569356145
15569356159
15569356167
15569356169
15569356170
15569356173
15569356189
15569356193
15569356197
15569356204
15569356210
15569356214
15569356239
15569356754
15569356762
15569356769
15569356790
15569356794
15569356817
15569356821
15569356853
15569356870
15569356894
15569356895
15569356904
15569356946
15569372671
15569376112
15569379075
15569380836
15569380982
15569381305
15569385609
15569385735
15569386239
15569387156
15569387589
15569390291
15569395865
15569397615
15569398251
15569399085
15599718769
15599722653
15599738517
15599740782
15599753261
15599760139
15599760362
15599760781
15599760872
15599761089
15599761263
15599761373
15599761602
15599761792
15599762319
15599762392
15599762570
15599762759
15599762807
15599762953
15599763275
15599763291
15599763293
15599763719
15599763791
15599763805
15599763965
15599768379
15660301097
15660301153
15660301253
15660301268
15660301270
15660301273
15660301275
15660301278
15660301281
15660301283
15660301287
15660301291
15660301293
15660301295
15660301297
15660301359
15660301367
15660301375
15660301376
15660301381
15660301396
15660301398
15660301502
15660301507
15660301528
15660301532
15660301539
15660301583
15660301593
15660301623
15660301638
15660301639
15660301651
15660301652
15660301657
15660301659
15660301673
15660301692
15660301697
15660301703
15660301726
15660301732
15660301735
15660301738
15660301739
15660301751
15660301753
15660301783
15660301792
15660301793
15660301809
15660301823
15660301832
15660301837
15660301852
15660301853
15660301860
15660301872
15660301893
15660301912
15660301926
15660301932
15660301935
15660301936
15660301951
15660301952
15660301953
15660301967
15660301971
15660301973
15660301976
15660303673
15660303679
15660303681
15660303687
15660303716
15660303759
15660303763
15660303785
15660303790
15660303792
15660303852
15660303891
15660303895
15660303951
15660303973
15660303981
15660307016
15660307026
15660307028
15660307029
15660307039
15660307052
15660307063
15660307067
15660307081
15660307089
15660307091
15660307095
15660307102
15660307103
15660307105
15660307109
15660307113
15660307115
15660307116
15660307120
15660307126
15660307128
15660307129
15660307131
15660307132
15660307135
15660307136
15660307138
15660307139
15660307150
15660307151
15660307153
15660307156
15660307157
15660307158
15660307162
15660307163
15660307165
15660307167
15660307168
15660307169
15660307178
15660307182
15660307187
15660307192
15660307193
15660307195
15660307196
15660307197
15660307198
15660307201
15660307208
15660307209
15660307210
15660307215
15660307217
15660307226
15660307229
15660307231
15660307235
15660307236
15660307237
15660307239
15660307256
15660307259
15660307261
15660307264
15660307267
15660307280
15660307284
15660307285
15660307286
15660307291
15660307293
15660307294
15660307296
15660307317
15660307318
15660307324
15660307326
15660307335
15660307339
15660307351
15660307352
15660307354
15660307356
15660307359
15660307360
15660307361
15660307364
15660310146
15660310153
15660310176
15660310193
15660310253
15660310261
15660310279
15660310289
15660310291
15660310352
15660310356
15660310359
15660310362
15660310376
15660310379
15660310387
15660310391
15660310398
15660310537
15660310538
15660310542
15660310547
15660310553
15660310562
15660310563
15660310568
15660310571
15660310573
15660310581
15660310583
15660310586
15660310589
15660310591
15660310635
15660310651
15660310652
15660310653
15660310657
15660310670
15660310676
15660310689
15660310691
15660310695
15660310698
15660310732
15660310735
15660310736
15660310737
15660310739
15660310756
15660310760
15660310765
15660310783
15660310785
15660310786
15660310793
15660310795
15660310796
15660310839
15660310861
15660310867
15660310871
15660310876
15660310879
15660310890
15660310892
15660310937
15660310939
15660310951
15660310952
15660310953
15660310976
15660311073
15660311089
15660311215
15660311252
15660311256
15660311273
15660311275
15660311276
15660311280
15660311291
15660311295
15660311307
15660311356
15660311376
15660311379
15660311386
15660311395
15660311396
15660311501
15660311506
15660311509
15660311523
15660311529
15660311548
15660311563
15660311570
15660311571
15660311573
15660311578
15660311579
15660311592
15660311593
15660311605
15660311609
15660311627
15660311634
15660311639
15660311652
15660311679
15660311704
15660311709
15660311723
15660311726
15660311739
15660311752
15660311780
15660311797
15660311798
15660311803
15660311825
15660311826
15660311835
15660311867
15660311872
15660311879
15660311893
15660311903
15660311925
15660311952
15660311953
15660311956
15660311962
15660311967
15660311970
15660311975
15660312037
15660312057
15660312059
15660312072
15660312076
15660312078
15660312092
15660312097
15660312139
15660312152
15660312157
15660312163
15660312173
15660312178
15660312183
15660312184
15660312187
15660312246
15660312274
15660312365
15660312397
15660312409
15660312438
15660312464
15660312503
15660312509
15660312536
15660312537
15660312547
15660312557
15660312561
15660312562
15660312570
15660312572
15660312576
15660312578
15660312579
15660312589
15660312590
15660312591
15660312593
15660312607
15660312613
15660312637
15660312639
15660312651
15660312653
15660312657
15660312672
15660312675
15660312685
15660312692
15660312693
15660312705
15660312708
15660312715
15660312729
15660312730
15660312734
15660312735
15660312736
15660312739
15660312750
15660312753
15660312783
15660312791
15660312792
15660312807
15660312816
15660312817
15660312851
15660312853
15660312863
15660312870
15660312871
15660312872
15660312873
15660312879
15660312893
15660312894
15660312897
15660312901
15660312912
15660312921
15660312927
15660312932
15660312936
15660312957
15660312958
15660312961
15660312963
15660312967
15660312970
15660312972
15660312973
15660312985
15660313052
15660313072
15660313085
15660313087
15660313089
15660313206
15660313219
15660313251
15660313253
15660313293
15660313372
15660313406
15660313485
15660313509
15660313558
15660313571
15660313589
15660313591
15660313612
15660313617
15660313627
15660313657
15660313659
15660313670
15660313673
15660313690
15660313692
15660313705
15660313715
15660313721
15660313723
15660313724
15660313756
15660313759
15660313781
15660313785
15660313786
15660313796
15660313825
15660313845
15660313862
15660313865
15660313872
15660313876
15660313893
15660313905
15660313907
15660313910
15660313917
15660313925
15660313926
15660313937
15660313951
15660313957
15660313967
15660313970
15660313973
15660313982
15660315017
15660315026
15660315029
15660315035
15660315062
15660315068
15660315072
15660315092
15660315095
15660315107
15660315127
15660315169
15660315173
15660315190
15660315223
15660315235
15660315236
15660315237
15660315238
15660315239
15660315270
15660315275
15660315276
15660315280
15660315281
15660315283
15660315287
15660315292
15660315305
15660315308
15660315312
15660315317
15660315327
15660315328
15660315337
15660315362
15660315367
15660315370
15660315376
15660315378
15660315392
15660315396
15660315397
15660315506
15660315536
15660315539
15660315546
15660315572
15660315598
15660315609
15660315612
15660315619
15660315620
15660315623
15660315629
15660315639
15660315644
15660315682
15660315693
15660315697
15660315703
15660315706
15660315709
15660315710
15660315714
15660315718
15660315719
15660315721
15660315728
15660315735
15660315736
15660315738
15660315760
15660315762
15660315763
15660315783
15660315785
15660315790
15660315791
15660315796
15660315798
15660315806
15660315836
15660315839
15660315865
15660315867
15660315871
15660315873
15660315879
15660315896
15660315901
15660315903
15660315906
15660315912
15660315923
15660315925
15660315927
15660315930
15660315932
15660315950
15660315962
15660315963
15660315971
15660315973
15660315975
15660315976
15660315978
15660315981
15660315983
15660315985
15660316053
15660316057
15660316072
15660316078
15660316125
15660316178
15660316182
15660316205
15660316215
15660316219
15660316235
15660316237
15660316243
15660316257
15660316259
15660316270
15660316280
15660316281
15660316293
15660316329
15660316338
15660316340
15660316357
15660316370
15660316371
15660316375
15660316378
15660316385
15660316396
15660317506
15660317516
15660317523
15660317528
15660317529
15660317532
15660317536
15660317538
15660317539
15660317562
15660317563
15660317571
15660317581
15660317583
15660317591
15660317592
15660317596
15660317613
15660317619
15660317621
15660317623
15660317625
15660317630
15660317653
15660317657
15660317681
15660317683
15660317691
15660317692
15660317693
15660317698
15660317723
15660317736
15660317739
15660317748
15660317762
15660317780
15660317792
15660317802
15660317803
15660317805
15660317806
15660317807
15660317813
15660317825
15660317826
15660317831
15660317835
15660317839
15660317850
15660317852
15660317853
15660317859
15660317861
15660317907
15660317920
15660317925
15660317926
15660317927
15660317932
15660317936
15660317938
15660317939
15660317951
15660317952
15660317963
15660317965
15660317967
15660317981
15660317982
15660318032
15660318051
15660318062
15660318063
15660318076
15660318093
15660318095
15660318096
15660318109
15660318127
15660318135
15660318165
15660318193
15660318197
15660318209
15660318215
15660318217
15660318231
15660318237
15660318253
15660318259
15660318267
15660318275
15660318276
15660318295
15660318297
15660318304
15660318306
15660318326
15660318327
15660318329
15660318351
15660318356
15660318357
15660318360
15660318363
15660318367
15660318373
15660318375
15660318379
15660318392
15660318396
15660319501
15660319513
15660319517
15660319532
15660319537
15660319552
15660319557
15660319561
15660319562
15660319563
15660319571
15660319573
15660319576
15660319581
15660319587
15660319589
15660319605
15660319620
15660319629
15660319635
15660319651
15660319656
15660319657
15660319659
15660319667
15660319671
15660319673
15660319682
15660319692
15660319697
15660319703
15660319709
15660319710
15660319715
15660319719
15660319725
15660319726
15660319729
15660319732
15660319735
15660319736
15660319739
15660319750
15660319757
15660319759
15660319763
15660319769
15660319782
15660319801
15660319802
15660319810
15660319827
15660319829
15660319830
15660319831
15660319835
15660319857
15660319862
15660319865
15660319872
15660319937
15660319953
15660320127
15660320136
15660320137
15660320157
15660320163
15660320165
15660320167
15660320185
15660320187
15660320192
15660320196
15660320197
15660320239
15660320256
15660320263
15660320269
15660320376
15660320387
15660320391
15660320395
15660320536
15660320537
15660320538
15660320563
15660320572
15660320581
15660320583
15660320586
15660320587
15660320591
15660320597
15660320637
15660320651
15660320652
15660320653
15660320657
15660320683
15660320687
15660320736
15660320752
15660320758
15660320762
15660320763
15660320779
15660320781
15660320786
15660320795
15660320836
15660320852
15660320857
15660320863
15660320869
15660320873
15660320937
15660320953
15660320957
15660320967
15660320975
15660320976
15660321030
15660321039
15660321059
15660321063
15660321078
15660321089
15660321091
15660321093
15660321095
15660321096
15660321097
15660321196
15660321253
15660321267
15660321275
15660321287
15660321289
15660321302
15660321308
15660321309
15660321316
15660321356
15660321357
15660321361
15660321367
15660321368
15660321369
15660321372
15660321390
15660321392
15660321393
15660321395
15660321506
15660321507
15660321510
15660321571
15660321576
15660321581
15660321582
15660321583
15660321589
15660321596
15660321621
15660321629
15660321630
15660321635
15660321679
15660321692
15660321695
15660321696
15660321701
15660321702
15660321703
15660321705
15660321706
15660321723
15660321729
15660321736
15660321756
15660321758
15660321760
15660321762
15660321768
15660321779
15660321780
15660321782
15660321783
15660321785
15660321793
15660321803
15660321810
15660321823
15660321835
15660321852
15660321862
15660321871
15660321873
15660321892
15660321893
15660321903
15660321907
15660321930
15660321951
15660321953
15660321956
15660321967
15660321970
15660321971
15660321982
15660322036
15660322051
15660322063
15660322087
15660322092
15660322096
15660322137
15660322139
15660322157
15660322167
15660322195
15660322508
15660322513
15660322517
15660322531
15660322571
15660322581
15660322583
15660322591
15660322610
15660322673
15660322687
15660322695
15660322701
15660322709
15660322738
15660322765
15660322786
15660322791
15660322803
15660322813
15660322835
15660322836
15660322852
15660322872
15660322879
15660322913
15660322937
15660322950
15660322951
15660322953
15660322956
15660322967
15660322969
15660323018
15660323019
15660323061
15660323072
15660323087
15660323089
15660323091
15660323153
15660323159
15660323175
15660323178
15660323197
15660323501
15660323506
15660323519
15660323527
15660323562
15660323572
15660323576
15660323581
15660323605
15660323610
15660323612
15660323625
15660323629
15660323652
15660323670
15660323679
15660323682
15660323718
15660323723
15660323725
15660323750
15660323756
15660323769
15660323782
15660323785
15660323792
15660323815
15660323817
15660323827
15660323851
15660323857
15660323865
15660323870
15660323871
15660323873
15660323893
15660323906
15660323917
15660323921
15660323953
15660323967
15660323970
15660323971
15660323972
15660323976
15660323981
15660325016
15660325017
15660325021
15660325065
15660325067
15660325071
15660325075
15660325103
15660325105
15660325130
15660325136
15660325159
15660325162
15660325167
15660325173
15660325179
15660325193
15660325196
15660325213
15660325268
15660325276
15660325283
15660325287
15660325306
15660325309
15660325310
15660325318
15660325326
15660325367
15660325370
15660325371
15660325376
15660325379
15660325385
15660325395
15660325396
15660325507
15660325563
15660325572
15660325609
15660325613
15660325620
15660325621
15660325637
15660325679
15660325682
15660325683
15660325691
15660325692
15660325693
15660325705
15660325709
15660325712
15660325713
15660325716
15660325732
15660325736
15660325739
15660325761
15660325763
15660325781
15660325783
15660325785
15660325791
15660325793
15660325795
15660325796
15660325798
15660325803
15660325812
15660325861
15660325863
15660325871
15660325873
15660325875
15660325876
15660325895
15660325897
15660325907
15660325910
15660325912
15660325915
15660325921
15660325928
15660325931
15660325970
15660325971
15660325972
15660325976
15660325981
15660325983
15660325985
15660325987
15660326051
15660326053
15660326071
15660326081
15660326093
15660326108
15660326127
15660326137
15660326153
15660326170
15660326171
15660326179
15660326187
15660326190
15660326192
15660326195
15660326201
15660326205
15660326207
15660326219
15660326236
15660326237
15660326250
15660326273
15660326275
15660326276
15660326281
15660326283
15660326287
15660326293
15660326295
15660326298
15660326327
15660326350
15660326357
15660326372
15660326375
15660326378
15660326379
15660326387
15660326392
15660326398
15660326506
15660326509
15660326516
15660326517
15660326531
15660326535
15660326539
15660326571
15660326573
15660326579
15660326582
15660326587
15660326590
15660326591
15660326592
15660326657
15660326705
15660326709
15660326712
15660326719
15660326723
15660326725
15660326738
15660326758
15660326761
15660326775
15660326791
15660326793
15660326795
15660326805
15660326813
15660326823
15660326831
15660326850
15660326857
15660326859
15660326872
15660326895
15660326897
15660326903
15660326915
15660326917
15660326927
15660326937
15660326950
15660326961
15660326970
15660326971
15660326972
15660326973
15660326985
15660327025
15660327028
15660327039
15660327051
15660327057
15660327058
15660327061
15660327063
15660327065
15660327067
15660327081
15660327085
15660327093
15660327097
15660327105
15660327109
15660327125
15660327132
15660327136
15660327157
15660327158
15660327159
15660327160
15660327185
15660327187
15660327190
15660327192
15660327193
15660327196
15660327213
15660327215
15660327230
15660327235
15660327251
15660327253
15660327256
15660327259
15660327261
15660327263
15660327265
15660327267
15660327287
15660327291
15660327293
15660327295
15660327298
15660327316
15660327325
15660327326
15660327357
15660327360
15660327362
15660327367
15660327369
15660327379
15660327381
15660327387
15660327391
15660327395
15660327396
15660327397
15660327506
15660327509
15660327510
15660327512
15660327513
15660327523
15660327529
15660327536
15660327562
15660327563
15660327568
15660327571
15660327582
15660327583
15660327592
15660327593
15660327596
15660327603
15660327605
15660327607
15660327612
15660327619
15660327625
15660327631
15660327637
15660327639
15660327651
15660327680
15660327681
15660327689
15660327691
15660327692
15660327693
15660327705
15660327713
15660327728
15660327729
15660327735
15660327736
15660327756
15660327761
15660327783
15660327785
15660327795
15660327801
15660327803
15660327821
15660327823
15660327826
15660327831
15660327835
15660327837
15660327839
15660327853
15660327867
15660327892
15660327901
15660327903
15660327905
15660327907
15660327910
15660327913
15660327921
15660327923
15660327925
15660327926
15660327928
15660327937
15660327951
15660327952
15660327953
15660327957
15660327960
15660327962
15660327963
15660327965
15660327983
15660327985
15660327995
15660328013
15660328017
15660328019
15660328025
15660328027
15660328037
15660328051
15660328052
15660328053
15660328056
15660328057
15660328067
15660328073
15660328075
15660328076
15660328091
15660328096
15660328102
15660328103
15660328106
15660328127
15660328170
15660328192
15660328193
15660328216
15660328237
15660328275
15660328302
15660328316
15660328319
15660328329
15660328337
15660328361
15660328362
15660328372
15660328379
15660328389
15660328396
15660328501
15660328507
15660328526
15660328570
15660328571
15660328579
15660328591
15660328592
15660328593
15660328597
15660328602
15660328607
15660328609
15660328631
15660328672
15660328673
15660328675
15660328679
15660328691
15660328701
15660328703
15660328705
15660328706
15660328708
15660328713
15660328719
15660328721
15660328723
15660328729
15660328753
15660328769
15660328783
15660328790
15660328791
15660328795
15660328913
15660328925
15660328927
15660328935
15660328950
15660328951
15660328960
15660328963
15660329013
15660329015
15660329017
15660329023
15660329031
15660329059
15660329075
15660329081
15660329106
15660329125
15660329126
15660329127
15660329137
15660329157
15660329170
15660329176
15660329179
15660329185
15660329193
15660329207
15660329208
15660329209
15660329213
15660329235
15660329251
15660329261
15660329265
15660329267
15660329281
15660329287
15660329312
15660329316
15660329318
15660329359
15660329360
15660329361
15660329365
15660329367
15660329378
15660329379
15660329382
15660331057
15660331092
15660331280
15660331367
15660331376
15660331592
15660331627
15660331673
15660331706
15660331708
15660331721
15660331726
15660331782
15660331791
15660331793
15660331796
15660331801
15660331835
15660331839
15660331850
15660331908
15660331916
15660331926
15660331952
15660331960
15660331961
15660332029
15660332139
15660332167
15660332179
15660332318
15660332367
15660332385
15660332386
15660332512
15660332531
15660332572
15660332591
15660332610
15660332621
15660332651
15660332659
15660332681
15660332705
15660332735
15660332750
15660332763
15660332781
15660332785
15660332790
15660332801
15660332806
15660332809
15660332817
15660332835
15660332852
15660332861
15660332870
15660332879
15660332905
15660332908
15660332926
15660332952
15660332957
15660332972
15660332978
15660332980
15660333948
15660333974
15660335059
15660335074
15660335096
15660335103
15660335108
15660335129
15660335130
15660335132
15660335134
15660335140
15660335148
15660335154
15660335165
15660335193
15660335275
15660335309
15660335329
15660335584
15660335601
15660335604
15660335625
15660335701
15660335704
15660335708
15660335709
15660335710
15660335712
15660335715
15660335718
15660335719
15660335730
15660335732
15660335734
15660335739
15660335743
15660335744
15660335746
15660335748
15660335749
15660335760
15660335761
15660335763
15660335769
15660335785
15660335791
15660335794
15660335795
15660335796
15660335821
15660335831
15660335832
15660335964
15660335983
15660335986
15660335987
15660336027
15660336132
15660336134
15660336139
15660336158
15660336170
15660336173
15660336179
15660336182
15660336183
15660336187
15660336194
15660336195
15660336197
15660336201
15660336203
15660336204
15660336205
15660336210
15660336213
15660336231
15660336235
15660336239
15660337801
15660337802
15660337803
15660337805
15660337816
15660337819
15660337823
15660337826
15660337827
15660337830
15660337831
15660337832
15660337839
15660337851
15660337852
15660337853
15660337856
15660337857
15660337859
15660337861
15660337863
15660337865
15660337867
15660337869
15660337872
15660337873
15660337881
15660337892
15660337895
15660337901
15660337902
15660337905
15660337906
15660337908
15660337913
15660337916
15660337918
15660337923
15660337925
15660337926
15660337927
15660337929
15660337930
15660337931
15660337932
15660337936
15660337938
15660337950
15660337951
15660337953
15660337958
15660337959
15660337960
15660337963
15660337967
15660337972
15660337975
15660337976
15660337982
15660337996
15660338015
15660338016
15660338017
15660338027
15660338029
15660338032
15660338036
15660338037
15660338051
15660338052
15660338056
15660338057
15660338059
15660338067
15660338073
15660338075
15660338076
15660338082
15660338091
15660338093
15660338095
15660338096
15660338097
15660338102
15660338105
15660338109
15660338117
15660338120
15660338125
15660338127
15660338129
15660338131
15660338132
15660338135
15660338136
15660338137
15660338139
15660338150
15660338152
15660338153
15660338157
15660338158
15660338159
15660338160
15660338161
15660338162
15660338165
15660338172
15660338173
15660338175
15660338178
15660338192
15660338193
15660338195
15660338197
15660338198
15660338203
15660338205
15660338207
15660338212
15660338217
15660338225
15660338231
15660338236
15660338250
15660338251
15660338252
15660338253
15660338256
15660338259
15660338260
15660338261
15660338263
15660338265
15660338271
15660338273
15660338275
15660338285
15660338286
15660338293
15660338295
15660338296
15660338297
15699078632
16699070632
16699072059
16699072139
16699072675
16699073982
16699075738
16699075860
16699075869
16699075871
16699075872
16699075876
16699075893
16699075902
16699075906
16699075913
16699075923
16699075930
16699075932
16699075935
16699075961
16699075963
16699075971
16699075983
16699075986
16699076021
16699076023
16699076031
16699076072
16699076081
16699076125
16699076126
16699076139
16699076159
16699076175
16699076176
16699076179
16699076185
16699076203
16699076258
16699076260
16699076276
16699076278
16699076279
16699076293
16699076295
16699076296
16699076297
16699076305
16699076308
16699076309
16699078276
16699271145
16699271152
16699271264
16699271284
16699271296
16699271325
16699271349
16699271350
16699271354
16699271362
16699271364
16699271392
16699271503
16699271504
16699271532
16699271534
16699271564
16699271579
16699271590
16699271598
16699271638
16699271653
16699271673
16699271725
16699271793
16699271832
16699271834
16699271862
16699271865
16699271875
16699271903
16699271904
16699271935
16699271954
16699271984
16699272189
16699272308
16699275628
16699275629
16699275631
16699520179
17690614316
17690630313
17690631623
17699510496
17699748314
18590570345
18590571058
18590571846
18590572354
18590573284
18590573940
18590574281
18590574452
18590574504
18590574612
18590574794
18590574902
18590575442
18590576243
18590576719
18590576853
18590577241
18590577285
18590577309
18590577493
18590577849
18590578163
18590578175
18590578415
18590578439
18590578594
18590579024
18590579387
18590579637
18590579671
18609070346
18609073620
18609073721
18609079465
18609079472
18699376059
18699376524
18699376951
18699715562
18699718073
18699718453
18699723307
18699723653
18699725927
18699729313
18699731915
18699735714
18699735726
18699750161
18699750269
18699750674
18699751359
18699756165
18699761049
18699762967
18699763187
18699767806
18699771857
18699782049
18699782154
18699782175
18699782598
18699784604
18699785912
18699785927
18699790467
18699790732
18699790913
18699792163
18699794309
18699794537
69574788418
78258045814
