13139770162
13139770169
13139770252
13139770265
13139770268
13139770270
13139770281
13139770291
13139770357
13139770362
13139770529
13139770553
13139770619
13139770627
13139770631
13139770651
13139770672
13139770689
13139770696
13139770725
13139770730
13139770735
13139770862
13139770871
13139770890
13139770907
13139770923
13139770925
13139770926
13139770956
13139770963
13139770978
13139770993
13139771030
13139771037
13139771039
13139771050
13139771061
13139771062
13139771083
13139771092
13199770671
13199773173
13199773725
13199779506
13239097785
13239097837
13239097871
13239097926
13289096774
13289099047
13289099247
13289099734
15699095736
15699095760
16609090542
16609091546
16609091547
16609091834
16609091842
16609091874
16609092675
16609092845
16609092847
16609092914
16609093147
16609093426
16609093641
16609093684
16609093843
16609093849
16609094253
16609094260
16609094272
16609094292
16609094361
16609094432
16609094451
16609094461
16609094502
16609094549
16609094557
16609094579
16609094629
16609094631
16609094654
16609094714
16609094734
16609094792
16609094802
16609094851
16609094862
16609094932
16609094964
16609095792
16609096204
16609096392
16609096827
16609097835
17609095635
17609096053
17609096083
17609096596
17609096701
17609096792
17609096793
17609096891
17609096905
17609096907
17609096913
17609096935
17609096951
17609096972
17699885480
17699885492
17699885642
17699885917
17699886395
17699886409
18509001279
18509001297
18509001372
18509001381
18509001523
18509001721
18509001752
18509001832
18509001837
18509002139
18509002176
18509002651
18509002735
18509002782
18509002870
18509002937
18509002985
18509003069
18509003079
18509003207
18509003295
18509003517
18509003572
18509003593
18509003627
18509003629
18509003721
18509003726
18509003915
18509004187
18509005057
18509005171
18509005197
18509005297
18509005317
18509005632
18509005712
18509005723
18509005729
18509005785
18509006105
18509006152
18509006750
18509006793
18509006817
18509007263
18509007386
18509007395
18509007539
18509007619
18509007791
18509007925
18509007961
18509009327
18509009473
18509009517
18509092465
18509095791
18590590073
18590590129
18590590130
18590590131
18590590153
18590590162
18590590167
18590590183
18590590213
18590590236
18590590237
18590590257
18590590265
18590590271
18590590272
18590590273
18590590281
18590590283
18590590289
18590590293
18590590361
18590590364
18590590367
18590590398
18590590452
18590590539
18590590544
18590590573
18590590579
18590590582
18590590583
18590590632
18590590639
18590590651
18590590652
18590590670
18590590673
18590590675
18590590679
18590590682
18590590684
18590590697
18590590719
18590590731
18590590732
18590590735
18590590737
18590590738
18590590739
18590590741
18590590743
18590590751
18590590752
18590590756
18590590773
18590590774
18590590792
18590590793
18590590797
18590591035
18590591076
18590591087
18590591097
18590591250
18590591270
18590591275
18590591297
18590591352
18590591396
18590591502
18590591529
18590591563
18590591589
18590591593
18590591609
18590591637
18590591651
18590591673
18590591676
18590591679
18590591732
18590591739
18590591759
18590591763
18590591767
18590591805
18590591839
18590591851
18590591962
18590592138
18590592153
18590592159
18590592351
18590592352
18590592357
18590592358
18590592360
18590592361
18590592363
18590592381
18590592387
18590592395
18590592501
18590592503
18590592510
18590592517
18590592518
18590592531
18590592562
18590592582
18590592587
18590592591
18590592593
18590592601
18590592607
18590592613
18590592615
18590592617
18590592621
18590592631
18590592632
18590592635
18590592638
18590592651
18590592652
18590592653
18590592657
18590592671
18590592673
18590592681
18590592693
18590592702
18590592713
18590592730
18590592738
18590592751
18590592759
18590592763
18590592765
18590592780
18590592791
18590592821
18590592830
18590592835
18590592836
18590592837
18590592839
18590592853
18590592857
18590592865
18590592871
18590592873
18590592879
18590592902
18590592910
18590592950
18590592958
18590592972
18590592973
18590592975
18590592981
18590592982
18590593053
18590593063
18590593105
18590593317
18590593418
18590593509
18590593571
18590593609
18590593644
18590593780
18590593823
18590593840
18590593971
18590594035
18590594065
18590594134
18590594280
18590594335
18590594381
18590594610
18590594708
18590594715
18590594727
18590594741
18590594783
18590594798
18590594826
18590594827
18590594906
18590594913
18590595241
18590595263
18590595632
18590595693
18590595729
18590596015
18590596017
18590596352
18590596356
18590596357
18590596367
18590596382
18590596385
18590596387
18590596503
18590596713
18590596715
18590596719
18590596723
18590596729
18590596732
18590596735
18590596812
18590596815
18590596821
18590596823
18590596825
18590596831
18590596873
18590596931
18590596935
18590596937
18590596938
18590596973
18590596975
18590596983
18590596992
18590597019
18590597021
18590597023
18590597027
18590597028
18590597032
18590597035
18590597038
18590597051
18590597125
18590597135
18590597137
18590597163
18590597169
18590597193
18590597195
18590597206
18590597217
18590597223
18590597235
18590597237
18590597239
18590597251
18590597252
18590597256
18590597265
18590597269
18590597283
18590597287
18590597305
18590597307
18590597317
18590597326
18590597350
18590597351
18590597352
18590597357
18590597367
18590597369
18590597370
18590597381
18590597385
18590597405
18590597445
18590597484
18590597489
18590597529
18590597531
18590597532
18590597537
18590597563
18590597569
18590597581
18590597582
18590597593
18590597620
18590597623
18590597644
18590597653
18590597659
18590597673
18590597682
18590597691
18590597697
18590597732
18590597805
18590597820
18590597823
18590597827
18590597830
18590598056
18590598057
18590598065
18590598073
18590598087
18590598093
18590598095
18590598097
18590598103
18590598105
18590598150
18590598153
18590598163
18590598165
18590598167
18590598172
18590598175
18590598193
18590598197
18590598213
18590598217
18590598267
18590598703
18590598705
18590598713
18590598715
18590598721
18590598723
18590598725
18590598727
18590598729
18590598731
18590598732
18590598739
18590598759
18590598763
18590598773
18590598791
18590598792
18590598795
18590598902
18590598907
18590598913
18590598917
18590598923
18590598927
18590598930
18590598932
18609093152
18609094670
18609095361
18609099783
18690901093
18690901327
18690901361
18690901387
18690901539
18690901563
18690901592
18690901627
18690901657
18690901675
18690901697
18690901729
18690901756
18690901797
18690901803
18690901839
18690901928
18690901952
18690902127
18690902153
18690902175
18690902191
18690902196
18690902305
18690902319
18690902530
18690902537
18690902631
18690902671
18690902710
18690902715
18690902731
18690902762
18690902763
18690902769
18690902807
18690902871
18690902982
18690903107
18690903126
18690903153
18690903159
18690903162
18690903167
18690903179
18690903227
18690903251
18690903253
18690903298
18690903405
18690903523
18690903548
18690903592
18690903651
18690903659
18690903672
18690903697
18690903752
18690903792
18690903793
18690903801
18690903869
18690903879
18690903892
18690903893
18690903897
18690903952
18690903972
18690905129
18690905279
18690905323
18690905389
18690905638
18690905713
18690905807
18690905870
18690905897
18690905917
18690906079
18690906173
18690906217
18690906279
18690906357
18690906532
18690906719
18690906751
18690906917
18690906972
18690907163
18690907251
18690907285
18690907298
18690907357
18690907531
18690907591
18690907637
18690907802
18690907831
18690907953
18690908154
18690908173
18690908267
18690908367
18690908372
18690908537
18690908631
18690908697
18690908716
18690908731
18690908792
18690908903
18690908923
18690909573
18690909631
18690909738
18690909752
18690909821
18690909852
18690910205
18690910206
18690910279
18690910316
18690910397
18690910561
18690910597
18690910653
18690910685
18690910703
18690910767
18690910793
18690910842
18690910874
18690910892
18690910926
18690911309
18690911370
18690911397
18690911434
18690911463
18690911489
18690911539
18690911641
18690911647
18690911649
18690911653
18690911723
18690911836
18690912031
18690912059
18690912078
18690912103
18690912137
18690912152
18690912196
18690912197
18690912245
18690912249
18690912364
18690912537
18690912572
18690912573
18690912585
18690912597
18690912601
18690912602
18690912659
18690912692
18690912697
18690912730
18690912736
18690912739
18690912753
18690912823
18690912831
18690912837
18690912853
18690912856
18690912859
18690912867
18690912879
18690912895
18690912905
18690912950
18690912957
18690912959
18690912967
18690912973
18690912976
18690912985
18690913019
18690913034
18690913041
18690913045
18690913047
18690913049
18690913054
18690913085
18690913107
18690913154
18690913174
18690913182
18690913183
18690913194
18690913241
18690913243
18690913247
18690913251
18690913270
18690913271
18690913272
18690913273
18690913275
18690913276
18690913279
18690913293
18690913352
18690913509
18690913560
18690913573
18690913587
18690913627
18690913659
18690913670
18690913672
18690913673
18690913675
18690913685
18690913697
18690913756
18690913759
18690913761
18690913778
18690913781
18690913782
18690913807
18690913809
18690913812
18690913850
18690913851
18690913865
18690913870
18690913970
18690915014
18690915017
18690915034
18690915041
18690915042
18690915045
18690915049
18690915062
18690915064
18690915074
18690915092
18690915093
18690915102
18690915135
18690915170
18690915275
18690915287
18690915290
18690915293
18690915307
18690915340
18690915346
18690915347
18690915364
18690915374
18690915389
18690915395
18690915402
18690915405
18690915417
18690915419
18690915427
18690915473
18690915474
18690915479
18690915480
18690915483
18690915490
18690915496
18690915498
18690915512
18690915531
18690915572
18690915592
18690915631
18690915674
18690915684
18690915693
18690915694
18690915709
18690915713
18690915721
18690915731
18690915734
18690915740
18690915742
18690915743
18690915744
18690915746
18690915748
18690915754
18690915761
18690915774
18690915794
18690915814
18690915834
18690915839
18690915841
18690915842
18690915843
18690915845
18690915849
18690915871
18690915872
18690915875
18690915894
18690915897
18690915904
18690915923
18690915934
18690915937
18690915941
18690915964
18690915971
18690915974
18690915975
18690915984
18690916013
18690916027
18690916029
18690916032
18690916052
18690916053
18690916057
18690916059
18690916071
18690916072
18690916075
18690916092
18690916095
18690916103
18690916107
18690916127
18690916152
18690916153
18690916172
18690916173
18690916175
18690916176
18690916179
18690916192
18690916197
18690916205
18690916207
18690916213
18690916231
18690916235
18690916237
18690916251
18690916252
18690916257
18690916293
18690916312
18690916375
18690916583
18690916701
18690916702
18690916713
18690916729
18690916731
18690916732
18690916738
18690916752
18690916971
18690916972
18690916973
18690916975
18690917015
18690917061
18690917068
18690917069
18690917102
18690917127
18690917137
18690917150
18690917192
18690917193
18690917196
18690917232
18690917251
18690917252
18690917269
18690917280
18690917301
18690917306
18690917316
18690917327
18690917336
18690917356
18690917357
18690917358
18690917361
18690917362
18690917363
18690917365
18690917367
18690917390
18690917392
18690917505
18690917537
18690917562
18690917563
18690917569
18690917587
18690917613
18690917635
18690917638
18690917651
18690917657
18690917682
18690917690
18690917697
18690917723
18690917738
18690917803
18690917819
18690917850
18690917863
18690917871
18690917910
18690917935
18690917950
18690917957
18690917971
18690917973
18690917985
18690918020
18690918032
18690918079
18690918095
18690918097
18690918129
18690918135
18690918153
18690918162
18690918165
18690918197
18690918209
18690918213
18690918235
18690918239
18690918267
18690918279
18690918296
18690918307
18690918309
18690918317
18690918326
18690918351
18690918362
18690918363
18690918390
18690918392
18690918579
18690918590
18690918592
18690918603
18690918605
18690918607
18690918615
18690918631
18690918657
18690918693
18690918701
18690918715
18690918730
18690918732
18690918790
18690918925
18690918927
18690918953
18690918963
18690919073
18690919165
18690919172
18690919182
18690919201
18690919207
18690919252
18690919260
18690919275
18690919285
18690919301
18690919302
18690919305
18690919312
18690919316
18690919317
18690919320
18690919325
18690919326
18690919350
18690919356
18690919362
18690919382
18690919632
18690919767
18690919807
18690919867
18690921056
18690921057
18690921071
18690921075
18690921076
18690921079
18690921083
18690921095
18690921257
18690921265
18690921267
18690921271
18690921273
18690921275
18690921276
18690921293
18690921295
18690921297
18690921306
18690921307
18690921325
18690921327
18690921351
18690921365
18690921367
18690921501
18690921503
18690921506
18690921507
18690921529
18690921532
18690921637
18690921670
18690921672
18690921673
18690921679
18690921683
18690921687
18690921690
18690921692
18690921693
18690921697
18690921701
18690921705
18690921706
18690921709
18690921713
18690921721
18690921723
18690921730
18690921731
18690921736
18690921739
18690921759
18690921793
18690921807
18690921857
18690921865
18690921867
18690921872
18690921875
18690921891
18690921906
18690921907
18690921915
18690921917
18690921925
18690921927
18690921931
18690921932
18690921938
18690921950
18690921952
18690921953
18690922031
18690922037
18690922061
18690922097
18690922107
18690922137
18690922139
18690922153
18690922157
18690922170
18690922172
18690922173
18690922175
18690922179
18690922302
18690922359
18690922365
18690922391
18690922395
18690922397
18690922509
18690922513
18690922519
18690922531
18690922532
18690922536
18690922570
18690922573
18690922581
18690922591
18690922593
18690922595
18690922596
18690922602
18690922605
18690922607
18690922609
18690922612
18690922615
18690922617
18690922619
18690922630
18690922635
18690922637
18690922652
18690922653
18690922657
18690922670
18690922671
18690922673
18690922679
18690922685
18690922691
18690922692
18690922695
18690922705
18690922710
18690922715
18690922719
18690922725
18690922735
18690922736
18690922737
18690922739
18690922751
18690922753
18690922757
18690922758
18690922769
18690922781
18690922782
18690922783
18690922785
18690922791
18690922792
18690922793
18690922795
18690922798
18690922802
18690922803
18690922809
18690922815
18690922823
18690922831
18690922836
18690922837
18690922851
18690922853
18690922857
18690922867
18690922870
18690922873
18690922875
18690922879
18690922891
18690922903
18690922913
18690922921
18690922923
18690922935
18690922937
18690922950
18690922951
18690922952
18690922953
18690922956
18690922957
18690922965
18690922970
18690922971
18690922973
18690922975
18690922976
18690923017
18690923018
18690923021
18690923027
18690923032
18690923035
18690923051
18690923053
18690923057
18690923058
18690923059
18690923061
18690923063
18690923065
18690923067
18690923071
18690923072
18690923075
18690923076
18690923083
18690923085
18690923087
18690923093
18690923105
18690923107
18690923108
18690923109
18690923150
18690923152
18690923153
18690923157
18690923159
18690923160
18690923162
18690923165
18690923167
18690923173
18690923175
18690923176
18690923179
18690923182
18690923186
18690923187
18690923192
18690923196
18690923206
18690923209
18690923215
18690923219
18690923237
18690923251
18690923257
18690923259
18690923261
18690923263
18690923265
18690923270
18690923272
18690923278
18690923279
18690923289
18690923291
18690923293
18690923295
18690923296
18690923327
18690923356
18690923357
18690923365
18690923371
18690923375
18690923382
18690923395
18690923501
18690923502
18690923503
18690923506
18690923507
18690923513
18690923516
18690923517
18690923519
18690923529
18690923537
18690923560
18690923561
18690923562
18690923571
18690923572
18690923573
18690923581
18690923585
18690923587
18690923590
18690923592
18690923595
18690923597
18690923602
18690923603
18690923607
18690923612
18690923615
18690923617
18690923618
18690923621
18690923625
18690923627
18690923631
18690923632
18690923650
18690923651
18690923653
18690923657
18690923670
18690923671
18690923672
18690923673
18690923675
18690923683
18690923685
18690923687
18690923695
18690923697
18690923701
18690923702
18690923705
18690923706
18690923708
18690923709
18690923713
18690923715
18690923716
18690923720
18690923723
18690923725
18690923726
18690923729
18690923731
18690923732
18690923735
18690923750
18690923751
18690923752
18690923753
18690923756
18690923759
18690923761
18690923762
18690923763
18690923765
18690923767
18690923780
18690923781
18690923782
18690923783
18690923785
18690923793
18690923795
18690923796
18690923802
18690923803
18690923807
18690923809
18690923812
18690923813
18690923816
18690923817
18690923819
18690923827
18690923830
18690923852
18690923853
18690923857
18690923859
18690923861
18690923865
18690923867
18690923870
18690923872
18690923873
18690923875
18690923876
18690923879
18690923892
18690923893
18690923895
18690923896
18690923897
18690923901
18690923902
18690923906
18690923907
18690923912
18690923913
18690923916
18690923917
18690923920
18690923921
18690923925
18690923927
18690923935
18690923937
18690923952
18690923953
18690923963
18690923965
18690923967
18690923970
18690923973
18690923975
18690923979
18690923981
18690923983
18690923985
18690925038
18690925071
18690925163
18690925167
18690925170
18690925171
18690925172
18690925175
18690925176
18690925179
18690925183
18690925185
18690925191
18690925193
18690925195
18690925197
18690925227
18690925235
18690925236
18690925237
18690925239
18690925265
18690925276
18690925279
18690925293
18690925295
18690925302
18690925305
18690925306
18690925307
18690925309
18690925310
18690925312
18690925317
18690925319
18690925326
18690925327
18690925361
18690925362
18690925370
18690925376
18690925379
18690925381
18690925382
18690925387
18690925389
18690925392
18690925393
18690925395
18690925397
18690925507
18690925587
18690925606
18690925627
18690925631
18690925650
18690925652
18690925672
18690925691
18690925697
18690925706
18690925713
18690925715
18690925716
18690925718
18690925719
18690925720
18690925721
18690925725
18690925731
18690925732
18690925738
18690925739
18690925750
18690925751
18690925761
18690925762
18690925763
18690925765
18690925769
18690925773
18690925781
18690925782
18690925783
18690925791
18690925792
18690925793
18690925796
18690925797
18690925801
18690925803
18690925810
18690925815
18690925819
18690925831
18690925835
18690925836
18690925837
18690925870
18690925871
18690925872
18690925873
18690925875
18690925876
18690925879
18690925891
18690925892
18690925893
18690925897
18690925901
18690925902
18690925905
18690925907
18690925908
18690925913
18690925915
18690925917
18690925921
18690925923
18690925930
18690925932
18690925935
18690925937
18690925951
18690925961
18690925962
18690925965
18690925970
18690925971
18690925973
18690925975
18690925985
18690925986
18690926013
18690926017
18690926019
18690926027
18690926032
18690926035
18690926039
18690926051
18690926053
18690926059
18690926063
18690926067
18690926071
18690926073
18690926079
18690926082
18690926083
18690926087
18690926093
18690926102
18690926105
18690926107
18690926108
18690926109
18690926120
18690926125
18690926130
18690926132
18690926135
18690926151
18690926157
18690926159
18690926172
18690926179
18690926192
18690926193
18690926195
18690926205
18690926210
18690926215
18690926217
18690926219
18690926231
18690926235
18690926257
18690926270
18690926276
18690926278
18690926279
18690926287
18690926290
18690926295
18690926297
18690926298
18690926301
18690926302
18690926305
18690926309
18690926312
18690926319
18690926327
18690926337
18690926350
18690926351
18690926352
18690926356
18690926361
18690926370
18690926372
18690926375
18690926376
18690926380
18690926381
18690926382
18690926387
18690926390
18690926391
18690926392
18690926397
18690926398
18690926512
18690926517
18690926519
18690926523
18690926531
18690926532
18690926537
18690926538
18690926571
18690926572
18690926573
18690926579
18690926580
18690926581
18690926582
18690926583
18690926587
18690926592
18690926597
18690926671
18690926672
18690926702
18690926708
18690926709
18690926712
18690926719
18690926721
18690926723
18690926725
18690926730
18690926732
18690926735
18690926738
18690926739
18690926750
18690926751
18690926752
18690926753
18690926775
18690926782
18690926792
18690926793
18690926796
18690926803
18690926805
18690926809
18690926810
18690926821
18690926823
18690926826
18690926827
18690926830
18690926831
18690926835
18690926837
18690926850
18690926851
18690926857
18690926859
18690926865
18690926871
18690926873
18690926891
18690926893
18690926895
18690926910
18690926912
18690926913
18690926915
18690926917
18690926921
18690926925
18690926926
18690926927
18690926930
18690926931
18690926932
18690926953
18690926956
18690926957
18690926971
18690926972
18690926981
18690927056
18690927127
18690927253
18690927269
18690927316
18690927351
18690927390
18690927501
18690927596
18690927662
18690927791
18690927862
18690927865
18690927871
18690928219
18690928257
18690928275
18690928572
18690928573
18690928595
18690928613
18690928961
18690929613
18690929617
18690929621
18690929625
18690929631
18690929635
18690929637
18690929651
18690929652
18690929653
18690929657
18690929672
18690929673
18690929675
18690929683
18690929710
18690929713
18690929716
18690929723
18690929727
18690929728
18690929735
18690929738
18690929739
18690929751
18690929765
18690929782
18690929783
18690929791
18690929802
18690929807
18690929809
18690929810
18690929812
18690929815
18690929817
18690929825
18690929831
18690929836
18690929837
18690929852
18690929856
18690929857
18690929863
18690929873
18690929875
18690929953
18690929965
18690930162
18690930171
18690930173
18690930187
18690930195
18690930257
18690930273
18690930276
18690930278
18690930285
18690930372
18690930563
18690930571
18690930592
18690930670
18690930691
18690930729
18690930738
18690930752
18690930783
18690930793
18690930871
18690930937
18690930961
18690931035
18690931051
18690931079
18690931095
18690931179
18690931183
18690931270
18690931275
18690931367
18690931370
18690931387
18690931393
18690931447
18690931503
18690931561
18690931562
18690931571
18690931572
18690931592
18690931593
18690931597
18690931650
18690931654
18690931672
18690931719
18690931732
18690931735
18690931762
18690931780
18690931785
18690931793
18690931827
18690931831
18690931835
18690931852
18690931890
18690931952
18690931961
18690931962
18690931973
18690932031
18690932037
18690932038
18690932087
18690932152
18690932163
18690932193
18690932267
18690932305
18690932315
18690932319
18690932351
18690932357
18690932359
18690932365
18690932371
18690932385
18690932392
18690932398
18690932503
18690932507
18690932537
18690932571
18690932576
18690932593
18690932607
18690932613
18690932615
18690932617
18690932619
18690932621
18690932630
18690932632
18690932635
18690932637
18690932673
18690932702
18690932709
18690932713
18690932732
18690932751
18690932758
18690932790
18690932791
18690932793
18690932795
18690932815
18690932817
18690932835
18690932851
18690932879
18690932897
18690932936
18690932937
18690932938
18690932950
18690932970
18690932975
18690932987
18690933026
18690933052
18690933061
18690933067
18690933102
18690933129
18690933207
18690933214
18690933217
18690933257
18690933259
18690933267
18690933269
18690933279
18690933281
18690933295
18690933571
18690933576
18690933605
18690933617
18690933670
18690933672
18690933681
18690933697
18690933706
18690933708
18690933715
18690933726
18690933783
18690933791
18690933851
18690933857
18690933861
18690933873
18690933908
18690933952
18690933953
18690933970
18690933985
18690934015
18690934026
18690935023
18690935031
18690935061
18690935072
18690935076
18690935107
18690935130
18690935160
18690935167
18690935172
18690935175
18690935179
18690935239
18690935261
18690935263
18690935265
18690935279
18690935297
18690935312
18690935327
18690935381
18690935571
18690935617
18690935651
18690935672
18690935709
18690935719
18690935723
18690935732
18690935735
18690935736
18690935739
18690935781
18690935791
18690935793
18690935805
18690935831
18690935832
18690935867
18690935871
18690935872
18690935873
18690935902
18690935927
18690935937
18690935952
18690936035
18690936039
18690936051
18690936087
18690936091
18690936095
18690936109
18690936127
18690936135
18690936159
18690936165
18690936197
18690936205
18690936213
18690936257
18690936259
18690936270
18690936281
18690936293
18690936307
18690936315
18690936351
18690936371
18690936392
18690936420
18690936503
18690936507
18690936529
18690936530
18690936579
18690936590
18690936591
18690936597
18690936713
18690936720
18690936726
18690936729
18690936737
18690936762
18690936851
18690936907
18690936913
18690936921
18690936925
18690936935
18690936971
18690936982
18690937057
18690937128
18690937173
18690937208
18690937215
18690937252
18690937285
18690937301
18690937312
18690937319
18690937325
18690937513
18690937529
18690937562
18690937563
18690937582
18690937596
18690937602
18690937612
18690937615
18690937651
18690937850
18690937902
18690938039
18690938071
18690938097
18690938193
18690938197
18690938210
18690938235
18690938237
18690938252
18690938263
18690938290
18690938293
18690938317
18690938320
18690938357
18690938361
18690938371
18690938375
18690938391
18690938501
18690938502
18690938507
18690938512
18690938513
18690938592
18690938631
18690938670
18690938671
18690938675
18690938692
18690938703
18690938710
18690938712
18690938715
18690938729
18690938751
18690938753
18690938759
18690938913
18690938917
18690938927
18690938952
18690938956
18690938975
18690939037
18690939107
18690939127
18690939129
18690939162
18690939163
18690939182
18690939183
18690939203
18690939219
18690939261
18690939275
18690939281
18690939310
18690939315
18690939501
18690939502
18690939532
18690939535
18690939563
18690939570
18690939572
18690939575
18690939578
18690939579
18690939602
18690939635
18690939651
18690939652
18690939653
18690939673
18690939713
18690939715
18690939725
18690939730
18690939732
18690939751
18690939756
18690939760
18690939762
18690939763
18690939785
18690939812
18690939826
18690942281
90136152649
