15688310252
15688310268
15688310271
15688310278
15688310279
15688310282
15688310371
15688310537
15688310575
15688310639
15688310681
15688310685
15688310687
15688310759
15688310776
15688310860
15688310891
15688310961
15688310962
15688310969
15688311091
15688311283
15688311296
15688311337
15688311503
15688311595
15688311596
15688311612
15688311630
15688311667
15688311670
15688311806
15688311871
15688311902
15688311907
15688311925
15688312026
15688312109
15688312156
15688312171
15688312185
15688312353
15688312380
15688312506
15688312531
15688312537
15688312586
15688312597
15688312605
15688312698
15688312705
15688312716
15688312767
15688312768
15688312779
15688312836
15688312839
15688312859
15688312861
15688312870
15688312887
15688312935
15688312978
15688312985
15688312989
15688313083
15688313092
15688313178
15688313179
15688313209
15688313265
15688313272
15688313276
15688313278
15688313285
15688313286
15688313518
15688313589
15688313629
15688313680
15688313712
15688313719
15688313750
15688313768
15688313781
15688313807
15688313812
15688313819
15688313861
15688313879
15688313953
15688313968
15688313969
15688313985
15688316659
15688316670
15688316673
15688316675
15688316679
15688316685
15688316692
15688316695
15688316701
15688316702
15688316703
15688316705
15688316706
15688316707
15688316708
15688316709
15688316710
15688316712
15688316713
15688316715
15688316716
15688316717
15688316718
15688316719
15688316720
15688316721
15688316725
15688316726
15688316728
15688316729
15688316731
15688316732
15688316735
15688316736
15688316737
15688316739
15688316750
15688316751
15688316752
15688316756
15688316757
15688316758
15688316759
15688316763
15688316765
15688316771
15688316773
15688316775
15688316776
15688316778
15688316779
15688316780
15688316781
15688316782
15688316783
15688316786
15688316790
15688316791
15688316792
15688316793
15688316795
15688316796
15688316797
15688316798
15688316803
15688316805
15688316806
15688316809
15688316810
15688316812
15688316817
15688316821
15688316825
15688316826
15688316832
15688316835
15688316837
15688316839
15688316850
15688316851
15688316852
15688316853
15688316856
15688316857
15688316859
15688316862
15688316867
15688316870
15688316871
15688316872
15688316873
15688316875
15688316879
15688316891
15688316892
15688316895
15688316897
15688316902
15688316905
15688316906
15688316909
15688316910
15688316913
15688316916
15688316917
15688316920
15688316921
15688316925
15688316927
15688316929
15688316930
15688316931
15688316935
15688316937
15688316951
15688316952
15688316956
15688316957
15688316958
15688316960
15688316961
15688316962
15688316963
15688316965
15688316967
15688316970
15688316971
15688316972
15688316973
15688316975
15688316976
15688316981
15688316982
15688316983
15688316985
15688316986
15688316987
15688316989
15688316990
15688316991
15688316997
15688316998
15688317013
15688317016
15688317018
15688317019
15688317021
15688317023
15688317025
15688317026
15688317027
15688317029
15688317032
15688317036
15688317037
15688317038
15688317039
15688317052
15688317056
15688317057
15688317058
15688317059
15688317061
15688317062
15688317063
15688317067
15688317068
15688317069
15688317072
15688317073
15688317075
15688317076
15688317078
15688317079
15688317081
15688317082
15688317083
15688317085
15688317086
15688317087
15688317092
15688317093
15688317095
15688317098
15688317103
15688317105
15688317106
15688317107
15688317108
15688317109
15688317125
15688317126
15688317129
15688317132
15688317137
15688317139
15688317150
15688317152
15688317156
15688317157
15688317159
15688317160
15688317161
15688317162
15688317163
15688317167
15688317168
15688317169
15688317179
15688317180
15688317182
15688317183
15688317185
15688317189
15688317193
15688317195
15688317201
15688317202
15688317203
15688317205
15688317206
15688317210
15688317213
15688317215
15688317216
15688317217
15688317218
15688317219
15688317221
15688317226
15688317229
15688317230
15688317231
15688317232
15688317235
15688317237
15688317251
15688317252
15688317253
15688317256
15688317257
15688317259
15688317260
15688317261
15688317262
15688317263
15688317265
15688317267
15688317268
15688317275
15688317276
15688317280
15688317283
15688317286
15688317287
15688317289
15688317291
15688317296
15688317297
15688317298
15688317301
15688317302
15688317305
15688317306
15688317308
15688317309
15688317310
15688317312
15688317315
15688317320
15688317321
15688317323
15688317325
15688317326
15688317328
15688317329
15688317330
15688317336
15688317338
15688317339
15688317350
15688317351
15688317352
15688317353
15688317356
15688317357
15688317358
15688317359
15688317363
15688317365
15688317368
15688317369
15688317371
15688317372
15688317376
15688317378
15688317380
15688317381
15688317382
15688317383
15688317385
15688317387
15688317389
15688317391
15688317392
15688317395
15688317396
15688317397
15688317398
15688317501
15688317503
15688317505
15688317506
15688317508
15688317509
15688317512
15688317513
15688317517
15688317526
15688317527
15688317528
15688317529
15688317530
15688317531
15688317532
15688317535
15688317536
15688317537
15688317538
15688317539
15688317550
15688317551
15688317552
15688317553
15688317556
15688317558
15688317559
15688317560
15688317562
15688317563
15688317569
15688317571
15688317576
15688317578
15688317580
15688317582
15688317583
15688317589
15688317590
15688317591
15688317592
15688317593
15688317597
15688317598
15688317602
15688317603
15688317605
15688317606
15688317608
15688317609
15688317615
15688317618
15688317619
15688317625
15688317627
15688317628
15688317629
15688317630
15688317631
15688317635
15688317636
15688317638
15688317639
15688317650
15688317651
15688317652
15688317653
15688317657
15688317658
15688317659
15688317662
15688317665
15688317669
15688317670
15688317671
15688317672
15688317675
15688317680
15688317682
15688317683
15688317685
15688317686
15688317687
15688317692
15688317693
15688317695
15688317696
15688317697
15688317702
15688317721
15688317725
15688317728
15688317729
15688317736
15688317739
15688317750
15688317751
15688317752
15688317753
15688317756
15688317759
15688317761
15688317762
15688317763
15688317769
15688317780
15688317782
15688317785
15688317786
15688317790
15688317791
15688317793
15688317795
15688317801
15688317802
15688317805
15688317806
15688317807
15688317809
15688317810
15688317812
15688317813
15688317815
15688317816
15688317817
15688317819
15688317820
15688317821
15688317823
15688317825
15688317826
15688317827
15688317828
15688317829
15688317831
15688317832
15688317836
15688317837
15688317838
15688317839
15688317850
15688317851
15688317852
15688317853
15688317856
15688317857
15688317860
15688317861
15688317862
15688317863
15688317869
15688317872
15688317875
15688317879
15688317882
15688317883
15688317893
15688317901
15688317903
15688317905
15688317907
15688317912
15688317913
15688317915
15688317916
15688317917
15688317920
15688317921
15688317923
15688317925
15688317927
15688317928
15688317929
15688317931
15688317935
15688317936
15688317937
15688317950
15688317951
15688317952
15688317953
15688317956
15688317957
15688317958
15688317959
15688317960
15688317962
15688317965
15688317967
15688317968
15688317969
15688317971
15688317973
15688317976
15688317981
15688317982
15688317983
15688317985
15688317986
15688317987
15688317989
15688318013
15688318015
15688318016
15688318021
15688318025
15688318026
15688318027
15688318029
15688318035
15688318036
15688318037
15688318039
15688318053
15688318056
15688318059
15688318062
15688318065
15688318073
15688318079
15688318082
15688318095
15688318096
15688318098
15688318103
15688318105
15688318107
15688318120
15688318125
15688318126
15688318128
15688318129
15688318162
15688318163
15688318167
15688318178
15688318179
15688318187
15688318190
15688318192
15688318195
15688318197
15688318201
15688318205
15688318209
15688318214
15688318229
15688318230
15688318232
15688318235
15688318236
15688318237
15688318248
15688318249
15688318250
15688318251
15688318253
15688318254
15688318257
15688318259
15688318260
15688318263
15688318264
15688318265
15688318269
15688318271
15688318273
15688318274
15688318275
15688318281
15688318284
15688318286
15688318289
15688318292
15688318293
15688318294
15688318295
15688318302
15688318304
15688318307
15688318309
15688318310
15688318317
15688318326
15688318327
15688318332
15688318337
15688318359
15688318361
15688318364
15688318365
15688318367
15688318370
15688318371
15688318372
15688318374
15688318375
15688318376
15688318378
15688318379
15688318384
15688318387
15688318391
15688318392
15688318394
15688318395
15688318396
15688318397
15688318451
15688318452
15688318453
15688318454
15688318457
15688318458
15688318459
15688318460
15688318461
15688318462
15688318463
15688318464
15688318465
15688318467
15688318468
15688318469
15688318470
15688318471
15688318472
15688318473
15688318474
15688318475
15688318476
15688318478
15688318479
15688318480
15688318481
15688318482
15688318483
15688318485
15688318486
15688318487
15688318489
15688318490
15688318491
15688318492
15688318493
15688318494
15688318495
15688318496
15688318497
15688318498
15688318503
15688318504
15688318506
15688318512
15688318513
15688318515
15688318516
15688318527
15688318529
15688318530
15688318542
15688318546
15688318579
15688318650
15688318652
15688318698
15688318702
15688318705
15688318706
15688318707
15688318716
15688318717
15688318721
15688318723
15688318724
15688318726
15688318730
15688318731
15688318732
15688318737
15688318739
15688318740
15688318741
15688318747
15688318748
15688318751
15688318752
15688318756
15688318758
15688318767
15688318768
15688318769
15688318772
15688318779
15688318785
15688318793
15688318807
15688318854
15688318873
15688318874
15688318961
15688318985
15688319004
15688319010
15688319014
15688319016
15688319017
15688319019
15688319021
15688319024
15688319025
15688319026
15688319027
15688319029
15688319030
15688319031
15688319032
15688319034
15688319035
15688319037
15688319038
15688319039
15688319040
15688319041
15688319042
15688319043
15688319044
15688319045
15688319047
15688319048
15688319049
15688319051
15688319052
15688319053
15688319054
15688319056
15688319061
15688319062
15688319064
15688319065
15688319067
15688319070
15688319071
15688319072
15688319073
15688319074
15688319075
15688319076
15688319078
15688319080
15688319081
15688319083
15688319084
15688319086
15688319087
15688319092
15688319094
15688319095
15688319097
15688319102
15688319103
15688319104
15688319105
15688319107
15688319109
15688319112
15688319114
15688319115
15688319120
15688319124
15688319125
15688319127
15688319129
15688319130
15688319132
15688319134
15688319136
15688319137
15688319138
15688319140
15688319141
15688319142
15688319143
15688319144
15688319145
15688319146
15688319147
15688319148
15688319149
15688319150
15688319152
15688319154
15688319156
15688319157
15688319158
15688319159
15688319160
15688319162
15688319163
15688319164
15688319167
15688319170
15688319174
15688319175
15688319178
15688319179
15688319183
15688319184
15688319185
15688319187
15688319189
15688319194
15688319196
15688319201
15688319203
15688319204
15688319205
15688319208
15688319209
15688319210
15688319212
15688319214
15688319215
15688319217
15688319218
15688319219
15688319223
15688319224
15688319225
15688319226
15688319227
15688319228
15688319230
15688319234
15688319235
15688319236
15688319238
15688319240
15688319241
15688319242
15688319243
15688319244
15688319245
15688319246
15688319247
15688319248
15688319249
15688319250
15688319252
15688319253
15688319254
15688319256
15688319257
15688319258
15688319260
15688319261
15688319263
15688319264
15688319265
15688319267
15688319268
15688319269
15688319270
15688319272
15688319274
15688319275
15688319276
15688319278
15688319280
15688319281
15688319282
15688319283
15688319284
15688319285
15688319287
15688319289
15688319291
15688319293
15688319294
15688319295
15688319297
15688319298
15688319303
15688319304
15688319305
15688319306
15688319307
15688319309
15688319310
15688319314
15688319315
15688319316
15688319317
15688319318
15688319319
15688319320
15688319323
15688319324
15688319325
15688319326
15688319327
15688319328
15688319329
15688319331
15688319332
15688319334
15688319336
15688319337
15688319340
15688319341
15688319342
15688319343
15688319344
15688319345
15688319347
15688319348
15688319349
15688319350
15688319351
15688319354
15688319356
15688319359
15688319360
15688319361
15688319362
15688319363
15688319364
15688319365
15688319369
15688319370
15688319371
15688319372
15688319374
15688319375
15688319376
15688319378
15688319379
15688319380
15688319384
15688319385
15688319386
15688319387
15688319392
15688319394
15688319395
15688319396
15688319397
15688319401
15688319402
15688319403
15688319405
15688319406
15688319407
15688319408
15688319409
15688319410
15688319412
15688319413
15688319414
15688319416
15688319417
15688319418
15688319419
15688319420
15688319421
15688319423
15688319424
15688319425
15688319426
15688319427
15688319428
15688319429
15688319430
15688319431
15688319432
15688319434
15688319435
15688319436
15688319437
15688319438
15688319439
15688319440
15688319441
15688319442
15688319443
15688319445
15688319446
15688319447
15688319448
15688319449
15688319450
15688319451
15688319452
15688319453
15688319456
15688319457
15688319458
15688319459
15688319460
15688319461
15688319462
15688319463
15688319464
15688319465
15688319467
15688319468
15688319469
15688319470
15688319471
15688319472
15688319473
15688319474
15688319475
15688319476
15688319478
15688319479
15688319480
15688319481
15688319482
15688319483
15688319484
15688319485
15688319486
15688319487
15688319489
15688319490
15688319492
15688319493
15688319494
15688319496
15688319497
15688319498
15688319501
15688319502
15688319503
15688319504
15688319505
15688319506
15688319507
15688319509
15688319510
15688319512
15688319515
15688319516
15688319517
15688319523
15688319524
15688319528
15688319529
15688319532
15688319534
15688319535
15688319536
15688319537
15688319539
15688319540
15688319541
15688319542
15688319543
15688319544
15688319545
15688319546
15688319547
15688319548
15688319549
15688319552
15688319554
15688319558
15688319560
15688319561
15688319562
15688319564
15688319565
15688319569
15688319570
15688319571
15688319572
15688319573
15688319574
15688319575
15688319576
15688319579
15688319581
15688319583
15688319584
15688319586
15688319587
15688319589
15688319591
15688319592
15688319593
15688319596
15688319597
15688319601
15688319603
15688319604
15688319607
15688319613
15688319614
15688319615
15688319616
15688319621
15688319623
15688319625
15688319626
15688319627
15688319628
15688319629
15688319630
15688319631
15688319632
15688319635
15688319636
15688319637
15688319638
15688319639
15688319640
15688319641
15688319642
15688319643
15688319644
15688319645
15688319646
15688319647
15688319648
15688319651
15688319653
15688319654
15688319656
15688319657
15688319658
15688319659
15688319662
15688319663
15688319665
15688319670
15688319672
15688319674
15688319675
15688319681
15688319683
15688319684
15688319685
15688319687
15688319689
15688319690
15688319692
15688319694
15688319695
15688319702
15688319703
15688319704
15688319705
15688319706
15688319707
15688319709
15688319712
15688319713
15688319714
15688319716
15688319720
15688319721
15688319725
15688319726
15688319728
15688319729
15688319730
15688319731
15688319732
15688319734
15688319735
15688319736
15688319738
15688319740
15688319741
15688319742
15688319743
15688319744
15688319746
15688319747
15688319748
15688319749
15688319750
15688319751
15688319752
15688319753
15688319754
15688319756
15688319757
15688319762
15688319763
15688319764
15688319765
15688319768
15688319769
15688319770
15688319771
15688319772
15688319774
15688319775
15688319778
15688319780
15688319781
15688319782
15688319783
15688319784
15688319785
15688319786
15688319792
15688319793
15688319794
15688319795
15688319798
15688319801
15688319802
15688319803
15688319804
15688319805
15688319806
15688319807
15688319813
15688319814
15688319815
15688319816
15688319817
15688319824
15688319825
15688319826
15688319827
15688319830
15688319835
15688319836
15688319839
15688319840
15688319841
15688319842
15688319843
15688319844
15688319845
15688319846
15688319847
15688319848
15688319849
15688319850
15688319851
15688319853
15688319854
15688319856
15688319857
15688319859
15688319860
15688319862
15688319863
15688319864
15688319867
15688319871
15688319872
15688319873
15688319874
15688319875
15688319883
15688319884
15688319887
15688319892
15688319894
15688319895
15688319903
15688319904
15688319914
15688319920
15688319923
15688319924
15688319925
15688319934
15688319935
15688319937
15688319938
15688319941
15688319942
15688319945
15688319946
15688319947
15688319948
15688319951
15688319952
15688319953
15688319954
15688319957
15688319958
15688319962
15688319964
15688319965
15688319967
15688319971
15688319972
15688319974
15688319975
15688319976
15688319979
15688319980
15688319983
15688319984
15688319985
16609951054
16609951458
16609951594
16609952094
16609952144
16609953346
16609953493
16609953614
16609953759
16609953842
16609954037
16609954103
16609954134
16609954173
16609954347
16609954378
16609954620
16609954638
16609954681
16609954685
16609954780
16609954817
16609954892
16609954970
16609954982
16609955413
16609955849
16609955864
16609956427
16609956445
16609956453
16609956574
16609956734
16609957047
16609957405
16699250271
16699250342
16699250857
16699251285
16699251561
16699251849
16699251967
16699252144
16699252493
16699252756
16699252843
16699252851
16699252871
16699252981
16699253075
16699253085
16699255062
16699255182
16699255291
16699255309
16699255317
16699255365
16699255370
16699255391
16699255698
16699255705
16699255795
16699255798
16699255819
16699255863
16699255908
16699255926
16699255963
16699256071
16699256115
16699256157
16699256201
16699256239
16699256297
16699256303
16699256315
16699256317
16699256361
16699256375
16699256390
16699256395
16699256517
16699256572
16699256728
16699256738
16699256752
16699256791
16699256802
16699256803
16699256873
16699257031
16699257056
16699257065
16699257083
16699257112
16699257130
16699257167
16699257183
16699257213
16699257250
16699257253
16699257271
16699257283
16699257285
16699257307
16699257327
16699257352
16699257382
16699257386
16699257398
16699257510
16699257561
16699257595
16699257612
16699257613
16699257617
16699257735
16699257759
16699257785
16699257837
16699257857
16699257897
16699257902
16699257907
16699257910
16699257956
16699257962
16699258037
16699258039
16699258063
16699258358
16699258360
16699258365
16699258373
16699258398
16699258510
16699258537
16699258570
16699258578
16699258583
16699258612
16699258673
16699258726
16699258736
16699258757
16699258763
16699258907
16699258952
16699258970
16699258972
16699259026
16699259101
16699259103
16699259152
16699259361
16699259362
16699259385
16699259503
16699259750
16699259831
17509950013
17509950014
17509950015
17509950016
17509950019
17509950021
17509950023
17509950024
17509950026
17509950028
17509950030
17509950031
17509950034
17509950035
17509950037
17509950039
17509950041
17509950042
17509950043
17509950046
17509950047
17509950048
17509950049
17509950052
17509950053
17509950054
17509950056
17509950057
17509950062
17509950063
17509950064
17509950065
17509950067
17509950071
17509950078
17509950081
17509950082
17509950083
17509950084
17509950087
17509950089
17509950091
17509950092
17509950093
17509950094
17509950141
17509950142
17509950143
17509950144
17509950145
17509950146
17509950147
17509950149
17509950160
17509950161
17509950162
17509950163
17509950164
17509950165
17509950167
17509950168
17509950204
17509950206
17509950207
17509950209
17509950210
17509950214
17509950215
17509950216
17509950217
17509950219
17509950220
17509950221
17509950223
17509950226
17509950228
17509950230
17509950231
17609956187
17609959673
17699153183
17699155729
17699157163
17699157960
17699159197
17699643252
17699645540
17699645832
17699645835
17699645836
17699645841
17699645843
17699645849
17699645853
17699645862
17699645867
17699645879
17699645891
17699645895
17699645897
17699645903
17699645926
17699645932
17699645943
17699645946
17699645957
17699645960
17699645965
17699645967
17699645975
17699645976
17699645981
17699645984
17699645985
17699645986
17699645995
17699646014
17699646017
17699646019
17699646027
17699646039
17699646045
17699646051
17699646057
17699646065
17699646068
17699646070
17699646072
17699646079
17699646080
17699646085
17699646089
17699646093
17699646096
17699646097
17699646104
17699646106
17699646107
17699646108
17699646112
17699646118
17699646127
17699646129
17699646132
17699646138
17699646142
17699646143
17699646145
17699646156
17699646157
17699646165
17699646170
17699646172
17699646173
17699646174
17699646175
17699646178
17699646179
17699646183
17699646184
17699646185
17699646190
17699646193
17699646197
17699646201
17699646204
17699646219
17699646220
17699646221
17699646226
17699646228
17699646230
17699646234
17699646237
17699646238
17699646239
17699646240
17699646247
17699646254
17699646257
17699646259
17699646260
17699646271
17699646273
17699646274
17699646280
17699646281
17699646295
17699646301
17699646304
17699646305
17699646307
17699646315
17699646329
17699646334
17699646335
17699646338
17699646340
17699646341
17699646343
17699646345
17699646347
17699646348
17699646350
17699646353
17699646359
17699646372
17699646373
17699646381
17699646382
17699646384
17699646395
17699646409
17699646410
17699646413
17699646417
17699646426
17699646427
17699646428
17699646448
17699646457
17699646465
17699646473
17699646479
17699646480
17699646483
17699646491
17699646493
17699646495
17699646502
17699646504
17699646507
17699646515
17699646523
17699646527
17699646529
17699646531
17699646535
17699646536
17699646537
17699646538
17699646547
17699646548
17699646549
17699646553
17699646573
17699646574
17699646576
17699646579
17699646582
17699646583
17699646584
17699646587
17699646593
17699646597
17699646604
17699646628
17699646631
17699646637
17699646639
17699646675
17699646676
17699646684
17699646702
17699646707
17699646712
17699646715
17699646725
17699646732
17699646736
17699646741
17699646742
17699646746
17699646748
17699646751
17699646753
17699646758
17699646761
17699646764
17699646772
17699646774
17699646794
17699646801
17699646803
17699646805
17699646812
17699646827
17699646829
17699646832
17699646840
17699646843
17699646847
17699646848
17699646851
17699646852
17699646854
17699646864
17699646870
17699646871
17699646872
17699646876
17699646879
17699646881
17699646885
17699646894
17699646897
17699646898
17699646901
17699646907
17699646908
17699646927
17699646929
17699646935
17699646939
17699646942
17699646943
17699646945
17699646947
17699646948
17699646952
17699646953
17699646974
17699646982
17699646991
17699647008
17699647013
17699647025
17699647026
17699647029
17699647031
17699647032
17699647041
17699647042
17699647043
17699647045
17699647046
17699647048
17699647049
17699647051
17699647052
17699647053
17699647061
17699647075
17699647083
17699647091
17699647094
17699647095
17699647098
17699647102
17699647105
17699647108
17699647118
17699647120
17699647126
17699647127
17699647128
17699647130
17699647139
17699647141
17699647145
17699647148
17699647161
17699647163
17699647164
17699647178
17699647182
17699647183
17699647194
17699647204
17699647206
17699647214
17699647220
17699647229
17699647235
17699647236
17699647237
17699647244
17699647249
17699647252
17699647257
17699647259
17699647267
17699647269
17699647273
17699647274
17699647280
17699647285
17699647290
17699647292
17699647294
17699647295
17699647303
17699647310
17699647316
17699647325
17699647328
17699647330
17699647334
17699647337
17699647339
17699647350
17699647352
17699647354
17699647356
17699647358
17699647364
17699647367
17699647368
17699647378
17699647381
17699647384
17699647386
17699647395
17699647396
17699647397
17699647398
17699647402
17699647404
17699647408
17699647409
17699647418
17699647419
17699647420
17699647434
17699647439
17699647441
17699647442
17699647443
17699647446
17699647448
17699647452
17699647457
17699647461
17699647463
17699647479
17699647481
17699647483
17699647493
17699647495
17699647496
17699647503
17699647507
17699647514
17699647518
17699647521
17699647529
17699647532
17699647534
17699647536
17699647537
17699647543
17699647546
17699647549
17699647552
17699647553
17699647562
17699647563
17699647564
17699647570
17699647573
17699647574
17699647580
17699647583
17699647586
17699647587
17699647589
17699647590
17699647591
17699647593
17699647597
17699647598
17699647603
17699647604
17699647605
17699647608
17699647612
17699647613
17699647618
17699647637
17699647640
17699647642
17699647643
17699647646
17699647648
17699647652
17699647658
17699647694
17699647695
17699647714
17699647715
17699647718
17699647724
17699647726
17699647729
17699647736
17699647746
17699647748
17699647781
17699647783
17699647785
17699647803
17699647804
17699647810
17699647813
17699647814
17699647818
17699647825
17699647829
17699647836
17699647844
17699647846
17699647847
17699647857
17699647858
17699647859
17699647864
17699647869
17699647875
17699647891
17699647898
17699647901
17699647902
17699647904
17699647910
17699647926
17699647928
17699647935
17699647936
17699647939
17699647940
17699647946
17699647948
17699647951
17699647953
17699647963
17699647964
17699647965
17699647982
17699647984
17699647992
17699648004
17699648014
17699648015
17699648028
17699648031
17699648034
17699648037
17699648042
17699648044
17699648049
17699648050
17699648051
17699648054
17699648057
17699648061
17699648064
17699648065
17699648068
17699648074
17699648078
17699648084
17699648091
17699648092
17699648095
17699648103
17699648105
17699648107
17699648109
17699648128
17699648131
17699648132
17699648143
17699648146
17699648149
17699648150
17699648154
17699648156
17699648157
17699648172
17699648178
17699648195
17699648197
17699648198
17699648201
17699648210
17699648215
17699648217
17699648219
17699648224
17699648225
17699648234
17699648247
17699648251
17699648253
17699648257
17699648258
17699648265
17699648267
17699648272
17699648276
17699648293
17699648304
17699648305
17699648309
17699648314
17699648316
17699648318
17699648319
17699648326
17699648340
17699648341
17699648342
17699648349
17699648353
17699648354
17699648356
17699648364
17699648367
17699648387
17699648392
17699648395
17699648396
17699648397
17699648401
17699648405
17699648407
17699648412
17699648423
17699648427
17699648434
17699648439
17699648443
17699648447
17699648452
17699648453
17699648460
17699648461
17699648467
17699648469
17699648473
17699648476
17699648490
17699648492
17699648496
17699648498
17699648501
17699648509
17699648510
17699648514
17699648516
17699648517
17699648537
17699648539
17699648542
17699648557
17699648574
17699648578
17699648579
17699648589
17699648591
17699648592
17699648596
17699648597
17699648606
17699648617
17699648620
17699648634
17699648640
17699648643
17699648647
17699648649
17699648650
17699648654
17699648656
17699648659
17699648665
17699648680
17699648694
17699648698
17699648704
17699648705
17699648712
17699648713
17699648718
17699648719
17699648721
17699648756
17699648760
17699648778
17699648782
17699648786
17699648790
17699648792
17699648794
17699648810
17699648817
17699648825
17699648843
17699648847
17699648854
17699648873
17699648876
17699648903
17699648904
17699648907
17699648914
17699648916
17699648919
17699648920
17699648921
17699648923
17699648926
17699648931
17699648935
17699648937
17699648942
17699648957
17699648991
17699648997
17699649002
17699649004
17699649013
17699649014
17699649016
17699649019
17699649035
17699649036
17699649041
17699649043
17699649046
17699649051
17699649054
17699649058
17699649060
17699649070
17699649075
17699649085
17699649094
17699649107
17699649117
17699649127
17699649130
17699649135
17699649136
17699649138
17699649142
17699649143
17699649147
17699649152
17699649154
17699649156
17699649165
17699649179
17699649184
17699649196
17699649201
17699649216
17699649217
17699649228
17699649231
17699649237
17699649241
17699649247
17699649248
17699649249
17699649254
17699649259
17699649264
17699649265
17699649272
17699649276
17699649279
17699649283
17699649287
17699649289
17699649290
17699649297
17699649301
17699649307
17699649309
17699649312
17699649317
17699649320
17699649324
17699649328
17699649336
17699649337
17699649342
17699649347
17699649349
17699649350
17699649353
17699649356
17699649364
17699649367
17699649369
17699649370
17699649374
17699649405
17699649408
17699649416
17699649417
17699649421
17699649429
17699649431
17699649437
17699649438
17699649449
17699649450
17699649454
17699649457
17699649459
17699649469
17699649473
17699649476
17699649486
17699649487
17699649502
17699649505
17699649507
17699649516
17699649525
17699649532
17699649535
17699649536
17699649538
17699649545
17699649552
17699649557
17699649560
17699649563
17699649564
17699649565
17699649572
17699649575
17699649581
17699649582
17699649583
17699649584
17699649602
17699649605
17699649607
17699649614
17699649615
17699649616
17699649617
17699649621
17699649623
17699649624
17699649625
17699649627
17699649630
17699649634
17699649640
17699649642
17699649651
17699649658
17699649665
17699649667
17699649670
17699649672
17699649687
17699649689
17699649701
17699649708
17699649712
17699649713
17699649723
17699649724
17699649725
17699649727
17699649741
17699649745
17699649746
17699649748
17699649749
17699649752
17699649754
17699649756
17699649760
17699649761
17699649771
17699649778
17699649785
17699649787
17699649794
17699649798
17699649801
17699649803
17699649804
17699649806
17699649813
17699649817
17699649819
17699649826
17699649828
17699649831
17699649835
17699649840
17699649843
17699649844
17699649847
17699649851
17699649856
17699649859
17699649869
17699649870
17699649871
17699649872
17699649874
17699649879
17699649887
17699649926
17699649928
17699649937
17699649950
17699649951
17699649958
17699649978
17699650953
17699651279
17699652696
17699652910
17699653162
17699653502
17699653529
17699653571
17699655289
17699655350
17699655630
17699655697
17699655787
17699655802
18509951348
18509954937
18509955483
18509956241
18509956534
18509956552
18509956647
18509956723
18509956724
18509956734
18509956747
18509956748
18509956774
18509956794
18509956874
18509956924
18509956945
18509956951
18509956964
18509956984
18509957014
18509957124
18509957157
18509957164
18509957193
18509957194
18509957364
18509957402
18509957408
18509957418
18509957436
18509957449
18509957460
18509957547
18509957553
18509957594
18509957641
18509957647
18509957674
18509957746
18509957764
18509957814
18509957843
18509957894
18509957940
18509958074
18509958094
18509958140
18509958145
18509958148
18509958174
18509958249
18509958270
18509958324
18509958334
18509958403
18509958416
18509958426
18509958430
18509958435
18509958471
18509958479
18509958495
18509958497
18590550174
18590550347
18590550367
18590550416
18590550441
18590550447
18590550451
18590550480
18590550493
18590550546
18590550646
18590550843
18590551146
18590551148
18590551242
18590551245
18590551246
18590551344
18590551347
18590551403
18590551405
18590551448
18590551457
18590551463
18590551484
18590551490
18590551648
18590552093
18590553264
18590553814
18590553842
18590554094
18590554172
18590554293
18590554360
18590554692
18590554753
18590554875
18590555034
18590555304
18590555407
18590555647
18590555934
18590556459
18590557264
18590557349
18590557417
18590557432
18590557497
18590557545
18590557848
18590557934
18590558043
18590558126
18590558145
18590558174
18590558241
18590558324
18590558402
18590558414
18590558417
18590558434
18590558439
18590558461
18590558474
18590558734
18590558742
18590559084
18590559143
18590559184
18590559204
18590559240
18590559243
18599250139
18599250253
18599250257
18599250396
18599250637
18599251063
18599251481
18599251539
18599251683
18599252195
18599252383
18599252891
18599252935
18599253178
18599253362
18599253601
18599253703
18599253736
18599253739
18599253786
18599253869
18599254013
18599254316
18599255061
18599255379
18599255395
18599255604
18599255627
18599255793
18599255802
18599255806
18599255817
18599255827
18599255831
18599255862
18599255863
18599255867
18599255870
18599255872
18599255875
18599255876
18599255892
18599255893
18599255896
18599255897
18599255902
18599255910
18599255912
18599255913
18599255916
18599255918
18599255921
18599255923
18599255935
18599255936
18599255937
18599255952
18599255957
18599255960
18599255962
18599255963
18599255968
18599255971
18599255980
18599255983
18599255985
18599255987
18599256023
18599256026
18599256027
18599256032
18599256051
18599256052
18599256072
18599256087
18599256091
18599256096
18599256097
18599256102
18599256103
18599256109
18599256115
18599256117
18599256125
18599256129
18599256130
18599256150
18599256154
18599256157
18599256158
18599256163
18599256167
18599256169
18599256174
18599256180
18599256187
18599256190
18599256192
18599256193
18599256196
18599256201
18599256203
18599256205
18599256206
18599256207
18599256208
18599256209
18599256212
18599256217
18599256218
18599256231
18599256238
18599256239
18599256246
18599256257
18599256258
18599256263
18599256275
18599256281
18599256283
18599256289
18599256290
18599256295
18599256302
18599256305
18599256307
18599256309
18599256312
18599256313
18599256315
18599256320
18599256325
18599256326
18599256327
18599256331
18599256332
18599256337
18599256340
18599256341
18599256349
18599256350
18599256352
18599256357
18599256360
18599256362
18599256370
18599256371
18599256375
18599256376
18599256386
18599256396
18599256398
18599256408
18599256439
18599256452
18599256458
18599256472
18599256475
18599256478
18599256481
18599256485
18599256489
18599256498
18599256502
18599256506
18599256507
18599256508
18599256512
18599256519
18599256527
18599256537
18599256564
18599256570
18599256571
18599256574
18599256579
18599256583
18599256584
18599256587
18599256589
18599256590
18599256593
18599256612
18599256617
18599256630
18599256637
18599256642
18599256652
18599256673
18599256679
18599256694
18599256703
18599256705
18599256706
18599256708
18599256709
18599256716
18599256719
18599256725
18599256726
18599256727
18599256729
18599256730
18599256731
18599256737
18599256738
18599256748
18599256750
18599256753
18599256754
18599256757
18599256759
18599256791
18599256795
18599256796
18599256802
18599256803
18599256812
18599256821
18599256824
18599256827
18599256831
18599256832
18599256837
18599256839
18599256841
18599256849
18599256854
18599256857
18599256860
18599256890
18599256895
18599256897
18599256915
18599256917
18599256918
18599256921
18599256923
18599256927
18599256935
18599256937
18599256941
18599256943
18599256945
18599256951
18599256957
18599256958
18599256960
18599256963
18599256967
18599256970
18599256971
18599256972
18599256973
18599256984
18599256987
18599256992
18599256994
18599256997
18599257013
18599257023
18599257026
18599257027
18599257031
18599257035
18599257047
18599257053
18599257054
18599257056
18599257058
18599257061
18599257062
18599257063
18599257064
18599257067
18599257079
18599257081
18599257090
18599257092
18599257093
18599257096
18599257098
18599257105
18599257109
18599257121
18599257125
18599257131
18599257132
18599257135
18599257137
18599257139
18599257150
18599257159
18599257160
18599257162
18599257163
18599257165
18599257167
18599257169
18599257176
18599257179
18599257184
18599257185
18599257192
18599257196
18599257197
18599257201
18599257206
18599257209
18599257213
18599257215
18599257217
18599257226
18599257229
18599257235
18599257239
18599257242
18599257246
18599257247
18599257263
18599257265
18599257268
18599257269
18599257283
18599257285
18599257290
18599257293
18599257297
18599257305
18599257306
18599257307
18599257312
18599257325
18599257328
18599257358
18599257363
18599257367
18599257371
18599257381
18599257382
18599257386
18599257387
18599257392
18599257397
18599257404
18599257416
18599257417
18599257437
18599257445
18599257446
18599257453
18599257469
18599257476
18599257478
18599257492
18599257493
18599257502
18599257506
18599257507
18599257508
18599257510
18599257512
18599257513
18599257514
18599257528
18599257530
18599257531
18599257532
18599257535
18599257537
18599257538
18599257540
18599257561
18599257563
18599257565
18599257571
18599257576
18599257583
18599257585
18599257586
18599257587
18599257590
18599257591
18599257592
18599257593
18599257596
18599257597
18599257601
18599257603
18599257605
18599257607
18599257608
18599257609
18599257615
18599257623
18599257625
18599257630
18599257631
18599257632
18599257639
18599257646
18599257659
18599257663
18599257664
18599257680
18599257681
18599257682
18599257690
18599257691
18599257692
18599257693
18599257694
18599257703
18599257712
18599257730
18599257736
18599257739
18599257796
18599257798
18599257806
18599257807
18599257810
18599257814
18599257815
18599257820
18599257821
18599257829
18599257830
18599257832
18599257836
18599257837
18599257839
18599257841
18599257851
18599257862
18599257865
18599257867
18599257869
18599257871
18599257883
18599257893
18599257894
18599257901
18599257902
18599257903
18599257904
18599257908
18599257912
18599257915
18599257918
18599257926
18599257927
18599257932
18599257935
18599257936
18599257938
18599257941
18599257943
18599257947
18599257951
18599257961
18599257962
18599257965
18599257972
18599257980
18599257981
18599257984
18599257990
18599258014
18599258015
18599258016
18599258021
18599258023
18599258025
18599258026
18599258027
18599258032
18599258034
18599258037
18599258039
18599258044
18599258049
18599258054
18599258062
18599258064
18599258067
18599258069
18599258074
18599258075
18599258076
18599258079
18599258083
18599258095
18599258096
18599258104
18599258106
18599258107
18599258115
18599258126
18599258130
18599258132
18599258134
18599258136
18599258137
18599258146
18599258150
18599258153
18599258159
18599258162
18599258164
18599258170
18599258176
18599258184
18599258194
18599258195
18599258212
18599258216
18599258217
18599258227
18599258231
18599258232
18599258235
18599258236
18599258237
18599258239
18599258253
18599258257
18599258260
18599258261
18599258263
18599258267
18599258271
18599258273
18599258293
18599258295
18599258296
18599258301
18599258304
18599258316
18599258319
18599258320
18599258323
18599258326
18599258337
18599258348
18599258349
18599258361
18599258362
18599258370
18599258375
18599258376
18599258391
18599258392
18599258395
18599258402
18599258403
18599258404
18599258409
18599258419
18599258443
18599258447
18599258449
18599258452
18599258454
18599258460
18599258473
18599258479
18599258490
18599258501
18599258504
18599258512
18599258513
18599258516
18599258532
18599258537
18599258539
18599258546
18599258554
18599258557
18599258562
18599258570
18599258571
18599258579
18599258580
18599258592
18599258597
18599258602
18599258603
18599258607
18599258613
18599258617
18599258619
18599258620
18599258621
18599258634
18599258635
18599258637
18599258638
18599258639
18599258644
18599258649
18599258650
18599258651
18599258652
18599258673
18599258675
18599258683
18599258693
18599258701
18599258702
18599258703
18599258705
18599258713
18599258735
18599258750
18599258765
18599258769
18599258775
18599258791
18599258795
18599258796
18599258812
18599258902
18599258913
18599258914
18599258916
18599258917
18599258935
18599258936
18599258962
18599258965
18599258972
18599258976
18599259016
18599259026
18599259031
18599259034
18599259065
18599259085
18599259102
18599259131
18599259143
18599259146
18599259150
18599259160
18599259161
18599259165
18599259174
18599259178
18599259182
18599259217
18599259218
18599259238
18599259247
18599259274
18599259275
18599259287
18599259302
18599259306
18599259307
18599259310
18599259317
18599259328
18599259336
18599259375
18599259376
18599259378
18599259381
18599259389
18599259391
18599259413
18599259419
18599259420
18599259423
18599259441
18599259452
18599259457
18599259469
18599259476
18599259478
18599259479
18599259480
18599259481
18599259498
18599259507
18599259513
18599259516
18599259550
18599259557
18599259560
18599259568
18599259638
18599259640
18599259687
18599259703
18599259710
18599259718
18599259737
18599259742
18599259746
18599259751
18599259754
18599259778
18599259807
18599259816
18599259829
18599259834
18599259842
18599259853
18599259862
18599259867
18599259893
18599259906
18599259920
18609950079
18609950145
18609950245
18609950414
18609950431
18609950435
18609950459
18609950498
18609950504
18609950541
18609950634
18609950849
18609951346
18609951372
18609951373
18609951436
18609951443
18609951449
18609951468
18609951494
18609951547
18609951643
18609951649
18609951654
18609951674
18609951684
18609951764
18609951904
18609952606
18609952664
18609953484
18609953493
18609953714
18609954119
18609954245
18609954262
18609954270
18609954316
18609954418
18609954427
18609954512
18609954704
18609954769
18609955424
18609955703
18609956049
18609956140
18609956245
18609957141
18609957486
18609958134
18609958645
18609958743
18609959245
18609959497
18699500157
18699500169
18699500178
18699500235
18699500248
18699500259
18699500334
18699500382
18699500387
18699500401
18699500427
18699500441
18699500443
18699500450
18699500470
18699500519
18699500579
18699500614
18699500635
18699500659
18699500664
18699500671
18699500716
18699500749
18699500750
18699500854
18699500943
18699500967
18699500994
18699501026
18699501048
18699501057
18699501079
18699501125
18699501149
18699501175
18699501261
18699501307
18699501340
18699501374
18699501381
18699501408
18699501409
18699501412
18699501428
18699501438
18699501446
18699501463
18699501468
18699501482
18699501483
18699501485
18699501537
18699501540
18699501723
18699501741
18699501752
18699501756
18699501758
18699501798
18699501834
18699501843
18699501944
18699501948
18699502065
18699502120
18699502126
18699502134
18699502153
18699502192
18699502317
18699502367
18699502397
18699502412
18699502417
18699502430
18699502439
18699502446
18699502459
18699502465
18699502484
18699502485
18699502492
18699502518
18699502578
18699502583
18699502613
18699502673
18699502690
18699502729
18699502743
18699502785
18699502792
18699502823
18699502848
18699502859
18699502869
18699502897
18699502901
18699503062
18699503243
18699503407
18699503441
18699503569
18699503591
18699503602
18699504152
18699504169
18699504191
18699505982
18699506007
18699506137
18699506949
18699507139
18699507234
18699507340
18699507476
18699507593
18699507648
18699508061
18699508451
18699508706
18699509639
18699510248
18699510402
18699510564
18699510692
18699512038
18699512044
18699512304
18699512319
18699512352
18699512371
18699512379
18699512407
18699512408
18699512413
18699512419
18699512436
18699512446
18699512447
18699512450
18699512451
18699512459
18699512462
18699512473
18699512475
18699512487
18699512490
18699512514
18699512562
18699512706
18699512735
18699512786
18699512792
18699512804
18699512808
18699512814
18699512824
18699512836
18699512905
18699512907
18699512910
18699512912
18699512915
18699512917
18699512926
18699512930
18699512932
18699512940
18699512944
18699512945
18699513017
18699513091
18699513092
18699513096
18699513109
18699513126
18699513127
18699513403
18699513442
18699513468
18699513470
18699513473
18699513476
18699513481
18699513484
18699513487
18699513489
18699513491
18699513497
18699513546
18699513548
18699513569
18699513575
18699513578
18699513585
18699513596
18699513601
18699513614
18699513620
18699513642
18699513703
18699513704
18699513764
18699513783
18699513784
18699513812
18699513927
18699513940
18699513954
18699513974
18699514060
18699514076
18699514136
18699514160
18699514162
18699514163
18699514164
18699514167
18699514176
18699514179
18699514186
18699514189
18699514190
18699514192
18699514203
18699514213
18699514216
18699514217
18699514220
18699514223
18699514224
18699514231
18699514236
18699514237
18699514239
18699514242
18699514245
18699514247
18699514253
18699514254
18699514256
18699514257
18699514259
18699514263
18699514264
18699514265
18699514267
18699514271
18699514273
18699514274
18699514278
18699514279
18699514287
18699514289
18699514290
18699514291
18699514292
18699514293
18699514295
18699514298
18699514303
18699514304
18699514305
18699514307
18699514313
18699514314
18699514315
18699514316
18699514317
18699514319
18699514327
18699514331
18699514350
18699514351
18699514364
18699514365
18699514373
18699514381
18699514383
18699514390
18699514392
18699514393
18699514396
18699514418
18699514425
18699514467
18699514497
18699514570
18699514573
18699514589
18699514590
18699514603
18699514610
18699514612
18699514630
18699514660
18699514663
18699514667
18699514668
18699514670
18699514671
18699514681
18699514684
18699514708
18699514714
18699514723
18699514725
18699514727
18699514728
18699514731
18699514734
18699514748
18699514749
18699514754
18699514756
18699514757
18699514758
18699514760
18699514762
18699514763
18699514764
18699514769
18699514770
18699514771
18699514772
18699514773
18699514774
18699514776
18699514778
18699514780
18699514783
18699514802
18699514803
18699514807
18699514813
18699514820
18699514841
18699514873
18699514923
18699515064
18699515067
18699515071
18699515072
18699515074
18699515083
18699515084
18699515092
18699515094
18699515103
18699515104
18699515113
18699515117
18699515134
18699515140
18699515142
18699515143
18699515146
18699515147
18699515148
18699515154
18699515174
18699515175
18699515184
18699515214
18699515224
18699515241
18699515242
18699515244
18699515247
18699515248
18699515249
18699515254
18699515267
18699515268
18699515273
18699515274
18699515284
18699515347
18699515364
18699515374
18699515384
18699515394
18699515397
18699515401
18699515402
18699515404
18699515405
18699515406
18699515407
18699515408
18699515409
18699515410
18699515413
18699515414
18699515423
18699515436
18699515437
18699515439
18699515445
18699515461
18699515465
18699515469
18699515470
18699515474
18699515475
18699515476
18699515482
18699515484
18699515486
18699515487
18699515492
18699515493
18699515496
18699515497
18699515504
18699515514
18699515524
18699515534
18699515540
18699515542
18699515548
18699515574
18699515579
18699515597
18699516831
18699518039
18699518096
18699518295
18699518903
18699519498
18699519618
18699519659
18699520048
18699520417
18699520479
18699520482
18699520483
18699520485
18699520487
18699520492
18699520493
18699520504
18699520543
18699520545
18699520547
18699520549
18699521064
18699521147
18699521254
18699521341
18699521342
18699521347
18699521349
18699521440
18699521442
18699521443
18699521447
18699521448
18699521449
18699521475
18699521476
18699521478
18699521541
18699521548
18699521642
18699521645
18699522672
18699522729
18699523420
18699525014
18699525402
18699525405
18699525406
18699526344
18699540083
18699546182
18699546731
