08279846951
13119031571
13119032076
13119032597
13119032631
13119032672
13119032719
13119032735
13119033162
13119036187
13119036735
13119036851
13119036916
13199765169
13199765762
13239806591
13239806593
13239807057
13239807068
13239807095
13239807192
13239807193
13239807209
13239807217
13239807219
13239807237
13239807265
13239807268
13239807269
13239807359
13239807825
13239807851
13239807853
13239807861
13239807867
13239807967
13239807995
13239808127
13239808135
13239808179
13239808257
13239808316
13239808619
13239810783
13239810790
13239810793
13239810796
13239811072
13239811073
13239811079
13239811256
13239811265
13239811279
13239811291
13239811365
13239811378
13239811503
13239811560
13239811570
13239811582
13239811602
13239811623
13239811706
13239811735
13239811750
13239811753
13239811756
13239811768
13239811793
13239811879
13239811926
13239813052
13239813059
13239813063
13239813067
13239813072
13239813075
13239813095
13239813096
13239813158
13239813172
13239813267
13239813276
13239813278
13239813287
13239813306
13239813361
13239813385
13239816697
13239816705
13239816716
13239816732
13239816810
13239816820
13239817680
13239817683
13239817693
13239817793
13239817830
13239817901
13239817902
13239817951
13239817952
13239817960
13239817961
13239817967
13239817972
13239817975
13239817986
13239818037
13239818065
13239818219
13239818612
13239818619
13239818657
13239818702
13239818712
13239818759
13239818790
13239818952
13279032305
13279032351
13279032375
13279032516
13279032536
13279032560
13279032570
13279032572
13279032576
13279032597
13279032619
13279032637
13289013751
13289013756
13289013762
13289013776
13289013783
13289013790
13289013792
13289013795
13289013796
13289013807
13289013816
13289013829
13289013852
13289013853
13289013860
13289013861
13289013869
13289013872
13289013879
13289013890
13289013897
13289013902
13289013915
13289013917
13289013957
13289013960
13289013963
13289013970
13289013985
13289017659
13289017680
13289017683
13289017725
13289017739
13289017756
13289017795
13289017796
15569012103
15569012105
15569012162
15569012163
15569012176
15569012182
15569012192
15569012387
15569012390
15569020165
15569020572
15569020579
15569020871
15569020925
15599608761
15599708219
15599708503
15599708576
15599708603
15599708625
15599708657
15599708679
15599708719
15599708739
15599709169
15599709206
15599709256
15599709267
15599709329
15599709357
15599709365
15599709382
15599803573
15599803579
15599803591
15599803697
15599803750
15599803795
15599803873
15599803916
15599806709
15599806872
15599806875
15599806931
15599806972
15599807052
15599807162
15599807209
15599807283
15599807296
15628231257
15628231267
15628231286
15628231291
15628231297
15699036032
15699036059
15699036076
15699036082
15699036095
15699036103
15699036128
15699036135
15699036136
15699036150
15699036152
15699036156
15699036159
15699036173
15699036175
15699036176
15699036179
15699313815
15699313856
15699313860
15699313865
15699313870
15699313873
15699313891
15699313895
15699313896
15699313897
15699313906
15699313907
15699313926
15699313927
15699313928
15699313956
15699313962
15699313970
15699313973
15699313975
16609030227
16609030236
16609030250
16609030251
16609030256
16609030257
16609030261
16609030263
16609030269
16609030271
16609030286
16609030287
16609030296
16609030326
16609030367
16609030376
16609032439
16609032495
16609032575
16609032612
16609032635
16609032641
16609032674
16609032702
16609032714
16609032718
16609032745
16609032790
16609032794
16609032879
16609032914
16609032981
16609033074
16609033143
16609033160
16609033179
16609033180
16609033219
16609033257
16609033269
16609033270
16609033278
16609033451
16609033476
16609034124
16609034149
16609034203
16609034282
16609034290
16609034304
16609034356
16609034450
16609034471
16609034509
16609034586
16609034606
16609034689
16609034696
16609034731
16609034734
16609034763
16609034820
16609034862
16609034943
16609034986
16609035185
16609035238
16609035264
16609035273
16609035295
16609035324
16609035430
16609035437
16609035504
16609035570
16609035654
16609035682
16609035703
16609035717
16609035741
16609035753
16609035791
16609035904
16609035937
16609035941
16609035985
16609035986
16609036064
16609036195
16609036258
16609036265
16609036295
16609036327
16609036548
16609036561
16609036582
16609036681
16609036687
16609036736
16609036759
16609036876
16609036897
16609036918
16609037083
16609037296
16609037430
16609037453
16609037454
16609037516
16609037531
16609037552
16609037618
16609037669
16609037671
16609037730
16609037760
16609037793
16609037832
16609037854
16609037860
16609037882
16609037905
16609037906
16609037908
16609037912
16609037913
16609037915
16609037916
16609037923
16609037925
16609037926
16609037927
16609037931
16609037932
16609037936
16609037937
16609037952
16609037953
16609037956
16609037957
16609037959
16609037960
16609037961
16609037962
16609037963
16609037965
16609037967
16609037981
16609037982
16609037986
16609037987
16609037991
16609038015
16609038017
16609038026
16609038031
16609038035
16609038039
16609038052
16609039159
16609039175
16609039201
16609039206
16609039207
16609039210
16609039215
16609039216
16609039217
16609039219
16609039228
16609039232
16609039235
16609039236
16609039237
16609039251
16609039253
16609039260
16609039261
16609039265
16609039267
16609039268
16609039272
16609039275
16609039276
16609039279
16609039280
16609039281
16609039283
16609039285
16609039286
16609039287
16609039302
16609039305
16609039308
16609039310
16609039312
16609039318
16609039319
16609039325
16609039327
16609039329
16609039331
16609039332
16699030682
16699030685
16699030761
16699030862
16699031079
16699031295
16699031528
16699031563
16699031569
16699031582
16699031624
16699031657
16699031739
16699031758
16699031762
16699031781
16699031793
16699031821
16699031836
16699031852
16699031895
16699032165
16699032167
16699032173
16699032195
16699032197
16699032362
16699032379
16699032385
16699032519
16699032539
16699032753
16699032795
16699032850
16699032891
16699032895
16699032901
16699032917
16699032930
16699032937
16699032950
16699032952
16699032957
16699032970
16699032975
16699032976
16699032987
16699033127
16699033129
16699033165
16699033179
16699033215
16699033298
16699033569
16699033592
16699033597
16699033619
16699033756
16699035016
16699035019
16699035026
16699035079
16699035087
16699035096
16699035097
16699035132
16699035192
16699035193
16699035231
16699035267
16699035270
16699035271
16699035328
16699035329
16699035362
16699035367
16699035378
16699035379
16699035390
16699035602
16699035605
16699035608
16699035610
16699035613
16699035617
16699035631
16699035637
16699035683
16699035713
16699035721
16699035732
16699035739
16699035761
16699035768
16699035769
16699035780
16699035781
16699035791
16699035796
16699035863
16699035869
16699035875
16699035896
16699035907
16699035915
16699035917
16699035960
16699035961
16699035981
16699036352
16699036371
16699036372
16699036392
16699036501
16699036507
16699036509
16699036510
16699036513
16699036519
16699036527
16699036532
16699036537
16699036571
16699036572
16699036581
16699036589
16699036597
16699036713
16699036718
16699036721
16699036730
16699036735
16699036739
16699036752
16699036753
16699036792
16699036817
16699036857
16699036879
16699036912
16699036931
16699036957
16699036972
16699036975
16699036976
16699037026
16699037035
16699037039
16699037051
16699037059
16699037061
16699037095
16699037096
16699037097
16699037109
16699037132
16699037156
16699037159
16699037167
16699037182
16699037185
16699037192
16699037195
16699037209
16699037218
16699037236
16699037239
16699037256
16699037265
16699037269
16699037279
16699037289
16699037293
16699037305
16699037325
16699037356
16699037361
16699037362
16699037381
16699037385
16699037395
16699037396
16699037501
16699037509
16699037532
16699037535
16699037560
16699037562
16699037613
16699037617
16699037625
16699037651
16699037689
16699037691
16699037693
16699037751
16699037769
16699037802
16699037805
16699037810
16699037817
16699037820
16699037826
16699037832
16699037835
16699037852
16699037869
16699037902
16699037912
16699037915
16699037916
16699037920
16699037928
16699037935
16699037951
16699037952
16699037961
16699037981
16699037982
16699038960
16699038961
16699038976
16699039015
16699039017
16699039035
16699039053
16699039071
16699039106
16699039108
16699039125
16699039127
16699039152
16699039167
16699039179
16699039205
16699039238
16699039257
16699039261
16699039268
16699039270
16699039276
16699039287
16699039357
16699039375
16699039382
16699039513
16699039516
16699039526
16699039536
16699039561
16699039570
16699039571
16699039572
16699039581
16699039589
16699039602
16699039617
16699039631
16699039638
16699039673
16699039681
16699039702
16699039709
16699039713
16699039723
16699039730
16699039732
16699039736
16699039738
16699039750
16699039752
16699039753
16699039756
16699039761
16699039815
16699039817
16699039823
16699039825
16699039851
16699039856
16699039857
16699039862
16699039892
17509030046
17509030074
17509030124
17509030134
17509030143
17509030144
17509030145
17509030147
17509030148
17509030164
17509030174
17509030194
17509030214
17509030241
17509030244
17509030245
17509030246
17509030247
17509030248
17509030249
17509030254
17509030264
17509030274
17509030284
17509030334
17509030342
17509030349
17509030374
17609032039
17609033621
17609035369
17609036143
17609037981
17609038917
17609038973
17609039125
17609039651
17690640326
17690640734
17690640780
17690640795
17690640839
17690640841
17690640853
17690641091
17690641309
17690641581
17690641582
17690641589
17690641608
17690641619
17690641630
17690641709
17690641929
17690641931
17690642067
17690642757
17690643709
17690644810
17690645031
17690645065
17690645295
17690645460
17690645638
17690645738
17690645962
17690646051
17690646115
17690646239
17690646841
17690646845
17690646847
17690646874
17690646894
17690646928
17690646940
17690646941
17690646946
17690646947
17690646948
17690646954
17690646973
17690646974
17690646984
17690647019
17690647024
17690647041
17690647042
17690647045
17690647084
17690647104
17690647141
17690647145
17690647148
17690647152
17690647189
17690647194
17690647240
17690647245
17690647246
17690647248
17690647284
17690647341
17690647349
17690647354
17690647394
17690647403
17690647409
17690647410
17690647412
17690647415
17690647425
17690647427
17690647435
17690647436
17690647439
17690647451
17690647462
17690647467
17690647472
17690647481
17690647482
17690647493
17690647495
17690647496
17690647516
17690647517
17690647542
17690647584
17690647640
17690647641
17690647643
17690647664
17690647968
17690647987
17690648079
17690648794
17690648931
17690648957
17690649043
17690649054
17690649056
17690649071
17690649104
17690649128
17690649134
17690649145
17690649154
17690649278
17690649297
17690649340
17690649349
17690649354
17690649375
17690649401
17690649418
17690649435
17690649438
17690649457
17690649461
17690649467
17690649475
17690649476
17690649482
17690649483
17690649486
17690649487
17690649504
17690649514
17690649612
17690649645
17690649654
17690649673
17690649674
17690649870
17690650379
17690650756
17690650761
17690650836
17690650931
17690651259
17690651265
17690651625
17690651781
17690651827
17690651907
17690652039
17690652573
17690652937
17690652956
17690653563
17690653619
17690653703
17690653706
17690654368
17690655376
17690655804
17690655958
17690656157
17690656158
17690656712
17690656715
17690656846
17690657127
17690657591
17690657601
17690658051
17690658059
17690658145
17690658173
17690658236
17690658519
17690658638
17690658712
17690658758
17690658963
17690659168
17690659357
17690659507
17690659701
17690659812
17690670860
17690676332
17690676428
17690676843
17690677026
17690677596
17690677615
17690677830
17690677951
17690678619
17690679574
17690679949
18509032078
18509032962
18509036279
18509036519
18509036870
18509037219
18509037638
18509038729
18509039610
18509039827
18509039858
18509039872
18509046079
18509046125
18509047129
18509047225
18509047297
18509047325
18509047401
18509047409
18509047413
18509047425
18509047427
18509047451
18509047461
18509047462
18509047491
18509047495
18509047540
18509047582
18509047594
18509047616
18509047642
18509047645
18509047729
18509047908
18509047917
18509047921
18509047927
18509047934
18509048024
18509048136
18509048162
18509048236
18509048247
18509048249
18509048256
18509048275
18509048429
18509048471
18509048546
18509048645
18509048693
18509048712
18509048743
18509048760
18509048764
18509048961
18509049052
18509049057
18509049153
18509049267
18509049281
18509049320
18509049386
18509049468
18509049470
18509049576
18509049743
18509049784
18609030579
18690302672
18690302812
18690302975
18690302976
18690309156
18690309356
18690309571
18690309675
18690309726
18690332576
18690332610
18690332635
18690332675
18690332693
18690332715
18690332760
18690332869
18690332905
18690332970
18690337961
18690338105
18690338127
18690338169
18690338207
18690338268
18690338735
18690338927
18690340179
18690340182
18690340197
18690340263
18690340347
18690340357
18690340369
18690340572
18690340582
18690340591
18690340782
18690340851
18690340852
18690340871
18690340927
18690340986
18690340995
18690341061
18690341072
18690341221
18690341260
18690341371
18690341506
18690341561
18690341563
18690341572
18690341573
18690341579
18690341591
18690341593
18690341619
18690341636
18690341637
18690341639
18690341732
18690341739
18690341750
18690341756
18690341892
18690341897
18690341901
18690341902
18690341903
18690341907
18690341928
18690341936
18690341983
18690342093
18690342109
18690342136
18690342152
18690342167
18690342168
18690342179
18690342354
18690342361
18690342371
18690342372
18690342397
18690342508
18690342536
18690342562
18690342571
18690342572
18690342576
18690342579
18690342590
18690342615
18690342635
18690342663
18690342719
18690342743
18690342751
18690342759
18690342765
18690342769
18690342785
18690342791
18690342795
18690342856
18690342861
18690342935
18690342938
18690342953
18690342956
18690342961
18690342963
18690342971
18690342975
18690342983
18690343013
18690343095
18690343195
18690343261
18690343267
18690343526
18690343597
18690343672
18690343679
18690343703
18690343709
18690343716
18690343759
18690343761
18690343769
18690343791
18690343796
18690343852
18690343872
18690343927
18690343971
18690343973
18690343975
18690345069
18690345073
18690345162
18690345167
18690345172
18690345178
18690345182
18690345187
18690345372
18690345375
18690345391
18690345563
18690345591
18690345762
18690345790
18690345821
18690345831
18690345832
18690345902
18690345912
18690345963
18690346027
18690346031
18690346039
18690346053
18690346065
18690346071
18690346072
18690346091
18690346092
18690346095
18690346102
18690346105
18690346127
18690346129
18690346175
18690346179
18690346182
18690346192
18690346213
18690346231
18690346235
18690346237
18690346256
18690346257
18690346271
18690346273
18690346285
18690346289
18690346295
18690346305
18690346319
18690346352
18690346359
18690346378
18690346397
18690346513
18690346553
18690346579
18690346580
18690346596
18690346681
18690346702
18690346710
18690346713
18690346715
18690346721
18690346730
18690346739
18690346769
18690346791
18690346802
18690346809
18690346820
18690346831
18690346902
18690346915
18690346927
18690346930
18690346931
18690346937
18690346951
18690346957
18690346961
18690346975
18690346976
18690346980
18690346981
18690346982
18690347015
18690347029
18690347039
18690347106
18690347109
18690347126
18690347128
18690347152
18690347159
18690347195
18690347217
18690347219
18690347250
18690347253
18690347263
18690347281
18690347283
18690347285
18690347286
18690347289
18690347295
18690347302
18690347350
18690347356
18690347359
18690347362
18690347382
18690347391
18690347392
18690347510
18690347562
18690347589
18690347592
18690347602
18690347609
18690347613
18690347615
18690347623
18690347632
18690347681
18690347683
18690347690
18690347835
18690347837
18690347857
18690347902
18690347913
18690347923
18690347931
18690347936
18690347956
18690347973
18690348019
18690348024
18690348026
18690348067
18690348091
18690348165
18690348169
18690348172
18690348173
18690348197
18690348213
18690348235
18690348261
18690348275
18690348295
18690348306
18690348319
18690348326
18690348359
18690348365
18690348367
18690348372
18690348379
18690348391
18690348397
18690348507
18690348537
18690348538
18690348561
18690348562
18690348597
18690348615
18690348623
18690348637
18690348657
18690348671
18690348675
18690348692
18690348705
18690348721
18690348725
18690348729
18690348735
18690348739
18690348750
18690348752
18690348753
18690348756
18690348760
18690348762
18690348763
18690348905
18690348921
18690348931
18690348935
18690348943
18690348950
18690348951
18690348953
18690348963
18690348968
18690348970
18690348975
18690349017
18690349051
18690349052
18690349057
18690349061
18690349072
18690349102
18690349108
18690349121
18690349130
18690349152
18690349156
18690349157
18690349160
18690349165
18690349172
18690349178
18690349183
18690349207
18690349215
18690349235
18690349256
18690349261
18690349267
18690349285
18690349301
18690349305
18690349312
18690349317
18690349327
18690349329
18690349351
18690349352
18690349359
18690349361
18690349362
18690349365
18690349372
18690349376
18690349382
18690349387
18690349513
18690349536
18690349537
18690349573
18690349576
18690349579
18690349583
18690349590
18690349607
18690349620
18690349621
18690349650
18690349651
18690349671
18690349672
18690349675
18690349706
18690349715
18690349716
18690349725
18690349729
18690349732
18690349735
18690349852
18690352839
18690352875
18690352936
18690352960
18690353059
18690353069
18690353178
18690353193
18690353258
18690353281
18690353597
18690353680
18690353682
18690353768
18690353913
18690353917
18690358370
18690358570
18690358619
18690358716
18690358762
18690358902
18690358923
18690358930
18690358971
18690359150
18690359152
18690359506
18690359573
18690359652
18690359831
18690370160
18690370260
18690370267
18690370269
18690370273
18690370289
18690381256
18690381648
18690387195
18690387294
18690387351
18690387504
18690387536
18690387594
18690387621
18690387636
18690387712
18690387729
18690387761
18690387802
18690387853
18690387974
18690388142
18690388147
18690388274
18690388361
18690388502
18690388563
18690388739
18690388753
18690388793
18690389136
18690389249
18690389284
18690389424
18690389517
18690389537
18690389580
18690389623
18690389627
18690389701
18690389712
18690389826
18690389851
18690389859
50844856083
58869738304
64879078080
