16699310765
16699310832
16699312873
16699321570
16699322563
16699322973
16699325370
16699326723
16699328617
16699350170
16699350261
16699350671
16699350692
16699350753
16699350957
16699351087
16699351397
16699351650
16699351792
16699351856
16699351896
16699352392
16699352562
16699352982
16699353078
16699353087
16699353813
16699355875
16699356085
16699356127
16699356197
16699356719
16699356728
16699356738
16699356967
16699357063
16699357095
16699357562
16699357823
16699357835
16699357965
16699358031
16699358076
16699358092
16699358631
16699358721
16699358901
16699358916
16699359379
16699360013
16699360016
16699360017
16699360019
16699360021
16699360023
16699360027
16699360031
16699360032
16699360035
16699360037
16699360038
16699360050
16699360051
16699360052
16699360056
16699360057
16699360059
16699360065
16699360070
16699360071
16699360072
16699360073
16699360078
16699360079
16699360080
16699360081
16699360082
16699360083
16699360086
16699360091
16699360092
16699360095
16699360097
16699360098
16699360105
16699360107
16699360112
16699360115
16699360116
16699360120
16699360125
16699360127
16699360128
16699360130
16699360131
16699360132
16699360135
16699360137
16699360138
16699360139
16699360151
16699360153
16699360156
16699360157
16699360158
16699360159
16699360161
16699360162
16699360163
16699360167
16699360168
16699360169
16699360170
16699360171
16699360172
16699360173
16699360175
16699360176
16699360178
16699360179
16699360180
16699360181
16699360182
16699360183
16699360185
16699360186
16699360187
16699360189
16699360190
16699360191
16699360192
16699360193
16699360196
16699360197
16699360198
16699360201
16699360206
16699360207
16699360209
16699360212
16699360213
16699360216
16699360217
16699360218
16699360219
16699360221
16699360225
16699360226
16699360230
16699360231
16699360232
16699360235
16699360236
16699360237
16699360238
16699360239
16699360250
16699360251
16699360252
16699360253
16699360256
16699360257
16699360258
16699360260
16699360261
16699360262
16699360263
16699360265
16699360267
16699360268
16699360269
16699360270
16699360271
16699360272
16699360273
16699360275
16699360276
16699360278
16699360279
16699360280
16699360281
16699360282
16699360283
16699360285
16699360286
16699360287
16699360289
16699360290
16699360291
16699360292
16699360293
16699360295
16699360296
16699360297
16699360302
16699360305
16699360307
16699360308
16699360309
16699360310
16699360312
16699360318
16699360320
16699360321
16699360323
16699360327
16699360331
16699360332
16699360335
16699360337
16699360350
16699360351
16699360352
16699360353
16699360356
16699360357
16699360358
16699360359
16699360361
16699360363
16699360365
16699360367
16699360368
16699360369
16699360370
16699360371
16699360372
16699360376
16699360378
16699360379
16699360380
16699360382
16699360383
16699360385
16699360386
16699360389
16699360390
16699360391
16699360392
16699360393
16699360395
16699360396
16699360397
16699360398
16699360506
16699360508
16699360509
16699360510
16699360512
16699360517
16699360518
16699360519
16699360525
16699360529
16699360531
16699360532
16699360535
16699360536
16699360538
16699360539
16699360551
16699360553
16699360558
16699360559
16699360561
16699360562
16699360563
16699360565
16699360569
16699360570
16699360571
16699360572
16699360573
16699360575
16699360576
16699360578
16699360579
16699360580
16699360581
16699360582
16699360583
16699360585
16699360586
16699360587
16699360589
16699360590
16699360591
16699360592
16699360593
16699360596
16699360597
16699360598
16699360601
16699360605
16699360612
16699360613
16699360615
16699360617
16699360619
16699360623
16699360625
16699360629
16699360631
16699360632
16699360637
16699360638
16699360639
16699360650
16699360651
16699360652
16699360653
16699360657
16699360658
16699360659
16699360661
16699360663
16699360667
16699360670
16699360671
16699360672
16699360673
16699360675
16699360676
16699360679
16699360680
16699360682
16699360683
16699360686
16699360687
16699360689
16699360691
16699360692
16699360693
16699360697
16699360701
16699360703
16699360709
16699360710
16699360721
16699360723
16699360726
16699360727
16699360728
16699360729
16699360730
16699360735
16699360736
16699360737
16699360738
16699360739
16699360750
16699360751
16699360752
16699360753
16699360756
16699360758
16699360759
16699360760
16699360763
16699360765
16699360767
16699360768
16699360769
16699360770
16699360772
16699360775
16699360776
16699360778
16699360779
16699360780
16699360781
16699360782
16699360786
16699360787
16699360790
16699360791
16699360792
16699360793
16699360795
16699360796
16699360797
16699360798
16699360805
16699360815
16699360817
16699360820
16699360823
16699360825
16699360826
16699360827
16699360830
16699360831
16699360832
16699360835
16699360838
16699360839
16699360851
16699360853
16699360857
16699360858
16699360859
16699360861
16699360862
16699360863
16699360865
16699360867
16699360868
16699360869
16699360871
16699360872
16699360873
16699360875
16699360876
16699360878
16699360879
16699360881
16699360882
16699360883
16699360885
16699360887
16699360890
16699360891
16699360892
16699360893
16699360895
16699360896
16699360897
16699360898
16699360903
16699360905
16699360910
16699360915
16699360917
16699360919
16699360926
16699360927
16699360929
16699360930
16699360931
16699360932
16699360935
16699360936
16699360937
16699360938
16699360939
16699360950
16699360952
16699360953
16699360956
16699360957
16699360958
16699360959
16699360960
16699360961
16699360962
16699360963
16699360965
16699360967
16699360968
16699360969
16699360970
16699360971
16699360972
16699360973
16699360975
16699360976
16699360978
16699360979
16699360982
16699360983
16699360985
16699360986
16699360987
16699360989
16699360992
16699360997
16699360998
16699361003
16699361006
16699361013
16699361015
16699361021
16699361023
16699361029
16699361030
16699361032
16699361035
16699361036
16699361037
16699361038
16699361039
16699361050
16699361051
16699361052
16699361053
16699361056
16699361057
16699361058
16699361060
16699361061
16699361062
16699361063
16699361065
16699361067
16699361068
16699361069
16699361070
16699361071
16699361072
16699361073
16699361075
16699361076
16699361078
16699361079
16699361081
16699361082
16699361085
16699361086
16699361087
16699361089
16699361090
16699361091
16699361092
16699361093
16699361095
16699361097
16699361098
16699361102
16699361105
16699361107
16699361125
16699361130
16699361132
16699361135
16699361136
16699361139
16699361150
16699361151
16699361153
16699361157
16699361159
16699361160
16699361162
16699361165
16699361167
16699361170
16699361171
16699361173
16699361175
16699361178
16699361183
16699361185
16699361186
16699361187
16699361191
16699361192
16699361193
16699361195
16699361196
16699361198
16699361201
16699361203
16699361206
16699361207
16699361208
16699361209
16699361213
16699361215
16699361218
16699361219
16699361227
16699361228
16699361229
16699361230
16699361235
16699361237
16699361250
16699361251
16699361253
16699361257
16699361263
16699361265
16699361267
16699361268
16699361269
16699361270
16699361271
16699361272
16699361273
16699361275
16699361276
16699361278
16699361279
16699361280
16699361281
16699361283
16699361285
16699361286
16699361287
16699361289
16699361290
16699361291
16699361292
16699361295
16699361296
16699361297
16699361298
16699361302
16699361303
16699361305
16699361306
16699361307
16699361309
16699361310
16699361312
16699361315
16699361316
16699361317
16699361318
16699361320
16699361321
16699361323
16699361325
16699361326
16699361327
16699361328
16699361331
16699361332
16699361335
16699361338
16699361339
16699361350
16699361351
16699361352
16699361353
16699361356
16699361358
16699361359
16699361362
16699361363
16699361365
16699361367
16699361368
16699361369
16699361370
16699361372
16699361373
16699361375
16699361376
16699361378
16699361379
16699361380
16699361381
16699361382
16699361383
16699361386
16699361387
16699361389
16699361390
16699361391
16699361392
16699361395
16699361396
16699361397
16699361398
16699361501
16699361502
16699361503
16699361505
16699361506
16699361507
16699361508
16699361509
16699361512
16699361516
16699361518
16699361521
16699361523
16699361525
16699361526
16699361527
16699361528
16699361529
16699361530
16699361531
16699361532
16699361536
16699361537
16699361538
16699361539
16699361550
16699361552
16699361553
16699361556
16699361557
16699361561
16699361562
16699361563
16699361565
16699361568
16699361570
16699361571
16699361572
16699361573
16699361575
16699361576
16699361579
16699361581
16699361582
16699361583
16699361585
16699361587
16699361589
16699361590
16699361591
16699361592
16699361593
16699361595
16699361597
16699361598
16699361602
16699361603
16699361607
16699361608
16699361609
16699361610
16699361612
16699361613
16699361619
16699361621
16699361623
16699361625
16699361626
16699361628
16699361629
16699361630
16699361631
16699361632
16699361635
16699361637
16699361639
16699361650
16699361651
16699361652
16699361653
16699361656
16699361657
16699361658
16699361663
16699361665
16699361667
16699361670
16699361671
16699361672
16699361673
16699361675
16699361676
16699361679
16699361681
16699361685
16699361686
16699361689
16699361690
16699361691
16699361692
16699361693
16699361695
16699361696
16699361697
16699361698
16699361702
16699361703
16699361705
16699361706
16699361707
16699361712
16699361713
16699361715
16699361716
16699361719
16699361720
16699361721
16699361723
16699361725
16699361726
16699361727
16699361728
16699361729
16699361730
16699361731
16699361732
16699361735
16699361737
16699361738
16699361739
16699361750
16699361751
16699361752
16699361753
16699361756
16699361757
16699361758
16699361759
16699361760
16699361761
16699361762
16699361763
16699361765
16699361767
16699361769
16699361770
16699361772
16699361778
16699361779
16699361780
16699361781
16699361782
16699361783
16699361785
16699361786
16699361787
16699361790
16699361791
16699361793
16699361795
16699361796
16699361797
16699361798
16699361801
16699361802
16699361803
16699361805
16699361806
16699361807
16699361808
16699361809
16699361810
16699361812
16699361816
16699361820
16699361821
16699361823
16699361825
16699361827
16699361829
16699361830
16699361831
16699361832
16699361835
16699361837
16699361838
16699361850
16699361851
16699361852
16699361853
16699361856
16699361857
16699361859
16699361860
16699361861
16699361862
16699361868
16699361869
16699361870
16699361872
16699361873
16699361875
16699361876
16699361878
16699361879
16699361882
16699361883
16699361890
16699361891
16699361892
16699361893
16699361895
16699361896
16699361897
16699361901
16699361902
16699361903
16699361905
16699361906
16699361907
16699361908
16699361910
16699361912
16699361915
16699361916
16699361917
16699361920
16699361921
16699361923
16699361925
16699361926
16699361927
16699361928
16699361929
16699361930
16699361931
16699361932
16699361936
16699361937
16699361939
16699361951
16699361953
16699361956
16699361957
16699361958
16699361960
16699361961
16699361962
16699361967
16699361969
16699361970
16699361971
16699361972
16699361973
16699361975
16699361976
16699361978
16699361979
16699361980
16699361981
16699361985
16699361987
16699361992
16699362005
16699362006
16699362013
16699362015
16699362016
16699362017
16699362018
16699362021
16699362023
16699362025
16699362026
16699362027
16699362028
16699362029
16699362031
16699362035
16699362036
16699362037
16699362038
16699362039
16699362050
16699362051
16699362052
16699362053
16699362056
16699362057
16699362058
16699362061
16699362062
16699362063
16699362065
16699362067
16699362068
16699362071
16699362072
16699362073
16699362075
16699362076
16699362078
16699362079
16699362080
16699362081
16699362082
16699362083
16699362085
16699362086
16699362087
16699362089
16699362090
16699362091
16699362092
16699362093
16699362095
16699362096
16699362097
16699362098
16699362102
16699362103
16699362105
16699362107
16699362109
16699362116
16699362117
16699362118
16699362119
16699362120
16699362125
16699362127
16699362128
16699362130
16699362132
16699362135
16699362136
16699362137
16699362138
16699362139
16699362150
16699362151
16699362152
16699362153
16699362156
16699362157
16699362159
16699362161
16699362162
16699362165
16699362167
16699362168
16699362169
16699362170
16699362171
16699362172
16699362173
16699362175
16699362176
16699362178
16699362179
16699362180
16699362181
16699362182
16699362183
16699362185
16699362186
16699362187
16699362189
16699362190
16699362191
16699362192
16699362193
16699362195
16699362196
16699362197
16699362198
16699362201
16699362203
16699362208
16699362210
16699362213
16699362216
16699362217
16699362219
16699362230
16699362235
16699362236
16699362237
16699362239
16699362250
16699362251
16699362252
16699362253
16699362256
16699362257
16699362258
16699362259
16699362261
16699362265
16699362267
16699362268
16699362269
16699362271
16699362272
16699362273
16699362275
16699362278
16699362279
16699362281
16699362283
16699362285
16699362287
16699362289
16699362290
16699362291
16699362292
16699362293
16699362295
16699362296
16699362297
16699362298
16699362302
16699362303
16699362305
16699362306
16699362307
16699362309
16699362310
16699362312
16699362313
16699362315
16699362316
16699362318
16699362320
16699362325
16699362326
16699362327
16699362328
16699362330
16699362336
16699362337
16699362339
16699362350
16699362351
16699362352
16699362353
16699362356
16699362357
16699362358
16699362361
16699362363
16699362367
16699362368
16699362370
16699362371
16699362372
16699362373
16699362375
16699362376
16699362379
16699362381
16699362382
16699362383
16699362385
16699362386
16699362387
16699362389
16699362390
16699362391
16699362392
16699362393
16699362395
16699362396
16699362397
16699362398
16699362501
16699362502
16699362503
16699362506
16699362507
16699362508
16699362509
16699362510
16699362512
16699362513
16699362515
16699362516
16699362517
16699362518
16699362519
16699362521
16699362523
16699362526
16699362527
16699362528
16699362529
16699362530
16699362532
16699362537
16699362539
16699362550
16699362551
16699362553
16699362556
16699362557
16699362558
16699362559
16699362560
16699362562
16699362563
16699362565
16699362569
16699362570
16699362571
16699362573
16699362576
16699362578
16699362579
16699362581
16699362582
16699362583
16699362585
16699362586
16699362589
16699362591
16699362592
16699362593
16699362595
16699362596
16699362597
16699362598
16699362601
16699362602
16699362603
16699362605
16699362606
16699362607
16699362609
16699362610
16699362612
16699362613
16699362617
16699362618
16699362619
16699362620
16699362621
16699362627
16699362628
16699362631
16699362632
16699362635
16699362637
16699362638
16699362639
16699362651
16699362652
16699362653
16699362657
16699362659
16699362660
16699362663
16699362667
16699362670
16699362671
16699362673
16699362675
16699362676
16699362679
16699362680
16699362682
16699362685
16699362687
16699362689
16699362690
16699362692
16699362693
16699362695
16699362696
16699362697
16699362698
16699362701
16699362702
16699362703
16699362705
16699362706
16699362707
16699362708
16699362709
16699362710
16699362712
16699362713
16699362715
16699362716
16699362719
16699362720
16699362721
16699362723
16699362725
16699362726
16699362728
16699362729
16699362730
16699362731
16699362732
16699362735
16699362736
16699362738
16699362750
16699362751
16699362752
16699362753
16699362756
16699362758
16699362759
16699362760
16699362761
16699362762
16699362763
16699362765
16699362767
16699362769
16699362770
16699362771
16699362775
16699362779
16699362780
16699362781
16699362782
16699362783
16699362785
16699362786
16699362790
16699362791
16699362792
16699362793
16699362795
16699362796
16699362797
16699362798
16699362801
16699362802
16699362803
16699362805
16699362806
16699362808
16699362809
16699362812
16699362813
16699362815
16699362816
16699362817
16699362819
16699362820
16699362821
16699362823
16699362825
16699362826
16699362827
16699362831
16699362832
16699362835
16699362837
16699362851
16699362852
16699362853
16699362856
16699362857
16699362861
16699362862
16699362863
16699362865
16699362867
16699362869
16699362870
16699362871
16699362873
16699362875
16699362876
16699362879
16699362881
16699362882
16699362883
16699362887
16699362891
16699362892
16699362893
16699362895
16699362896
16699362897
16699362898
16699362901
16699362902
16699362903
16699362906
16699362908
16699362909
16699362910
16699362912
16699362913
16699362915
16699362916
16699362917
16699362918
16699362920
16699362921
16699362923
16699362926
16699362930
16699362931
16699362935
16699362936
16699362938
16699362950
16699362952
16699362953
16699362956
16699362957
16699362958
16699362959
16699362960
16699362961
16699362962
16699362963
16699362965
16699362967
16699362970
16699362971
16699362972
16699362973
16699362975
16699362976
16699362978
16699362979
16699362980
16699362981
16699362982
16699362983
16699362985
16699362986
16699362987
16699362989
16699362991
16699362992
16699362993
16699362997
16699363003
16699363013
16699363015
16699363016
16699363017
16699363018
16699363019
16699363021
16699363025
16699363028
16699363031
16699363032
16699363035
16699363037
16699363038
16699363050
16699363051
16699363052
16699363053
16699363056
16699363057
16699363058
16699363060
16699363061
16699363063
16699363065
16699363069
16699363070
16699363071
16699363073
16699363075
16699363079
16699363080
16699363081
16699363082
16699363085
16699363086
16699363089
16699363092
16699363095
16699363096
16699363097
16699363098
16699363101
16699363102
16699363103
16699363105
16699363106
16699363107
16699363108
16699363112
16699363118
16699363121
16699363125
16699363126
16699363127
16699363128
16699363129
16699363130
16699363132
16699363135
16699363137
16699363139
16699363151
16699363153
16699363156
16699363157
16699363158
16699363159
16699363160
16699363162
16699363163
16699363167
16699363169
16699363170
16699363171
16699363172
16699363173
16699363175
16699363176
16699363178
16699363179
16699363180
16699363181
16699363182
16699363183
16699363185
16699363187
16699363189
16699363191
16699363192
16699363193
16699363195
16699363196
16699363197
16699363198
16699363201
16699363202
16699363203
16699363205
16699363206
16699363207
16699363212
16699363213
16699363215
16699363217
16699363218
16699363219
16699363220
16699363221
16699363228
16699363231
16699363235
16699363239
16699363250
16699363252
16699363253
16699363256
16699363257
16699363258
16699363259
16699363260
16699363263
16699363265
16699363267
16699363268
16699363269
16699363270
16699363271
16699363273
16699363275
16699363276
16699363278
16699363280
16699363281
16699363283
16699363285
16699363287
16699363289
16699363290
16699363291
16699363292
16699363293
16699363295
16699363297
16699363298
16699363302
16699363305
16699363306
16699363307
16699363309
16699363315
16699363316
16699363317
16699363318
16699363320
16699363323
16699363325
16699363327
16699363328
16699363352
16699363353
16699363356
16699363357
16699363358
16699363361
16699363362
16699363365
16699363368
16699363372
16699363373
16699363375
16699363376
16699363379
16699363381
16699363382
16699363385
16699363386
16699363387
16699363390
16699363392
16699363395
16699363397
16699363398
16699363501
16699363502
16699363503
16699363506
16699363507
16699363508
16699363513
16699363515
16699363517
16699363518
16699363523
16699363527
16699363528
16699363529
16699363530
16699363531
16699363551
16699363552
16699363557
16699363558
16699363559
16699363561
16699363562
16699363563
16699363569
16699363570
16699363572
16699363575
16699363578
16699363579
16699363580
16699363586
16699363587
16699363590
16699363591
16699363592
16699363593
16699363595
16699363596
16699363597
16699363598
16699363602
16699363603
16699363605
16699363612
16699363615
16699363617
16699363618
16699363620
16699363623
16699363627
16699363629
16699363631
16699363652
16699363657
16699363659
16699363662
16699363663
16699363670
16699363672
16699363673
16699363675
16699363679
16699363682
16699363695
16699363702
16699363706
16699363707
16699363708
16699363709
16699363710
16699363712
16699363713
16699363715
16699363716
16699363717
16699363718
16699363719
16699363720
16699363723
16699363725
16699363726
16699363728
16699363729
16699363730
16699363731
16699363732
16699363735
16699363739
16699363750
16699363751
16699363752
16699363756
16699363757
16699363758
16699363759
16699363761
16699363762
16699363763
16699363765
16699363767
16699363768
16699363769
16699363770
16699363771
16699363772
16699363776
16699363778
16699363779
16699363780
16699363781
16699363782
16699363783
16699363785
16699363786
16699363787
16699363790
16699363791
16699363792
16699363795
16699363798
16699363801
16699363802
16699363803
16699363805
16699363809
16699363810
16699363812
16699363813
16699363815
16699363817
16699363819
16699363820
16699363821
16699363823
16699363825
16699363826
16699363827
16699363829
16699363835
16699363850
16699363851
16699363852
16699363856
16699363859
16699363861
16699363862
16699363863
16699363865
16699363867
16699363869
16699363870
16699363872
16699363873
16699363876
16699363878
16699363882
16699363885
16699363887
16699363890
16699363891
16699363892
16699363893
16699363895
16699363896
16699363897
16699363902
16699363905
16699363907
16699363908
16699363909
16699363912
16699363913
16699363915
16699363916
16699363917
16699363920
16699363921
16699363926
16699363927
16699363928
16699363930
16699363931
16699363932
16699363935
16699363938
16699363950
16699363951
16699363953
16699363956
16699363958
16699363960
16699363961
16699363962
16699363963
16699363965
16699363967
16699363968
16699363970
16699363972
16699363973
16699363975
16699363976
16699363978
16699363979
16699363981
16699363982
16699363983
16699363985
16699363986
16699363991
16699363997
16699363998
16699396732
17690370053
17690370067
17690370076
17690370079
17690370107
17690370108
17690370116
17690370130
17690370132
17690370178
17690370183
17690370186
17690370197
17690370210
17690370219
17690370229
17690370290
17690370298
17690370327
17690370359
17690370363
17690370369
17690370376
17690370378
17690370379
17690370393
17690370536
17690370550
17690370551
17690370553
17690370556
17690370559
17690370565
17690370569
17690370575
17690370580
17690370582
17690370583
17690370608
17690370617
17690370619
17690370719
17690370720
17690370725
17690370729
17690370753
17690370759
17690370778
17690370781
17690370807
17690370853
17690370857
17690370870
17690370936
17690370938
17690370959
17690370961
17690370992
17690370995
17690371009
17690371023
17690371035
17690371037
17690371052
17690371060
17690371073
17690371076
17690371079
17690371096
17690371129
17690371136
17690371137
17690371151
17690371163
17690371305
17690371306
17690371320
17690371321
17690371329
17690371331
17690371351
17690371362
17690371367
17690371368
17690371372
17690371380
17690371382
17690371393
17690371501
17690371505
17690371506
17690371558
17690371559
17690371563
17690371568
17690371571
17690371579
17690371591
17690371656
17690371657
17690371663
17690371725
17690371731
17690371737
17690371790
17690371796
17690371808
17690371816
17690371820
17690371821
17690371851
17690371852
17690371876
17690371878
17690371891
17690371909
17690371968
17690371986
17690372067
17690372073
17690372112
17690372118
17690372153
17690372160
17690372163
17690372193
17690372231
17690372239
17690372265
17690372301
17690372310
17690372313
17690372320
17690372325
17690372329
17690372330
17690372335
17690372339
17690372350
17690372351
17690372372
17690372389
17690372395
17690372396
17690372509
17690372551
17690372553
17690372620
17690372651
17690372652
17690372681
17690372687
17690372707
17690372708
17690372723
17690372759
17690372770
17690372803
17690372805
17690372807
18599357213
18599358562
18599371572
18599372106
18599372239
18599380013
18599380018
18599380021
18599380032
18599380035
18599380036
18599380037
18599380051
18599380052
18599380053
18599380056
18599380059
18599380061
18599380062
18599380065
18599380067
18599380070
18599380073
18599393167
18599395192
18599396079
18599397682
18599420192
18599426837
18599428793
18599429631
18599497087
18599497130
18599600023
18599600038
18599600127
18599600132
18599600135
18599600136
18599600137
18599600139
18599600150
18599600152
18599600153
18599600157
18599600158
18599600161
18599600162
18599600163
18599600167
18599600170
18599600172
18599600176
18599600178
18599600179
18599600180
18599600181
18599600182
18599600185
18599600187
18599600190
18599600195
18599600196
18599600197
18599600201
18599600209
18599600213
18599600231
18599600236
18599600237
18599600239
18599600251
18599600252
18599600253
18599600257
18599600259
18599600260
18599600261
18599600262
18599600263
18599600265
18599600269
18599600272
18599600273
18599600279
18599600280
18599600281
18599600282
18599600283
18599600285
18599600286
18599600287
18599600291
18599600293
18599600295
18599600296
18599600298
18599600307
18599600308
18599600309
18599600310
18599600312
18599600316
18599600319
18599600326
18599600327
18599600337
18599600350
18599600351
18599600352
18599600353
18599600356
18599600357
18599600359
18599600361
18599600362
18599600363
18599600365
18599600367
18599600368
18599600369
18599600370
18599600371
18599600375
18599600376
18599600378
18599600379
18599600380
18599600381
18599600382
18599600385
18599600386
18599600387
18599600390
18599600391
18599600392
18599600396
18599600398
18599600503
18599600513
18599600517
18599600526
18599600529
18599600532
18599600537
18599600539
18599600552
18599600556
18599600557
18599600561
18599600563
18599600570
18599600573
18599600576
18599600578
18599600579
18599600580
18599600585
18599600587
18599600589
18599600591
18599600592
18599600593
18599600595
18599600597
18599600598
18599600610
18599600619
18599600621
18599600623
18599600635
18599600636
18599600653
18599600656
18599600657
18599600665
18599600667
18599600671
18599600673
18599600675
18599600681
18599600682
18599600685
18599600687
18599600689
18599600690
18599600691
18599600695
18599600698
18599600701
18599600702
18599600713
18599600718
18599600721
18599600723
18599600726
18599600729
18599600732
18599600735
18599600738
18599600750
18599600751
18599600753
18599600757
18599600758
18599600759
18599600760
18599600761
18599600762
18599600765
18599600768
18599600772
18599600775
18599600776
18599600779
18599600781
18599600782
18599600783
18599600786
18599600787
18599600791
18599600792
18599600793
18599600795
18599600796
18599600797
18599600803
18599600820
18599600821
18599600823
18599600826
18599600832
18599600835
18599600837
18599600850
18599600852
18599600853
18599600856
18599600857
18599600861
18599600863
18599600870
18599600872
18599600873
18599600891
18599600892
18599600893
18599600895
18599600896
18599600897
18599600902
18599600910
18599600918
18599600927
18599600931
18599600932
18599600935
18599600936
18599600937
18599600939
18599600950
18599600951
18599600952
18599600953
18599600956
18599600957
18599600961
18599600962
18599600963
18599600971
18599600973
18599600975
18599600976
18599600979
18599600981
18599600983
18599600992
18599600995
18599601007
18599601009
18599601017
18599601021
18599601032
18599601035
18599601036
18599601037
18599601038
18599601051
18599601052
18599601053
18599601056
18599601057
18599601058
18599601061
18599601062
18599601065
18599601067
18599601071
18599601072
18599601073
18599601075
18599601076
18599601079
18599601081
18599601082
18599601083
18599601087
18599601091
18599601092
18599601095
18599601097
18599601102
18599601105
18599601107
18599601127
18599601129
18599601130
18599601135
18599601136
18599601137
18599601138
18599601145
18599601150
18599601151
18599601152
18599601156
18599601160
18599601162
18599601165
18599601167
18599601170
18599601172
18599601176
18599601179
18599601182
18599601183
18599601187
18599601189
18599601190
18599601192
18599601193
18599601195
18599601196
18599601197
18599601201
18599601206
18599601207
18599601221
18599601231
18599601235
18599601238
18599601239
18599601250
18599601251
18599601252
18599601253
18599601256
18599601257
18599601258
18599601259
18599601260
18599601262
18599601263
18599601265
18599601267
18599601268
18599601269
18599601270
18599601272
18599601276
18599601279
18599601281
18599601283
18599601285
18599601286
18599601287
18599601289
18599601290
18599601291
18599601292
18599601293
18599601296
18599601297
18599601302
18599601303
18599601305
18599601306
18599601307
18599601308
18599601309
18599601310
18599601312
18599601315
18599601317
18599601320
18599601321
18599601323
18599601325
18599601326
18599601327
18599601328
18599601329
18599601330
18599601331
18599601332
18599601336
18599601337
18599601338
18599601344
18599601350
18599601351
18599601352
18599601356
18599601358
18599601359
18599601360
18599601361
18599601362
18599601363
18599601364
18599601365
18599601367
18599601368
18599601369
18599601370
18599601371
18599601372
18599601373
18599601376
18599601378
18599601379
18599601380
18599601381
18599601382
18599601386
18599601389
18599601392
18599601395
18599601396
18599601398
18599601445
18599601450
18599601501
18599601503
18599601505
18599601506
18599601507
18599601510
18599601512
18599601513
18599601517
18599601519
18599601523
18599601525
18599601526
18599601527
18599601528
18599601529
18599601532
18599601535
18599601537
18599601538
18599601547
18599601550
18599601551
18599601553
18599601556
18599601557
18599601560
18599601561
18599601562
18599601563
18599601565
18599601568
18599601569
18599601571
18599601572
18599601573
18599601579
18599601581
18599601582
18599601584
18599601585
18599601587
18599601589
18599601591
18599601592
18599601596
18599601597
18599601598
18599601601
18599601602
18599601603
18599601605
18599601607
18599601610
18599601615
18599601617
18599601623
18599601625
18599601627
18599601630
18599601631
18599601632
18599601636
18599601637
18599601638
18599601639
18599601651
18599601652
18599601653
18599601656
18599601657
18599601659
18599601667
18599601670
18599601671
18599601672
18599601673
18599601675
18599601676
18599601679
18599601680
18599601681
18599601682
18599601683
18599601685
18599601687
18599601689
18599601691
18599601692
18599601693
18599601695
18599601696
18599601697
18599601698
18599601702
18599601705
18599601706
18599601708
18599601709
18599601710
18599601712
18599601715
18599601719
18599601721
18599601724
18599601729
18599601730
18599601731
18599601732
18599601735
18599601739
18599601742
18599601747
18599601750
18599601751
18599601752
18599601753
18599601756
18599601757
18599601760
18599601765
18599601768
18599601770
18599601771
18599601772
18599601778
18599601779
18599601782
18599601783
18599601785
18599601786
18599601787
18599601790
18599601791
18599601793
18599601795
18599601796
18599601797
18599601798
18599601801
18599601803
18599601805
18599601806
18599601807
18599601809
18599601812
18599601813
18599601815
18599601816
18599601820
18599601821
18599601825
18599601826
18599601827
18599601829
18599601830
18599601832
18599601835
18599601836
18599601837
18599601839
18599601850
18599601852
18599601853
18599601856
18599601857
18599601862
18599601863
18599601865
18599601867
18599601871
18599601872
18599601873
18599601875
18599601876
18599601878
18599601879
18599601883
18599601886
18599601890
18599601891
18599601892
18599601895
18599601897
18599601901
18599601902
18599601903
18599601905
18599601908
18599601910
18599601912
18599601913
18599601915
18599601916
18599601917
18599601920
18599601921
18599601923
18599601924
18599601925
18599601927
18599601928
18599601929
18599601931
18599601932
18599601935
18599601936
18599601937
18599601938
18599601939
18599601943
18599601951
18599601952
18599601953
18599601954
18599601956
18599601957
18599601959
18599601961
18599601963
18599601965
18599601967
18599601968
18599601971
18599601972
18599601973
18599601979
18599601980
18599601981
18599601985
18599602013
18599602016
18599602023
18599602026
18599602029
18599602031
18599602032
18599602035
18599602037
18599602038
18599602039
18599602053
18599602056
18599602058
18599602059
18599602061
18599602062
18599602072
18599602075
18599602079
18599602081
18599602082
18599602085
18599602086
18599602089
18599602093
18599602095
18599602096
18599602097
18599602098
18599602103
18599602105
18599602106
18599602107
18599602108
18599602109
18599602115
18599602116
18599602117
18599602119
18599602126
18599602127
18599602128
18599602130
18599602132
18599602136
18599602137
18599602150
18599602153
18599602156
18599602157
18599602159
18599602162
18599602163
18599602165
18599602167
18599602170
18599602172
18599602173
18599602175
18599602176
18599602178
18599602180
18599602182
18599602183
18599602185
18599602186
18599602187
18599602189
18599602190
18599602192
18599602195
18599602196
18599602197
18599602198
18599602203
18599602206
18599602207
18599602209
18599602213
18599602215
18599602216
18599602219
18599602230
18599602231
18599602235
18599602236
18599602237
18599602239
18599602245
18599602251
18599602252
18599602253
18599602256
18599602260
18599602261
18599602263
18599602267
18599602269
18599602270
18599602275
18599602276
18599602279
18599602281
18599602283
18599602286
18599602287
18599602289
18599602290
18599602291
18599602293
18599602295
18599602296
18599602301
18599602303
18599602306
18599602307
18599602312
18599602313
18599602315
18599602316
18599602317
18599602318
18599602319
18599602321
18599602325
18599602327
18599602331
18599602332
18599602336
18599602337
18599602338
18599602339
18599602348
18599602350
18599602351
18599602353
18599602356
18599602357
18599602358
18599602359
18599602360
18599602361
18599602363
18599602365
18599602367
18599602368
18599602369
18599602370
18599602371
18599602372
18599602373
18599602375
18599602376
18599602378
18599602379
18599602380
18599602381
18599602382
18599602383
18599602385
18599602386
18599602387
18599602389
18599602391
18599602392
18599602393
18599602394
18599602395
18599602396
18599602397
18599602443
18599602448
18599602451
18599602458
18599602463
18599602478
18599602494
18599602495
18599602501
18599602502
18599602503
18599602506
18599602507
18599602508
18599602512
18599602513
18599602517
18599602523
18599602526
18599602527
18599602529
18599602531
18599602532
18599602535
18599602536
18599602537
18599602538
18599602539
18599602540
18599602545
18599602546
18599602550
18599602551
18599602553
18599602556
18599602559
18599602560
18599602561
18599602562
18599602563
18599602565
18599602570
18599602571
18599602572
18599602573
18599602575
18599602576
18599602579
18599602581
18599602582
18599602583
18599602586
18599602587
18599602589
18599602590
18599602591
18599602592
18599602593
18599602595
18599602597
18599602598
18599602601
18599602603
18599602606
18599602607
18599602608
18599602609
18599602612
18599602615
18599602617
18599602618
18599602619
18599602620
18599602621
18599602623
18599602630
18599602635
18599602636
18599602637
18599602638
18599602639
18599602645
18599602650
18599602651
18599602652
18599602653
18599602656
18599602658
18599602659
18599602660
18599602661
18599602662
18599602667
18599602668
18599602669
18599602670
18599602671
18599602672
18599602675
18599602679
18599602680
18599602682
18599602683
18599602685
18599602687
18599602689
18599602691
18599602692
18599602695
18599602696
18599602697
18599602698
18599602701
18599602702
18599602703
18599602704
18599602706
18599602707
18599602708
18599602709
18599602710
18599602712
18599602713
18599602715
18599602718
18599602719
18599602721
18599602723
18599602725
18599602726
18599602729
18599602730
18599602731
18599602732
18599602735
18599602738
18599602739
18599602744
18599602748
18599602750
18599602751
18599602752
18599602753
18599602756
18599602757
18599602759
18599602760
18599602761
18599602762
18599602763
18599602765
18599602767
18599602768
18599602769
18599602771
18599602775
18599602781
18599602782
18599602783
18599602786
18599602787
18599602793
18599602795
18599602796
18599602798
18599602801
18599602803
18599602805
18599602806
18599602807
18599602809
18599602813
18599602815
18599602819
18599602823
18599602829
18599602830
18599602831
18599602832
18599602835
18599602836
18599602837
18599602839
18599602851
18599602852
18599602853
18599602856
18599602857
18599602860
18599602861
18599602862
18599602863
18599602867
18599602870
18599602871
18599602872
18599602873
18599602874
18599602875
18599602876
18599602879
18599602881
18599602883
18599602887
18599602891
18599602892
18599602893
18599602898
18599602901
18599602902
18599602903
18599602906
18599602907
18599602908
18599602910
18599602912
18599602915
18599602917
18599602923
18599602926
18599602927
18599602930
18599602931
18599602934
18599602935
18599602936
18599602937
18599602938
18599602943
18599602945
18599602946
18599602948
18599602950
18599602951
18599602952
18599602953
18599602954
18599602957
18599602958
18599602960
18599602961
18599602962
18599602963
18599602965
18599602967
18599602968
18599602971
18599602972
18599602975
18599602976
18599602979
18599602980
18599602981
18599602983
18599602984
18599602985
18599602986
18599602989
18599602990
18599602991
18599602992
18599602994
18599602996
18599602997
18599603001
18599603013
18599603015
18599603021
18599603025
18599603026
18599603028
18599603029
18599603035
18599603038
18599603039
18599603051
18599603052
18599603053
18599603056
18599603057
18599603058
18599603059
18599603065
18599603067
18599603068
18599603069
18599603072
18599603073
18599603075
18599603078
18599603079
18599603081
18599603082
18599603083
18599603086
18599603087
18599603089
18599603091
18599603092
18599603096
18599603097
18599603101
18599603102
18599603103
18599603104
18599603105
18599603107
18599603108
18599603109
18599603113
18599603115
18599603118
18599603120
18599603125
18599603126
18599603127
18599603130
18599603135
18599603137
18599603139
18599603147
18599603148
18599603150
18599603151
18599603152
18599603153
18599603156
18599603157
18599603158
18599603161
18599603162
18599603163
18599603167
18599603169
18599603170
18599603171
18599603172
18599603178
18599603179
18599603181
18599603184
18599603185
18599603187
18599603189
18599603190
18599603192
18599603195
18599603196
18599603197
18599603205
18599603206
18599603207
18599603209
18599603213
18599603215
18599603216
18599603217
18599603218
18599603219
18599603220
18599603221
18599603225
18599603226
18599603227
18599603229
18599603230
18599603235
18599603236
18599603238
18599603250
18599603251
18599603252
18599603253
18599603256
18599603257
18599603258
18599603259
18599603260
18599603261
18599603262
18599603263
18599603267
18599603268
18599603269
18599603271
18599603273
18599603275
18599603276
18599603278
18599603279
18599603280
18599603281
18599603282
18599603283
18599603286
18599603290
18599603291
18599603292
18599603293
18599603296
18599603305
18599603309
18599603310
18599603312
18599603315
18599603317
18599603319
18599603325
18599603326
18599603327
18599603329
18599603352
18599603357
18599603358
18599603359
18599603362
18599603363
18599603364
18599603365
18599603367
18599603370
18599603371
18599603375
18599603376
18599603378
18599603379
18599603381
18599603382
18599603385
18599603386
18599603389
18599603391
18599603392
18599603393
18599603395
18599603396
18599603397
18599603412
18599603450
18599603465
18599603474
18599603501
18599603502
18599603503
18599603506
18599603509
18599603510
18599603512
18599603513
18599603515
18599603516
18599603517
18599603518
18599603523
18599603525
18599603526
18599603527
18599603529
18599603531
18599603536
18599603537
18599603538
18599603539
18599603550
18599603551
18599603552
18599603553
18599603556
18599603557
18599603558
18599603559
18599603561
18599603562
18599603565
18599603569
18599603570
18599603571
18599603572
18599603574
18599603576
18599603578
18599603580
18599603583
18599603584
18599603592
18599603595
18599603596
18599603597
18599603598
18599603601
18599603602
18599603605
18599603607
18599603608
18599603610
18599603612
18599603615
18599603617
18599603619
18599603621
18599603623
18599603625
18599603626
18599603627
18599603631
18599603632
18599603635
18599603638
18599603650
18599603651
18599603652
18599603653
18599603656
18599603657
18599603658
18599603662
18599603665
18599603667
18599603669
18599603671
18599603673
18599603675
18599603676
18599603679
18599603680
18599603682
18599603683
18599603685
18599603687
18599603690
18599603691
18599603693
18599603695
18599603696
18599603698
18599603701
18599603702
18599603706
18599603707
18599603708
18599603709
18599603710
18599603712
18599603713
18599603715
18599603716
18599603719
18599603721
18599603723
18599603725
18599603726
18599603729
18599603731
18599603732
18599603735
18599603736
18599603739
18599603741
18599603750
18599603751
18599603752
18599603753
18599603754
18599603756
18599603758
18599603759
18599603760
18599603761
18599603762
18599603765
18599603767
18599603768
18599603769
18599603770
18599603771
18599603772
18599603775
18599603776
18599603780
18599603781
18599603782
18599603783
18599603785
18599603786
18599603787
18599603790
18599603791
18599603792
18599603793
18599603794
18599603795
18599603796
18599603797
18599603798
18599603801
18599603803
18599603805
18599603806
18599603807
18599603810
18599603812
18599603813
18599603815
18599603816
18599603817
18599603820
18599603821
18599603823
18599603825
18599603826
18599603827
18599603829
18599603837
18599603839
18599603844
18599603850
18599603851
18599603852
18599603853
18599603856
18599603857
18599603859
18599603861
18599603862
18599603863
18599603865
18599603867
18599603868
18599603869
18599603870
18599603871
18599603872
18599603873
18599603875
18599603876
18599603881
18599603884
18599603885
18599603887
18599603891
18599603892
18599603893
18599603895
18599603896
18599603897
18599603898
18599603901
18599603902
18599603905
18599603907
18599603910
18599603912
18599603913
18599603915
18599603916
18599603917
18599603918
18599603920
18599603921
18599603923
18599603925
18599603926
18599603927
18599603928
18599603929
18599603935
18599603937
18599603938
18599603951
18599603953
18599603956
18599603957
18599603961
18599603965
18599603967
18599603968
18599603970
18599603972
18599603973
18599603975
18599603976
18599603978
18599603980
18599603981
18599603983
18599603985
18599603986
18599603987
18599603992
18599603995
18599603996
18599603997
18599605016
18599605018
18599605019
18599605027
18599605029
18599605031
18599605035
18599605037
18599605038
18599605039
18599605051
18599605054
18599605056
18599605061
18599605062
18599605063
18599605067
18599605069
18599605071
18599605072
18599605074
18599605076
18599605079
18599605083
18599605085
18599605086
18599605092
18599605093
18599605095
18599605097
18599605098
18599605101
18599605102
18599605105
18599605108
18599605113
18599605115
18599605118
18599605119
18599605120
18599605127
18599605128
18599605129
18599605130
18599605132
18599605135
18599605136
18599605137
18599605139
18599605147
18599605150
18599605153
18599605156
18599605157
18599605158
18599605160
18599605161
18599605162
18599605163
18599605169
18599605170
18599605172
18599605173
18599605175
18599605176
18599605178
18599605183
18599605184
18599605187
18599605189
18599605190
18599605191
18599605192
18599605195
18599605197
18599605198
18599605212
18599605215
18599605216
18599605219
18599605223
18599605225
18599605231
18599605232
18599605236
18599605237
18599605238
18599605239
18599605242
18599605251
18599605253
18599605256
18599605257
18599605258
18599605259
18599605260
18599605261
18599605262
18599605263
18599605265
18599605267
18599605268
18599605270
18599605271
18599605273
18599605275
18599605276
18599605278
18599605279
18599605281
18599605282
18599605285
18599605289
18599605290
18599605291
18599605292
18599605293
18599605295
18599605303
18599605305
18599605306
18599605307
18599605308
18599605309
18599605313
18599605316
18599605317
18599605318
18599605319
18599605321
18599605323
18599605325
18599605327
18599605328
18599605329
18599605331
18599605336
18599605337
18599605339
18599605348
18599605350
18599605351
18599605352
18599605356
18599605357
18599605360
18599605361
18599605362
18599605363
18599605365
18599605369
18599605370
18599605371
18599605372
18599605375
18599605376
18599605378
18599605380
18599605381
18599605382
18599605383
18599605385
18599605386
18599605387
18599605389
18599605390
18599605391
18599605392
18599605393
18599605395
18599605396
18599605397
18599605398
18599605439
18599605460
18599605473
18599605478
18599605491
18599605495
18599605501
18599605503
18599605507
18599605509
18599605510
18599605513
18599605516
18599605517
18599605521
18599605523
18599605527
18599605529
18599605530
18599605532
18599605536
18599605537
18599605538
18599605539
18599605547
18599605560
18599605562
18599605563
18599605568
18599605571
18599605572
18599605573
18599605575
18599605579
18599605581
18599605582
18599605583
18599605586
18599605591
18599605592
18599605597
18599605598
18599605601
18599605602
18599605603
18599605605
18599605606
18599605609
18599605612
18599605613
18599605615
18599605616
18599605617
18599605618
18599605619
18599605621
18599605623
18599605625
18599605626
18599605627
18599605631
18599605632
18599605651
18599605652
18599605653
18599605658
18599605659
18599605661
18599605662
18599605663
18599605669
18599605670
18599605672
18599605673
18599605674
18599605675
18599605676
18599605679
18599605681
18599605682
18599605684
18599605685
18599605686
18599605689
18599605690
18599605691
18599605693
18599605695
18599605697
18599605698
18599605702
18599605703
18599605705
18599605706
18599605708
18599605710
18599605712
18599605713
18599605715
18599605716
18599605718
18599605719
18599605721
18599605723
18599605725
18599605726
18599605727
18599605729
18599605730
18599605731
18599605738
18599605739
18599605743
18599605750
18599605751
18599605752
18599605753
18599605760
18599605761
18599605762
18599605763
18599605769
18599605771
18599605773
18599605776
18599605778
18599605779
18599605781
18599605782
18599605791
18599605792
18599605793
18599605795
18599605796
18599605797
18599605798
18599605801
18599605805
18599605806
18599605807
18599605809
18599605812
18599605813
18599605815
18599605819
18599605821
18599605823
18599605826
18599605827
18599605829
18599605830
18599605832
18599605835
18599605836
18599605837
18599605838
18599605839
18599605851
18599605853
18599605856
18599605857
18599605860
18599605861
18599605862
18599605863
18599605865
18599605867
18599605869
18599605871
18599605872
18599605873
18599605875
18599605876
18599605879
18599605880
18599605882
18599605883
18599605887
18599605890
18599605891
18599605892
18599605895
18599605896
18599605897
18599605901
18599605902
18599605903
18599605905
18599605906
18599605907
18599605908
18599605909
18599605910
18599605912
18599605913
18599605915
18599605916
18599605917
18599605918
18599605921
18599605923
18599605925
18599605928
18599605930
18599605931
18599605932
18599605935
18599605936
18599605937
18599605939
18599605950
18599605951
18599605952
18599605956
18599605957
18599605960
18599605961
18599605962
18599605963
18599605965
18599605968
18599605969
18599605970
18599605971
18599605972
18599605973
18599605975
18599605978
18599605979
18599605980
18599605981
18599605982
18599605983
18599605985
18599605986
18599605987
18599605989
18599605991
18599605992
18599605993
18599605996
18599607003
18599607013
18599607015
18599607016
18599607017
18599607018
18599607019
18599607021
18599607023
18599607026
18599607029
18599607031
18599607032
18599607035
18599607036
18599607037
18599607038
18599607039
18599607050
18599607051
18599607052
18599607053
18599607056
18599607058
18599607059
18599607061
18599607062
18599607063
18599607065
18599607071
18599607072
18599607073
18599607076
18599607079
18599607081
18599607082
18599607083
18599607085
18599607086
18599607087
18599607089
18599607091
18599607092
18599607095
18599607096
18599607097
18599607098
18599607101
18599607102
18599607103
18599607105
18599607107
18599607108
18599607109
18599607112
18599607113
18599607115
18599607116
18599607117
18599607119
18599607120
18599607121
18599607125
18599607126
18599607128
18599607129
18599607130
18599607131
18599607132
18599607135
18599607136
18599607137
18599607138
18599607139
18599607150
18599607151
18599607153
18599607156
18599607157
18599607158
18599607159
18599607160
18599607161
18599607162
18599607163
18599607167
18599607168
18599607170
18599607173
18599607175
18599607178
18599607179
18599607183
18599607185
18599607186
18599607187
18599607189
18599607190
18599607191
18599607192
18599607193
18599607195
18599607197
18599607198
18599607201
18599607202
18599607203
18599607205
18599607206
18599607207
18599607209
18599607212
18599607213
18599607216
18599607217
18599607218
18599607219
18599607221
18599607228
18599607230
18599607231
18599607232
18599607235
18599607236
18599607237
18599607239
18599607250
18599607251
18599607252
18599607253
18599607256
18599607257
18599607258
18599607259
18599607260
18599607261
18599607262
18599607263
18599607265
18599607267
18599607268
18599607269
18599607270
18599607271
18599607275
18599607276
18599607278
18599607279
18599607280
18599607281
18599607282
18599607283
18599607285
18599607286
18599607287
18599607289
18599607291
18599607293
18599607295
18599607296
18599607297
18599607298
18599607301
18599607302
18599607303
18599607305
18599607306
18599607307
18599607308
18599607309
18599607310
18599607312
18599607313
18599607315
18599607316
18599607317
18599607318
18599607319
18599607320
18599607321
18599607323
18599607325
18599607326
18599607327
18599607328
18599607329
18599607330
18599607331
18599607332
18599607335
18599607336
18599607339
18599607350
18599607351
18599607352
18599607356
18599607357
18599607358
18599607359
18599607360
18599607361
18599607362
18599607363
18599607365
18599607367
18599607368
18599607369
18599607371
18599607372
18599607375
18599607376
18599607378
18599607379
18599607381
18599607382
18599607383
18599607385
18599607387
18599607389
18599607390
18599607391
18599607392
18599607393
18599607395
18599607396
18599607397
18599607398
18599607501
18599607502
18599607503
18599607505
18599607506
18599607507
18599607508
18599607512
18599607513
18599607515
18599607516
18599607517
18599607518
18599607519
18599607520
18599607523
18599607526
18599607527
18599607528
18599607529
18599607530
18599607531
18599607532
18599607536
18599607537
18599607539
18599607552
18599607556
18599607558
18599607559
18599607560
18599607561
18599607562
18599607563
18599607565
18599607570
18599607571
18599607576
18599607578
18599607579
18599607580
18599607582
18599607583
18599607587
18599607589
18599607590
18599607591
18599607592
18599607593
18599607596
18599607597
18599607598
18599607601
18599607602
18599607603
18599607605
18599607606
18599607607
18599607608
18599607609
18599607610
18599607613
18599607615
18599607617
18599607619
18599607621
18599607623
18599607625
18599607626
18599607627
18599607628
18599607629
18599607630
18599607631
18599607632
18599607636
18599607637
18599607639
18599607650
18599607651
18599607652
18599607653
18599607656
18599607657
18599607658
18599607659
18599607661
18599607663
18599607665
18599607668
18599607669
18599607671
18599607672
18599607673
18599607675
18599607679
18599607680
18599607681
18599607682
18599607683
18599607685
18599607686
18599607687
18599607689
18599607690
18599607691
18599607692
18599607693
18599607695
18599607697
18599607698
18599607701
18599607702
18599607703
18599607705
18599607708
18599607710
18599607713
18599607716
18599607718
18599607719
18599607721
18599607726
18599607729
18599607731
18599607732
18599607735
18599607736
18599607737
18599607751
18599607752
18599607753
18599607756
18599607757
18599607759
18599607761
18599607762
18599607763
18599607767
18599607768
18599607769
18599607781
18599607782
18599607783
18599607785
18599607790
18599607791
18599607792
18599607793
18599607795
18599607797
18599607802
18599607805
18599607806
18599607809
18599607810
18599607812
18599607813
18599607815
18599607816
18599607817
18599607818
18599607821
18599607823
18599607825
18599607826
18599607827
18599607828
18599607829
18599607830
18599607831
18599607832
18599607835
18599607836
18599607837
18599607838
18599607839
18599607850
18599607851
18599607852
18599607853
18599607857
18599607858
18599607859
18599607861
18599607862
18599607863
18599607865
18599607867
18599607869
18599607870
18599607871
18599607872
18599607873
18599607875
18599607881
18599607882
18599607885
18599607893
18599607895
18599607896
18599607898
18599607901
18599607902
18599607903
18599607908
18599607909
18599607910
18599607912
18599607915
18599607916
18599607918
18599607920
18599607921
18599607923
18599607925
18599607926
18599607927
18599607928
18599607930
18599607931
18599607932
18599607936
18599607937
18599607938
18599607939
18599607950
18599607951
18599607952
18599607953
18599607957
18599607958
18599607959
18599607961
18599607962
18599607963
18599607965
18599607967
18599607968
18599607969
18599607970
18599607971
18599607972
18599607973
18599607975
18599607978
18599607980
18599607981
18599607982
18599607983
18599607986
18599607987
18599607990
18599607991
18599607992
18599607995
18599607996
18599607998
18599610753
18599610796
18599610895
18599610938
18599610975
18599611780
18599612059
18599612063
18599612106
18599612157
18599612659
18599612687
18599612703
18599612759
18599612795
18599612923
18599613062
18599615281
18599615713
18599615726
18599616870
18599617052
18599617135
18599617215
18599617263
18599617269
18599617308
18599617309
18599617357
18599617392
18599617501
18599617537
18599617612
18599617637
18599617651
18599617683
18599617691
18599617693
18599617793
18599617812
18599617862
18599617876
18599617893
18599617912
18599617963
18599617965
18599618057
18599618062
18599618159
18599618219
18599618362
18599618536
18599618573
18599618608
18599618923
18599618927
18599619015
18609050579
18609050751
18609050863
18609050993
18609051338
18609051381
18609051683
18609052059
18609052102
18609052150
18609052901
18609053386
18609053687
18609053813
18609055070
18609056253
18609056360
18609056738
18609056962
18609057631
18609057659
18609057883
18609057905
18609058053
18609058085
18609058395
18609058570
18609059192
18609059501
18609059507
18609059517
18609059561
18609059592
18609059837
18609059875
18699390092
18699390263
18699390776
18699390796
18699391371
18699391385
18699391517
18699391639
18699391697
18699391851
18699392131
18699393279
18699393651
18699395608
18699396550
18699396980
18699397026
18699397179
18699397312
18699397732
18699398036
18699398093
18699399135
18699399601
18699910159
18699910237
18699910296
18699910390
18699910658
18699910805
18699910985
18699911673
18699912395
18699912589
18699912756
18699913561
18699913573
18699915082
18699915260
18699915873
18699916705
18699917657
18699917815
18699917836
18699918061
18699918263
18699919371
18699919582
18699920571
18699920721
18699921053
18699921693
18699921783
18699921827
18699922613
18699922816
18699922976
18699923350
18699923872
18699926753
18699926819
18699927505
18699927617
18699927652
18699927832
18699927935
18699928613
18699929020
18699929052
18699929110
18699951316
18699951368
18699951691
18699952685
18699953267
18699953613
18699956519
18699956938
18699957761
18699958069
18699959835
18699980180
18699982652
18699982925
18699983169
18699983726
18699985317
18699985730
18699985797
18699986278
