13029630285
13029630763
13029630872
13029633591
13029635238
13029635282
13029635587
13029635836
13029636017
13029637205
13029637206
13029637693
13029637962
13029638306
13031280472
13031280762
13031281524
13031296953
13040480167
13040480372
13040480379
13040480527
13040480759
13040481085
13040481685
13095157819
13095190367
13095197097
13095197121
13095197269
13123961982
13123962752
13123962756
13123962757
13123962758
13123962761
13123962780
13123962791
13123962792
13123962807
13123962809
13123962812
13123962815
13123962835
13123962851
13123962867
13123962870
13123962872
13123962876
13123962890
13123962905
13123962917
13123962952
13123962971
13123963053
13123963065
13123963071
13123963087
13123963097
13123963109
13123963152
13123963165
13123963170
13123963182
13123963281
13123965031
13123965036
13123965059
13123965067
13123965083
13123965092
13123965137
13123965165
13123965167
13123965185
13123965187
13123965190
13123965272
13123965276
13123965285
13123965291
13123965298
13123965301
13123965307
13123965317
13123965325
13123965361
13123965369
13123965371
13123965375
13123965391
13123965563
13123965601
13123965612
13123965618
13123965621
13123965625
13123965635
13123965662
13123965682
13123965690
13123965692
13123965695
13123965705
13123965712
13123965719
13123965721
13123965780
13123965812
13123965827
13123965835
13123965839
13123965857
13123965863
13123965873
13123965882
13123965890
13123965907
13123965910
13123965912
13123965925
13123965935
13123965968
13123965980
13123965982
13123966037
13123966051
13123966053
13123966150
13123966152
13123966157
13123966172
13123966175
13123966198
13123966217
13123966219
13139751971
13139751976
13139752062
13139752068
13139752087
13139752092
13139752103
13139752137
13139752156
13139752270
13139752301
13139752327
13139758921
13150291262
13150291975
13150292539
13150292573
13150292576
13150292685
13150292796
13150292837
13150292862
13150292871
13150292879
13150292897
13150293027
13150293058
13150293127
13150293162
13150293193
13150293205
13150293253
13150293269
13150293271
13150293276
13150293283
13150293285
13150293297
13150412589
13150412771
13150412819
13150412969
13150412980
13150413079
13150413127
13150413162
13150413173
13150413263
13150413362
13150442139
13150442156
13150442160
13150442196
13150442356
13150442365
13150442389
13150442395
13150442517
13150442556
13150442581
13150442597
13150442673
13150442675
13150442689
13150442693
13150442695
13150442703
13150442756
13150442758
13150442763
13150442785
13150442830
13150442839
13150442931
13150442953
13150442956
13150442971
13150443017
13150443021
13150443057
13150443065
13150443076
13150443093
13150443102
13150443106
13150443157
13150443163
13150443175
13150443179
13150443275
13150443279
13150443281
13150443289
13150443291
13150443367
13150443529
13150443538
13150443572
13150443573
13150443591
13150443605
13150443673
13150443681
13150443712
13150443756
13150443760
13150443762
13150443786
13150443795
13150443819
13150443850
13150443863
13150443869
13150443895
13150443896
13150443921
13150443961
13150443965
13150443971
13150446230
13150446592
13179989285
13199733671
13199733685
13199733692
13199733915
13201050862
13201051279
13201051537
13201052593
13201052657
13201195016
13201195793
13209075146
13209075371
13209075482
13239015325
13239015375
13239015675
13239015862
13239015923
13239016352
13239016532
13239018063
13239018071
13239700268
13239702516
13239702532
13239702579
13239702615
13239702651
13239702667
13239702682
13239702735
13239702739
13239702750
13239702795
13239702817
13239702862
13239702867
13239702873
13239702890
13239702892
13239702901
13239702921
13239702937
13239702971
13239702980
13239703056
13239703067
13239703072
13239703085
13239703105
13239703127
13239703151
13239703156
13239703157
13239703169
13239703183
13239703187
13239703192
13239703195
13239703207
13239703217
13239703263
13239704864
13239704995
13239705085
13239705319
13239709531
13239709617
13239720159
13239720167
13239720175
13239720193
13239720489
13239720490
13239720532
13239720545
13239720547
13239720548
13239720549
13239720561
13239720576
13239720581
13239720637
13239720638
13239720644
13239720649
13239720650
13239720659
13239720671
13239720675
13239720681
13239720684
13239720691
13239720742
13239720761
13239720791
13239720825
13239720835
13239720837
13239720839
13239720845
13239724953
13239725017
13239725083
13239725091
13239725107
13239873623
13239873760
13239873795
13239873853
13239873875
13239873925
13239873975
13279011571
13279011576
13279012509
13279012563
13279013172
13279013173
13279013235
13279013368
13279013375
13279013680
13279013681
13279013687
13279013715
13279013726
13279013760
13279013762
13279013763
13279013781
13279013796
13279013806
13279013809
13279013890
13279013891
13279013915
13279013923
13279013925
13279015636
13279702604
13279703863
13279703891
13279712183
13279712683
13279712856
13279712903
13279713097
13279728276
13279728651
13279728705
13279728956
13279729107
13279729183
13279813937
13279841905
13279842039
13279842075
13279842097
13279842170
13279842179
13279842256
13279842276
13279842291
13279842502
13279842503
13279842539
13279842608
13279842609
13279842615
13279842671
13279843016
13279843051
13279843067
13279843069
13279843076
13279843116
13279843137
13279843163
13279843179
13279843189
13279843205
13279843229
13279843293
13279843319
13279843359
13279843372
13279855761
13279875078
13279875195
13279875613
13279876509
13279896053
13279896057
13279903562
13279903652
13279906723
13279906748
13279906813
13279906827
13279906843
15569101375
15569101578
15569101797
15569105309
15569105361
15569105381
15569108127
15569110372
15569110673
15569110795
15569110857
15569113532
15569113572
15569113596
15569113609
15569115097
15569119328
15569119376
15569123116
15569123191
15569123237
15569123270
15569123273
15569123378
15569123607
15569123675
15569123680
15569123763
15569125506
15569125729
15569126335
15569126581
15569126593
15569126597
15569126613
15569126651
15569127092
15569127102
15569127250
15569127951
15569128917
15569128970
15569128978
15569128983
15569129062
15569129069
15569129076
15569129093
15569130356
15569130398
15569130536
15569130562
15569130571
15569130582
15569130590
15569130753
15569130761
15569130769
15569130795
15569131056
15569131059
15569132579
15569132621
15569132682
15569132752
15569132801
15569132805
15569132807
15569132903
15569132951
15569132987
15569133172
15569133297
15569133602
15569133875
15569133927
15569133976
15569135075
15569135180
15569135298
15569135721
15569135826
15569135831
15569135902
15569135912
15569136059
15569136085
15569139526
15569139592
15569139650
15569139681
15569139690
15569139750
15569139752
15569139826
15569139891
15569140257
15569140269
15569140276
15569140279
15569140281
15569140285
15569140286
15569140291
15569140351
15569140362
15569140376
15569140389
15569140598
15569140652
15569140732
15569140739
15569142165
15569142167
15569142169
15569142182
15569142193
15569142237
15569142285
15569142305
15569142309
15569142312
15569142358
15569142359
15569142370
15569142563
15569142586
15569142589
15569142593
15569142607
15569142609
15569142620
15569142652
15569142670
15569142673
15569142680
15569142685
15569142692
15569142703
15569142708
15569142709
15569142712
15569142739
15569142756
15569142757
15569142856
15569142873
15569142902
15569142920
15569142921
15569142952
15569142967
15569143016
15569143018
15569143058
15569143059
15569143065
15569143073
15569143076
15569143087
15569143095
15569143170
15569143182
15569143197
15569143202
15569143203
15569143209
15569143228
15569143251
15569143259
15569151735
15569151752
15569151759
15569151786
15569152563
15569152591
15569152613
15569152791
15569152867
15569161279
15569161285
15569161287
15569161293
15569161309
15569161372
15569161380
15569161392
15569161721
15569161752
15569161782
15569161892
15569161897
15569161901
15569165027
15569165109
15569165230
15569165307
15569165352
15569165382
15569165390
15569165608
15569167693
15569167703
15569171258
15569171275
15569171278
15569171285
15569171287
15569171289
15569171353
15569171369
15569171381
15569171386
15569171389
15569171565
15569171579
15569171581
15569171631
15569171659
15569171673
15569171837
15569171867
15569172031
15569172035
15569172038
15569172039
15569172065
15569172073
15569172082
15569172097
15569172171
15569172186
15569172193
15569172235
15569172263
15569172360
15569172376
15569172382
15569172860
15569172871
15569172915
15569172921
15569172984
15569172989
15569173071
15569173179
15569173189
15569173326
15569173361
15569173513
15569173516
15569173523
15569173528
15569173562
15569173572
15569173579
15569173620
15569173627
15569173658
15569173698
15569173708
15569173723
15569173796
15569173801
15569173812
15569173829
15569173871
15569173876
15569173915
15569173928
15569173934
15569173935
15569173959
15569173963
15569173965
15569173972
15569173975
15569173976
15569173985
15569173986
15569175032
15569175173
15569175236
15569175467
15569176091
15569176236
15569176296
15569176297
15569176357
15569176372
15569176375
15569176376
15569176386
15569176391
15569176396
15569176407
15569176576
15569176637
15569176702
15569176705
15569176721
15569176730
15569176732
15569176735
15569176750
15569176795
15569176815
15569176830
15569176832
15569176836
15569176850
15569176871
15569176895
15569176901
15569176925
15569176983
15569177027
15569177029
15569177035
15569177039
15569177536
15569177539
15569177561
15569177562
15569177563
15569177581
15569177583
15569177590
15569177591
15569177592
15569177601
15569177602
15569177608
15569177610
15569177613
15569177681
15569177683
15569177685
15569177689
15569177690
15569177693
15569178956
15569179130
15569179371
15569179559
15569179726
15569179783
15569179805
15569179825
15569179839
15569179861
15569179862
15569179863
15569179927
15569183203
15569183297
15569183342
15569183357
15569183529
15569183572
15569183573
15569183648
15569183679
15569183681
15569183705
15569183723
15569183742
15569183752
15569183754
15569183756
15569183769
15569183869
15569183975
15569184906
15569184934
15569185073
15569185301
15569185332
15569185346
15569185375
15569185387
15569185397
15569185829
15569190736
15569191570
15569191572
15569191837
15569191857
15569191875
15569192056
15569192062
15569192063
15569192068
15569192071
15569192086
15569192150
15569192186
15569192187
15569192259
15569192279
15569193052
15569193061
15569193127
15569193138
15569193153
15569193170
15569193182
15569193219
15569193265
15569193295
15569193501
15569193503
15569193530
15569194338
15569196382
15569197391
15569401062
15569401065
15569401073
15569401167
15569401182
15569401262
15569401263
15569401273
15569401282
15569401283
15569401285
15569401287
15569401308
15569401352
15569401359
15569401367
15569401372
15569401382
15569401387
15569401395
15569401396
15569401508
15569401536
15569401578
15569401581
15569401582
15569401596
15569401609
15569401630
15569401631
15569401639
15569401653
15569401675
15569401685
15569401691
15569401702
15569401720
15569401735
15569401759
15569401795
15569401807
15569401812
15569401823
15569401825
15569401827
15569401867
15569401869
15569401872
15569401897
15569401921
15569401939
15569401951
15569401954
15569401962
15569401971
15569405291
15569405302
15569405309
15569405317
15569405318
15569405325
15569405327
15569405365
15569405367
15569405370
15569405371
15569405378
15569405389
15569405390
15569405395
15569405397
15569405616
15569405631
15569405637
15569405651
15569405662
15569405713
15569405715
15569405721
15569405762
15569405763
15569405769
15569405779
15569405805
15569405832
15569405839
15569405851
15569405856
15569405859
15569405861
15569405875
15569405876
15569405902
15569405903
15569405906
15569405909
15569405925
15569405935
15569405936
15569405961
15569405971
15569405972
15569405978
15569405983
15569405992
15569406013
15569406017
15569406019
15569406028
15569406029
15569406032
15569406057
15569406079
15569406105
15569406136
15569406137
15569406170
15569406180
15569406189
15569406201
15569406231
15569406273
15569406285
15569406305
15569406323
15569406337
15569406358
15569406361
15569406367
15569406397
15569406503
15569406527
15569406529
15569406537
15569406572
15569406582
15569406589
15569406593
15569406597
15569406701
15569406703
15569406705
15569406710
15569406725
15569406728
15569406730
15569406732
15569406736
15569406738
15569406771
15569406779
15569406796
15569406801
15569406817
15569406819
15569406827
15569406856
15569406861
15569406871
15569406890
15569406891
15569406905
15569406913
15569406925
15569406928
15569418019
15569418029
15569418039
15569418072
15569418109
15569418125
15569418145
15569418165
15569418169
15569418205
15569418209
15569418216
15569418250
15569418257
15569418261
15569418279
15569418318
15569418367
15569418375
15569418397
15569418535
15569418561
15569418575
15569418587
15569418601
15569418619
15569418625
15569418631
15569418635
15569418706
15569418712
15569418769
15569418906
15569418937
15569418960
15569418965
15569418980
15569419030
15569419031
15569419036
15569419063
15569419086
15569419098
15569419153
15569419237
15569419259
15569419285
15569419336
15569419351
15569419376
15569419460
15569419563
15569419571
15569419576
15569419579
15569419580
15569419584
15569419602
15569419605
15569419618
15569419621
15569419638
15569419721
15569419730
15569419732
15569419748
15569419751
15569419778
15569419781
15569419785
15569419803
15569419809
15569419812
15569419820
15569419831
15569419853
15569419860
15569421056
15569421086
15569421093
15569421136
15569421256
15569421270
15569421271
15569421290
15569421295
15569421302
15569421309
15569421358
15569421368
15569421375
15569421393
15569421395
15569421396
15569421859
15569421863
15569421926
15569421928
15569421939
15569421953
15569421959
15569421960
15569421968
15569421973
15569421976
15569421980
15569422050
15569422059
15569422071
15569422086
15569422089
15569422103
15569422109
15569422136
15569422137
15569422152
15569422163
15569422175
15569422185
15569422189
15569426635
15569426657
15569426702
15569426715
15569426730
15569426756
15569426793
15569426802
15569426812
15569426902
15569428053
15569428062
15569428067
15569428072
15569428079
15569428087
15569428179
15569428207
15569428261
15569428291
15569428296
15569428305
15569428316
15569428361
15569428367
15569428373
15569428376
15569428379
15569428396
15569428537
15569428596
15569428613
15569428617
15569428680
15569428692
15569428705
15569428736
15569428907
15569428910
15569428916
15569428921
15569428931
15569428951
15569428957
15569429615
15569429619
15569429625
15569429630
15569429631
15569429701
15569429703
15569429709
15569429720
15569429751
15569429761
15569429767
15569429773
15569429785
15569429871
15569429875
15569433026
15569433052
15569433091
15569433103
15569433106
15569433178
15569433193
15569433198
15569433279
15569433289
15569436587
15569436679
15569436701
15569436713
15569436721
15569436738
15569436752
15569440579
15569440583
15569440685
15569440692
15569440693
15569440785
15569440791
15569440935
15569440953
15569441267
15569441280
15569441375
15569441380
15569441385
15569441675
15569441697
15569441719
15569441896
15569442038
15569442178
15569442569
15569442615
15569442617
15569442620
15569442670
15569442671
15569442672
15569442679
15569442739
15569442785
15569442791
15569443206
15569443259
15569443276
15569443291
15569443296
15569443532
15569443560
15569443576
15569443652
15569443679
15569443715
15569443791
15569443810
15569443829
15569443860
15569443875
15569443876
15569443905
15569443926
15569443927
15569443978
15569445259
15569445260
15569445271
15569445287
15569445293
15569445328
15569445337
15569445378
15569445379
15569445617
15569445721
15569445752
15569445960
15569445975
15569445976
15569446021
15569446038
15569446096
15569446136
15569446170
15569446172
15569446178
15569446182
15569446217
15569446237
15569446250
15569446258
15569446297
15569446326
15569446358
15569446365
15569446375
15569446507
15569446508
15569446509
15569446516
15569446578
15569446738
15569446758
15569446810
15569446856
15569446872
15569446930
15569446947
15569446953
15569446967
15569447023
15569447039
15569447056
15569447062
15569448870
15569448901
15569448906
15569448907
15569448908
15569448913
15569448927
15569448931
15569448932
15569448961
15569448963
15569448971
15569448975
15569449053
15569449087
15569449107
15569449153
15569450362
15569450532
15569450536
15569450572
15569450671
15569480053
15569480061
15569480126
15569480137
15569480139
15569480143
15569480145
15569480146
15569480147
15569480148
15569480149
15569480151
15569480154
15569480156
15569480160
15569480161
15569480162
15569480165
15569480169
15569480171
15569480173
15569480175
15569480176
15569480178
15569480179
15569480183
15569480185
15569480186
15569480189
15569480192
15569480193
15569480194
15569480195
15569492172
15569492193
15569492195
15569498502
15569498612
15569499107
15569499786
15569552930
15569552972
15569554879
15569557126
15569557248
15569557256
15569557356
15569557389
15569557394
15569557398
15569557439
15569557443
15569557450
15569557460
15569557462
15569557463
15569557467
15569557469
15569557486
15569557487
15569560252
15569560253
15569560273
15569560289
15569560371
15569560571
15569570842
15569571081
15569571465
15569572073
15569572101
15569572103
15569572156
15569572179
15569572201
15569572237
15569572260
15569572301
15569572305
15569572327
15569572371
15569572538
15569572561
15569572613
15569572651
15569572652
15569572692
15569572695
15569573150
15569573756
15569573781
15569576297
15569576315
15569576519
15569576801
15569576825
15569576863
15569576902
15569576925
15569577036
15569577039
15569577056
15569577093
15569577137
15569577139
15569577153
15569577191
15569579015
15569579017
15569579021
15569579056
15569579086
15569579231
15569579236
15569579260
15569579261
15569579278
15569579284
15569579298
15569579305
15569579310
15569579325
15569579332
15569579336
15569579344
15569579359
15569579361
15569579476
15569579751
15569579752
15569579753
15569580576
15569580579
15569580592
15569582190
15569582952
15569583187
15569583759
15569585318
15569585397
15569585713
15569585721
15569585738
15569585739
15569587235
15569587236
15569587239
15569587253
15569587263
15569587270
15569587286
15569587289
15569587292
15569587309
15569587339
15569587356
15569587362
15569587368
15569587376
15569587389
15569587390
15569587392
15569587393
15569587396
15569592371
15569592475
15569592476
15569592517
15569592685
15569592813
15569592872
15569593021
15569593460
15569594493
15569599382
15569599438
15569599443
15569599451
15569599482
15599832679
15599832879
15599836287
15599836876
15599841529
15599841579
15599841605
15599841638
15599847962
15599847967
15599848075
15599848157
15599849507
15599849512
15599849547
15599849608
15599849621
15599849683
15599849746
15599849761
15599849762
15599849845
15599851791
15599853841
15599853864
15599853921
15599854036
15599854037
15599854081
15599854097
15599854106
15599854190
15599854295
15599854308
15599854350
15599854372
15599854375
15599854394
15599854396
15599854427
15599854620
15599854639
15599854662
15599854690
15599854730
15599854759
15599854760
15599854792
15599855947
15599856314
15599860457
15599860594
15599867493
15599867501
15599867549
15599867641
15599867643
15599867693
15599867820
15599867853
15599867921
15599868004
15599872360
15599872375
15599873201
15599875035
15599875036
15599875704
15599876370
15660360873
15660361072
15660361329
15660361507
15660361723
15660361790
15660361831
15660361850
15660361902
15660361931
15684868932
15684869073
15684869167
15684869307
15684869670
15684869671
15684869687
15684869702
15684869705
15684869708
15684869712
15684869716
15684869735
15684869739
15684869750
15684869751
15684869758
15684869760
15684869761
15684877197
15684877206
15684877215
15684877216
15684877231
15684877239
15684877259
15684877268
15684877286
15684877291
15684877297
15684877309
15684877362
15684877365
15684877390
15684877453
15684877503
15684877590
15684877598
15684877605
15684877620
15684877621
15684877623
15684877629
15684877631
15684877635
15684877636
15684877638
15684877651
15684877673
15684877683
15684877695
15684877827
15688360263
15688360279
15688360583
15688360782
15688360785
15688360962
15688361037
15688361273
15688361371
15688361372
15688361397
15688361671
15688361675
15688361728
15688361852
15688361905
15688367812
15688367821
15688367852
15688367857
15688367865
15688370186
15688370193
15688370353
15688370360
15688370751
15688370896
15688370978
15688371032
15688371089
15688371132
15688371276
15688371286
15688371290
15688371359
15688371362
15688371379
15688371629
15688371656
15688371657
15688371673
15688371682
15688371697
15688371725
15688371745
15688371759
15688371870
15688371897
15688371910
15688371931
15688372051
15688372067
15688372091
15688372108
15688372170
15688372305
15688372310
15688372329
15688372375
15688372376
15688372601
15688372708
15688372750
15688372803
15688372908
15688372910
15688372930
15688373095
15688373103
15688373156
15688373175
15688373190
15688373192
15688373197
15688373213
15688373253
15688373257
15688373269
15688373285
15688373291
15688373510
15688373592
15688373602
15688373628
15688373675
15688373803
15688374951
15688374978
15688375015
15688375018
15688375035
15688375083
15688375095
15688375129
15688375169
15688375235
15688375243
15688375267
15688375285
15688375295
15688375351
15688375360
15688375617
15688375621
15688375623
15688375628
15688375691
15688375719
15688375816
15688375892
15688375897
15688375906
15688375962
15688375968
15688376019
15688376073
15688376079
15688376091
15688376102
15688376139
15688376173
15688376179
15688376208
15688376253
15688376273
15688376306
15688376326
15688376365
15688376385
15688376391
15688376392
15688376395
15688376502
15688376528
15688376531
15688376597
15688376705
15688376713
15688376739
15688376792
15688376795
15688376905
15688376972
15688378195
15688378517
15688379018
15688379036
15688379067
15688379231
15688379253
15688379623
15688379875
15699455036
15699455076
15699455083
15699455086
15699455167
15699455196
15699455197
15699455263
15699455265
15699455267
15699455273
15699455289
15699455291
15699455297
15699455301
15699455325
15699455360
15699455361
15699455381
15699455395
15699455601
15699455603
15699455605
15699455679
15699455681
15699455701
15699455716
15699455721
15699455732
15699455738
15699455756
15699455762
15699455769
15699455776
15699455781
15699455783
15699455786
15699455795
15699455817
15699455819
15699455821
15699455835
15699455863
15699455875
15699455879
15699455893
15699455896
15699455902
15699455932
15699455953
15699455962
15699456013
15699456023
15699456025
15699456028
15699456037
15699456039
15699456051
15699456052
15699456057
15699456072
15699456073
15699456076
15699456103
15699456109
15699456138
15699456139
15699456157
15699456179
15699456187
15699456193
15699456201
15699456217
15699456258
15699456297
15699456307
15699456319
15699456371
15699456391
15699456396
15699456593
15699456594
15699456712
15699456730
15699456817
15699456819
15699456827
15699456831
15699456917
15699456930
15699456972
15699456981
15699456984
15699457029
15699457203
15699457205
15699457209
15699457221
15699457231
15699457235
15699457251
15699457252
15699457262
15699457263
15699457265
15699457267
15699457268
15699457269
15699457281
15699457282
15699457283
15699457286
15699457292
15699457293
15699457306
15699457308
15699457328
15699457329
15699457335
15699457356
15699457362
15699457390
15699457397
15699457503
15699457513
15699457532
15699457583
15699457601
15699457603
15699457610
15699457628
15699457651
15699457653
15699457901
15699457906
15699457908
15699457912
15699457913
15699457937
15699457951
15699457953
15699457967
15699457971
15699457981
15699457983
15699457986
15699458026
15699458032
15699458059
15699458079
15699458102
15699458130
15699458139
15699458152
15699458169
15699458170
15699458209
15699458221
15699458259
15699458261
15699458267
15699458268
15699458269
15699458273
15699458276
15699458291
15699458302
15699458309
15699458312
15699458346
15699458357
15699458392
15699458504
15699458506
15699458526
15699458529
15699458531
15699458532
15699458562
15699458570
15699458607
15699458613
15699458625
15699458626
15699458629
15699458631
15699458639
15699458661
15699458671
15699458672
15699458679
15699458705
15699458716
15699458730
15699458735
15699458751
15699458763
15699458792
15699458795
15699458796
15699458798
15699458903
15699458917
15699458921
15699458923
15699458928
15699458950
15699458973
15699459015
15699459023
15699459039
15699459052
15699459056
15699459058
15699459062
15699459063
15699459079
15699459103
15699459106
15699459125
15699459126
15699459127
15699459130
15699459137
15699459152
15699459153
15699459170
15699459172
15699459175
15699459176
15699459183
15699459205
15699459235
15699459251
15699459258
15699459261
15699459265
15699459275
15699459276
15699459278
15699459289
15699459391
15699459506
15699459513
15699459560
15699459586
15699459605
15699459651
15699459670
15699459671
15699459672
15699459673
15699459683
15699459760
15699459763
15699459778
15699459783
15699459821
15699459831
15699459832
15699459836
15699459867
15699459872
15699459873
15699468250
15699468265
15699468295
15699468297
15699468350
15699468351
15699468359
15699468362
15699468369
15699468389
15699468395
15699468525
15699468560
15699468561
15699468563
15699468571
15699468572
15699468573
15699468579
15699468651
15699468657
15699468658
15699468673
15699468691
15699468692
15699468703
15699468705
15699468752
15699468781
15699468785
15699468791
15699468793
15699468795
15699468796
15699468930
15699468936
15699468951
15699468962
15699469015
15699469031
15699469035
15699469039
15699469075
15699469076
15699469083
15699469087
15699469130
15699469138
15699469162
15699469165
15699469173
15699469176
15699469178
15699469179
15699469180
15699469183
15699469187
15699469252
15699469278
15699469332
15699469392
15699469581
15699469623
15699469630
15699469716
15699469730
15699469801
15699469835
15699469851
15699478903
15699478921
15699478923
15699478927
15699478929
15699478930
15699478932
15699478957
15699478971
15699478973
15699478975
15699478976
15699478980
15699479021
15699479023
15699479026
15699479028
15699479031
15699479032
15699479035
15699479038
15699479039
15699479053
15699479056
15699479058
15699479059
15699479075
15699479081
15699479103
15699479106
15699479108
15699479121
15699479125
15699479130
15699479131
15699479135
15699479136
15699479137
15699479138
15699479153
15699479162
15699479163
15699479165
15699479167
15699479169
15699479172
15699479175
15699479182
15699479183
15699479185
15699479186
15699479187
15699479189
15699479195
15699479215
15699479239
15699479305
15699479379
15699479391
15699479502
15699479513
15699479529
15699479532
15699479539
15699479544
15699479557
15699479569
15699479581
15699479591
15699479605
15699479607
15699479612
15699479613
15699479623
15699479632
15699479639
15699479650
15699479652
15699479672
15699479675
15699479685
15699479703
15699479732
15699479765
15699479782
15699479810
15699479813
15699479816
15699479825
15699479832
15699479836
15699479875
16699135960
16699135983
16699136159
17599450697
17599452617
17599452984
17599453257
17599456421
17599456961
17599457837
17599459258
17599459526
17599461592
17599461803
17599461821
17599461852
17599461975
17599462035
17599462057
17599462059
17599462093
17599462359
17599462367
17599463693
17599467548
17690101309
17690123795
17690170142
17690170148
17690170189
17690170245
17690170249
17690170285
17690170334
17690170349
17690170393
17690170448
17690170450
17690170457
17690170534
17690170541
17690170625
17690170643
17690170646
17690170690
17690170693
17690170745
17690170764
17690170781
17690170816
17690170842
17690170891
17690171042
17690171046
17690171047
17690171048
17690171085
17690171243
17690171246
17690171249
17690171282
17690171289
17690171334
17690171340
17690171346
17690171405
17690171406
17690171424
17690171426
17690171434
17690171435
17690171449
17690171451
17690171453
17690171458
17690171460
17690171461
17690171464
17690171487
17690171502
17690171524
17690171534
17690171542
17690171545
17690171548
17690171549
17690171584
17690171596
17690171637
17690171639
17690171650
17690171654
17690171664
17690171685
17690171749
17690171903
17690171913
17690171945
17690171946
17690171948
17690171974
17690172031
17690172045
17690172074
17690172084
17690172115
17690172149
17690172184
17690172241
17690172242
17690172245
17690172264
17690172304
17690172348
17690172371
17690172402
17690172408
17690172410
17690172419
17690172436
17690172447
17690172448
17690172449
17690172460
17690172473
17690172481
17690172492
17690172493
17690172495
17690172504
17690172514
17690172540
17690172541
17690172554
17690172602
17690172608
17690172614
17690172634
17690172636
17690172638
17690172649
17690172674
17690172689
17690172702
17690172713
17690172736
17690172741
17690172744
17690172754
17690172804
17690172846
17690172847
17690172848
17690172872
17690172874
17690172907
17690172941
17690172961
17690172980
17690172984
17690173042
17690173046
17690173057
17690173084
17690173094
17690173115
17690173151
17690173154
17690173185
17690173264
17690173401
17690173406
17690173412
17690173413
17690173426
17690173448
17690173463
17690173476
17690173481
17690173485
17690173491
17690173509
17690173534
17690173598
17690173614
17690173634
17690173662
17690173694
17690173709
17690173728
17690173732
17690173740
17690173748
17690173774
17690173791
17690173792
17690173804
17690173819
17690173841
17690173842
17690173845
17690173874
17690173878
17690173923
17690173924
17690173930
17690173934
17690173948
17690173974
17690173994
17690173997
17690174006
17690174015
17690174023
17690174037
17690174056
17690174057
17690174058
17690174096
17690174101
17690174113
17690174159
17690174167
17690174182
17690174193
17690174195
17690174206
17690174225
17690174235
17690174249
17690174278
17690174279
17690174291
17690174302
17690174309
17690174315
17690174331
17690174356
17690174359
17690174361
17690174363
17690174364
17690174368
17690174384
17690174396
17690174408
17690174423
17690174429
17690174439
17690174465
17690174467
17690174489
17690174495
17690174504
17690174509
17690174513
17690174523
17690174531
17690174549
17690174575
17690174579
17690174601
17690174609
17690174610
17690174614
17690174621
17690174623
17690174632
17690174634
17690174639
17690174685
17690174689
17690174702
17690174703
17690174706
17690174709
17690174712
17690174726
17690174728
17690174739
17690174752
17690174785
17690174790
17690174795
17690174807
17690174819
17690174831
17690174834
17690174837
17690174844
17690174853
17690174861
17690174865
17690174868
17690174869
17690174872
17690174909
17690174916
17690174917
17690174927
17690174928
17690174937
17690174952
17690174959
17690174961
17690174971
17690174973
17690174984
17690175023
17690175024
17690175054
17690175062
17690175064
17690175125
17690175147
17690175164
17690175196
17690175239
17690175257
17690175271
17690175441
17690175481
17690175516
17690175537
17690175547
17690175591
17690175640
17690175663
17690175910
17690175932
17690175943
17690175957
17690176035
17690176074
17690176089
17690176195
17690176239
17690176321
17690176501
17690176519
17690176546
17690176559
17690176571
17690176625
17690176658
17690176759
17690176764
17690176994
17690177015
17690177065
17690177146
17690177159
17690177238
17690177340
17690177430
17690177564
17690177653
17690177670
17690177815
17690177846
17690177925
17690177967
17690177996
17690178053
17690178071
17690178097
17690178121
17690178126
17690178239
17690178248
17690178279
17690178305
17690178331
17690178391
17690178454
17690178465
17690178467
17690178536
17690178552
17690178573
17690178746
17690178932
17690178973
17690178992
17690178993
17690178994
17690178997
17690179172
17690179226
17690179245
17690179271
17690179314
17690179342
17690179381
17690179384
17690179386
17690179406
17690179428
17690179439
17690179442
17690179462
17690179467
17690179474
17690179478
17690179480
17690179481
17690179509
17690179625
17690179640
17690179715
17690179721
17690179973
17699547098
17699547295
17699547327
17699547509
17699547529
17699547663
17699549273
17699549562
17699549647
17699549670
17699549713
17699549752
18590580746
18590581352
18590581654
18590581793
18590582431
18590582806
18590582973
18599286139
18609048526
18690670135
18690670159
18690670162
18690670163
18690670172
18690670176
18690670190
18690670192
18690670235
18690670236
18690670252
18690670253
18690670256
18690670257
18690670259
18690670263
18690670276
18690670285
18690670293
18690670296
18690670297
18690670298
18690670352
18690670361
18690670362
18690670365
18690670367
18690670372
18690670379
18690670387
18690670392
18690670535
18690670536
18690670539
18690670563
18690672970
18690673392
18690675063
18690675107
18690675291
18690675392
18690675395
18690675673
18690675739
18690675821
18690676126
18690677015
18699382632
18699384461
18699816172
18699817254
18699835194
18699837805
18699840648
18699842718
18699845402
18699847512
18699854095
18699871635
93414194872
