13070012919
13095169485
15509961805
15509961859
15509961905
15509961930
15509962106
15509962161
15509962531
15509962782
15509962817
15509962872
15509962893
15509963079
15509963081
15509963192
15509963215
15509963253
15509963562
15509963619
15509963625
15509963652
15509963731
15509963771
15509963832
15509965180
15509965573
15509965629
15509966017
15509966038
15509966089
15509966102
15509966132
15509966150
15509966287
15509966529
15509966532
15509967203
15509967853
15509967871
15509967903
15509968257
15509968279
15509968523
15509968603
15509968639
15509968693
15609963221
15609963617
15609968162
15609968716
15609968931
15609969259
15699250152
15699250167
15699250197
15699250253
15699250276
15699250283
15699250373
15699250591
15699250593
15699250596
15699250631
15699250635
15699250651
15699250673
15699250773
15699250862
15699250932
15699250969
15699251065
15699251093
15699251251
15699251276
15699251365
15699251386
15699251569
15699251596
15699251607
15699251620
15699251673
15699251695
15699251703
15699251731
15699251870
15699251951
15699251960
15699251965
15699251975
15699252061
15699252063
15699252093
15699252107
15699252169
15699252173
15699252185
15699252190
15699252257
15699252265
15699252312
15699252368
15699252379
15699252395
15699252539
15699252589
15699252613
15699252653
15699252659
15699252692
15699252706
15699252753
15699252759
15699252780
15699252781
15699252801
15699252823
15699252853
15699252875
15699252893
15699252960
15699252969
15699252971
15699252980
15699252982
15699253029
15699253035
15699253063
15699253109
15699253157
15699253168
15699253170
15699253181
15699253185
15699253195
15699253205
15699253239
15699253256
15699253260
15699253267
15699253273
15699253319
15699253359
15699253372
15699253507
15699253516
15699253518
15699253560
15699253563
15699253568
15699253576
15699253601
15699253602
15699253610
15699253615
15699253628
15699253638
15699253651
15699253659
15699253680
15699253693
15699253702
15699253706
15699253710
15699253756
15699253767
15699253768
15699253779
15699253782
15699253795
15699253890
15699253895
15699253906
15699253912
15699253923
15699253927
15699253951
15699253956
15699253967
15699255013
15699255023
15699255027
15699255076
15699255081
15699255107
15699255172
15699255175
15699255191
15699255732
15699255925
15699256271
15699256315
15699256571
15699256809
15699256852
15699257097
15699257329
15699257330
15699257352
15699257391
15699257501
15699257506
15699257683
15699257920
15699257921
15699258203
15699258210
15699258326
15699258329
15699258371
15699258526
15699258530
15699258576
15699258701
15699258706
15699258726
15699258857
15699259032
15699259136
15699259157
15699259201
15699259278
15699259523
15699259553
15699259571
15699259608
15699259612
15699259637
15699259701
15699259709
15699259712
15699259713
15699259719
15699259726
15699259729
15699259736
15699259739
15699259806
15699259825
15699259831
15699259850
15699259875
15699260029
15699260137
15699260138
15699260150
15699260153
15699260167
15699260185
15699260186
15699260258
15699260261
15699260265
15699260285
15699260293
15699260358
15699260363
15699260382
15699260387
15699260579
15699260586
15699260590
15699260592
15699260653
15699260683
15699260697
15699260736
15699260750
15699260758
15699260768
15699260835
15699260838
15699260852
15699260861
15699260875
15699260878
15699260891
15699260892
15699260895
15699260935
15699260952
15699260953
15699260976
15699260978
15699261036
15699261037
15699261071
15699261073
15699261078
15699261096
15699261097
15699261137
15699261138
15699261139
15699261172
15699261185
15699261262
15699261265
15699261268
15699261281
15699261282
15699261291
15699261305
15699261306
15699261307
15699261329
15699261351
15699261363
15699261370
15699261375
15699261572
15699261590
15699261597
15699261603
15699261605
15699261623
15699261651
15699261659
15699261672
15699261708
15699261723
15699261726
15699261736
15699261780
15699261785
15699261793
15699261827
15699261831
15699261860
15699261872
15699261891
15699261926
15699261932
15699262058
15699262059
15699262072
15699262075
15699262078
15699262089
15699262106
15699262107
15699262138
15699262190
15699262192
15699262197
15699262219
15699262258
15699262265
15699262275
15699262283
15699262302
15699262350
15699262358
15699262391
15699262396
15699262506
15699262515
15699262516
15699262551
15699262561
15699262562
15699262573
15699262586
15699262592
15699262659
15699262687
15699262762
15699262763
15699262795
15699262867
15699262891
15699262892
15699262907
15699262961
15699262995
15699263071
15699263083
15699263109
15699263120
15699263137
15699263139
15699263157
15699263167
15699263185
15699263192
15699263205
15699263253
15699263259
15699263280
15699263372
15699263510
15699263571
15699263575
15699263576
15699263583
15699263596
15699263598
15699263603
15699263612
15699263625
15699263670
15699263671
15699263691
15699263692
15699263703
15699263709
15699263716
15699263739
15699263753
15699263763
15699263765
15699263767
15699263775
15699263786
15699263821
15699263851
15699263852
15699263856
15699263872
15699263876
15699263890
15699263891
15699263895
15699263913
15699263953
15699263956
15699263981
15699265503
15699265635
15699265718
15699265723
15699265795
15699265798
15699265807
15699265865
15699265902
15699265965
15699266075
15699266109
15699266196
15699266250
15699266252
15699266258
15699266298
15699266328
15699266329
15699266371
15699266395
15699266502
15699266517
15699266575
15699266581
15699266773
15699266813
15699266873
15699266931
15699266972
15699267037
15699267056
15699267059
15699267067
15699267092
15699267096
15699267097
15699267102
15699267103
15699267152
15699267165
15699267206
15699267235
15699267307
15699267680
15699267692
15699267709
15699267712
15699267729
15699267762
15699267785
15699267815
15699267836
15699267857
15699267905
15699267907
15699267920
15699267921
15699267923
15699267951
15699267953
15699268091
15699268235
15699268319
15699268329
15699268339
15699268509
15699268515
15699268623
15699268657
15699268690
15699268703
15699269056
15699269309
15699269375
15699269575
15699269609
15699269629
15699269791
15699280019
15699280067
15699280135
15699280165
15699280172
15699280173
15699280178
15699280191
15699280193
15699280225
15699280320
15699280528
15699280592
15699280597
15699280631
15699280636
15699280653
15699280715
15699280738
15699280756
15699280761
15699280762
15699280791
15699280853
15699280876
15699280923
15699280928
15699280985
15699281056
15699281089
15699281109
15699281170
15699281176
15699281238
15699281393
15699281505
15699281650
15699281706
15699281721
15699281730
15699281731
15699281758
15699281760
15699281769
15699281770
15699281785
15699281805
15699281869
15699281921
15699281931
15699281982
15699282035
15699282053
15699282106
15699282136
15699282152
15699282196
15699282209
15699282287
15699282309
15699282331
15699282350
15699282351
15699282360
15699282365
15699282375
15699282519
15699282532
15699282550
15699282553
15699282576
15699282597
15699282619
15699282621
15699282679
15699282685
15699282750
15699282763
15699282765
15699282839
15699282879
15699282957
15699283065
15699283095
15699283196
15699283216
15699283287
15699283291
15699283298
15699283316
15699283359
15699283371
15699283375
15699283380
15699283389
15699283508
15699283515
15699283516
15699283526
15699283553
15699283582
15699283598
15699283607
15699283609
15699283635
15699283639
15699283667
15699283682
15699283715
15699283761
15699283872
15699283887
15699283923
15699283929
15699283962
15699283997
15699285015
15699285032
15699285072
15699285075
15699285091
15699285093
15699285127
15699285159
15699285171
15699285183
15699285216
15699285262
15699285286
15699285287
15699285293
15699285298
15699285310
15699285323
15699285325
15699285365
15699285381
15699285396
15699285523
15699285529
15699285532
15699285536
15699285652
15699285673
15699285683
15699285686
15699285725
15699285760
15699285825
15699285837
15699285887
15699285950
15699285970
15699285978
15699286031
15699286032
15699286035
15699286082
15699286090
15699286091
15699286107
15699286156
15699286165
15699286272
15699286278
15699286331
15699286387
15699286506
15699286509
15699286523
15699286526
15699286532
15699286557
15699286596
15699286627
15699286628
15699286681
15699286702
15699286706
15699286737
15699286750
15699286779
15699286821
15699286826
15699286837
15699286865
15699286931
15699286956
15699287025
15699287061
15699287069
15699287097
15699287165
15699287202
15699287205
15699287208
15699287267
15699287270
15699287289
15699287305
15699287312
15699287320
15699287350
15699287356
15699287359
15699287392
15699287523
15699287539
15699287563
15699287579
15699287592
15699287608
15699287612
15699287680
15699287701
15699287726
15699287803
15699287807
15699287867
15699287883
15699287986
15699287989
15699288023
15699288039
15699288056
15699288136
15699288163
15699288190
15699288265
15699288292
15699288293
15699288295
15699288361
15699288379
15699288501
15699288505
15699288506
15699288517
15699288532
15699288550
15699288552
15699288559
15699288562
15699288572
15699288692
15699288712
15699288930
15699289051
15699289175
15699289203
15699289375
15699289539
15699289575
15699289593
15699289615
15699289769
15699289850
15699289936
15699290270
15699290278
15699290653
15699290781
15699290785
15699291062
15699291073
15699291075
15699291387
15699291389
15699291391
15699291395
15699291632
15699291656
15699291731
15699291760
15699291890
15699292075
15699292089
15699292103
15699292135
15699292316
15699292391
15699292397
15699292508
15699292513
15699292562
15699292585
15699292608
15699292630
15699293039
15699293059
15699293072
15699293102
15699293130
15699293161
15699293202
15699293219
15699293390
15699293553
15699293573
15699293593
15699293602
15699293612
15699293620
15699293623
15699293627
15699293628
15699293635
15699293637
15699293652
15699293657
15699293671
15699293672
15699293675
15699293680
15699293685
15699293703
15699293706
15699293709
15699293715
15699293716
15699293717
15699293725
15699293728
15699293730
15699293735
15699293736
15699293739
15699293751
15699293757
15699293761
15699293762
15699293781
15699293785
15699293791
15699293792
15699293793
15699293801
15699293805
15699293825
15699293832
15699293835
15699293851
15699293865
15699293873
15699293891
15699293907
15699293931
15699293938
15699293952
15699293953
15699293960
15699293961
15699293971
15699293972
15699293983
15699294121
15699294128
15699294467
15699295013
15699295031
15699295038
15699295072
15699295083
15699295085
15699295098
15699295163
15699295165
15699295267
15699295280
15699295287
15699295313
15699295316
15699295327
15699295336
15699295361
15699295527
15699295562
15699295563
15699295630
15699295637
15699295769
15699295835
15699295915
15699295995
15699296023
15699296073
15699296087
15699296132
15699296195
15699296251
15699296256
15699296280
15699296370
15699296376
15699296381
15699296382
15699296392
15699296396
15699296529
15699296535
15699296572
15699296573
15699296586
15699296601
15699296612
15699296627
15699296712
15699296716
15699296719
15699296720
15699296739
15699296751
15699296778
15699296791
15699296793
15699296795
15699296807
15699296813
15699296816
15699296852
15699296870
15699296873
15699296890
15699296913
15699296932
15699296951
15699296957
15699296971
15699296982
15699296997
15699297035
15699297051
15699297101
15699297102
15699297135
15699297165
15699297175
15699297197
15699297237
15699297239
15699297250
15699297267
15699297316
15699297329
15699297503
15699297507
15699297513
15699297517
15699297518
15699297528
15699297532
15699297562
15699297563
15699297571
15699297606
15699297619
15699297620
15699297627
15699297630
15699297659
15699297687
15699297783
15699297785
15699297825
15699297827
15699297832
15699297865
15699297871
15699297932
15699297951
15699297958
15699297963
15699297967
15699298017
15699298032
15699298037
15699298056
15699298093
15699298121
15699298138
15699298159
15699298160
15699298167
15699298176
15699298215
15699298231
15699298276
15699298332
15699298357
15699298503
15699298527
15699298552
15699298561
15699298593
15699298617
15699298627
15699298638
15699298675
15699298720
15699298725
15699298751
15699298759
15699298796
15699298876
15699298902
15699298930
15699298932
15699298950
15699298962
15699298967
15699298975
15699298987
15699299051
15699299081
15699299135
15699299170
15699299270
15699299308
15699299315
15699299327
15699299527
15699299529
15699299537
15699299538
15699299569
15699299572
15699299573
15699299601
15699299613
15699299637
15699299673
15699299716
15699299719
15699299726
15699299728
15699299758
15699299776
15699299817
15699299872
15699299890
15699299972
16609960848
16609969372
16609969671
16699502051
16699502062
16699502071
16699502097
16699502157
16699502162
16699502312
16699502356
16699502357
16699502367
16699502375
16699502387
16699502392
16699502395
16699502397
16699502506
16699502517
16699502519
16699502531
16699502538
16699502565
16699502569
16699502579
16699502582
16699502591
16699502592
16699502607
16699502631
16699502653
16699502672
16699502673
16699502681
16699502690
16699502691
16699502695
16699502697
16699502712
16699502713
16699502723
16699502729
16699502730
16699502732
16699502735
16699502758
16699502760
16699502763
16699502780
16699502790
16699502816
16699502817
16699502832
16699502837
16699502839
16699502869
16699502897
16699502913
16699502915
16699502918
16699502931
16699502937
16699502976
16699502979
16699502983
16699503016
16699503025
16699503065
16699503079
16699503092
16699503101
16699503107
16699503165
16699503169
16699503170
16699503173
16699503183
16699503197
16699503206
16699503215
16699503217
16699503239
16699503256
16699503272
16699503273
16699503276
16699503281
16699503289
16699503290
16699503292
16699503367
16699503501
16699503506
16699503528
16699503529
16699503562
16699503563
16699503583
16699503593
16699503596
16699503603
16699503610
16699503627
16699503637
16699503653
16699503657
16699503670
16699503671
16699503675
16699503682
16699503691
16699503692
16699503697
16699503706
16699503732
16699503756
16699503759
16699503776
16699503785
16699503793
16699503798
16699503801
16699503805
16699503807
16699503815
16699503819
16699503852
16699503853
16699503856
16699503857
16699503861
16699503873
16699503875
16699503876
16699503890
16699503892
16699503895
16699503896
16699503901
16699503907
16699503912
16699503920
16699503957
16699503963
16699503973
17609962381
17609962597
17609962653
17609962903
17609963192
17609963290
17699230275
17699230375
17699230850
17699230932
17699231162
17699231590
17699231836
17699238950
17699240943
17699244371
17699244806
17699244837
17699247246
17699247449
17699247457
18509960573
18509961270
18509961293
18509961297
18509961337
18509961538
18509961570
18509961582
18509961627
18509961637
18509961652
18509961673
18509961701
18509961725
18509961726
18509961729
18509961780
18509961823
18509961935
18509961952
18509961960
18509962061
18509962137
18509962197
18509962302
18509962316
18509962360
18509962365
18509962593
18509962687
18509962736
18509962737
18509962763
18509962793
18509962967
18509963019
18509963152
18509963168
18509963193
18509963231
18509963563
18509963702
18509963719
18509963862
18509963863
18509965031
18509965068
18509965176
18509965192
18509965379
18509965708
18509965781
18509965782
18509965785
18509966253
18509966271
18509966532
18509966726
18509966736
18509966759
18509966971
18509967013
18509967092
18509967126
18509967597
18509967652
18509967952
18509967958
18509967986
18509968573
18509968702
18509968712
18599240059
18599240069
18599240131
18599240137
18599240156
18599240159
18599240167
18599240172
18599240176
18599240178
18599240179
18599240182
18599240183
18599240193
18599240197
18599240212
18599240237
18599240253
18599240262
18599240275
18599240287
18599240292
18599240293
18599240332
18599240352
18599240362
18599240368
18599240372
18599240392
18599240397
18599240502
18599240517
18599240538
18599240552
18599240576
18599240587
18599240590
18599240595
18599240597
18599240651
18599240652
18599240653
18599240656
18599240661
18599240667
18599240668
18599240735
18599240796
18599240836
18599240839
18599240850
18599240860
18599240872
18599240876
18599240956
18599240961
18599240962
18599240968
18599240980
18599240983
18599240993
18599241032
18599241035
18599241052
18599241058
18599241059
18599241067
18599241078
18599241090
18599241102
18599241135
18599241136
18599241137
18599241196
18599241229
18599241235
18599241239
18599241250
18599241252
18599241256
18599241257
18599241269
18599241280
18599241281
18599241282
18599241285
18599241286
18599241293
18599241305
18599241306
18599241307
18599241326
18599241327
18599241351
18599241358
18599241368
18599241379
18599241380
18599241385
18599241396
18599241501
18599241502
18599241503
18599241506
18599241508
18599241509
18599241523
18599241536
18599241538
18599241539
18599241563
18599241571
18599241572
18599241573
18599241582
18599241586
18599241593
18599241595
18599241597
18599241602
18599241605
18599241607
18599241609
18599241625
18599241635
18599241651
18599241656
18599241667
18599241670
18599241673
18599241675
18599241676
18599241685
18599241689
18599241692
18599241697
18599241698
18599241706
18599241710
18599241716
18599241730
18599241732
18599241751
18599241757
18599241758
18599241759
18599241763
18599241765
18599241790
18599241793
18599241809
18599241823
18599241836
18599241851
18599241852
18599241857
18599241861
18599241863
18599241873
18599241891
18599241896
18599241902
18599241907
18599241915
18599241917
18599241931
18599241950
18599241963
18599241978
18599242036
18599242038
18599242056
18599242067
18599242068
18599242075
18599242083
18599242103
18599242119
18599242126
18599242135
18599242136
18599242157
18599242163
18599242168
18599242175
18599242176
18599242190
18599242192
18599242193
18599242196
18599242197
18599242203
18599242217
18599242257
18599242267
18599242273
18599242276
18599242305
18599242309
18599242338
18599242362
18599242375
18599242381
18599242382
18599242390
18599242392
18599242506
18599242517
18599242536
18599242557
18599242561
18599242568
18599242569
18599242579
18599242581
18599242582
18599242587
18599242592
18599242593
18599242595
18599242601
18599242605
18599242607
18599242609
18599242636
18599242653
18599242665
18599242673
18599242682
18599242689
18599242691
18599242697
18599242715
18599242729
18599242735
18599242736
18599242751
18599242765
18599242767
18599242779
18599242795
18599242806
18599242812
18599242815
18599242819
18599242832
18599242853
18599242863
18599242870
18599242892
18599242896
18599242902
18599242910
18599242921
18599242935
18599242937
18599242951
18599242953
18599242961
18599242968
18599242970
18599242982
18599242987
18599243017
18599243032
18599243050
18599243052
18599243078
18599243091
18599243105
18599243107
18599243129
18599243150
18599243153
18599243160
18599243169
18599243171
18599243172
18599243183
18599243185
18599243197
18599243201
18599243230
18599243253
18599243258
18599243282
18599243285
18599243297
18599243298
18599243316
18599243327
18599243367
18599243392
18599243395
18599243517
18599243558
18599243568
18599243570
18599243572
18599243591
18599243605
18599243617
18599243627
18599243653
18599243657
18599243659
18599243675
18599243696
18599243698
18599243702
18599243759
18599243767
18599243775
18599243792
18599243810
18599243865
18599243867
18599243868
18599243920
18599243925
18599243957
18599243965
18599245001
18599245015
18599245031
18599245078
18599245082
18599245136
18599245139
18599245163
18599245168
18599245231
18599245239
18599245260
18599245365
18599245371
18599245372
18599245385
18599245387
18599245398
18599245531
18599245613
18599245685
18599245691
18599245697
18599245715
18599245723
18599245817
18599245818
18599245889
18599245912
18599245915
18599245925
18599245963
18599245980
18599246027
18599246032
18599246056
18599246092
18599246108
18599246216
18599246218
18599246275
18599246279
18599246332
18599246381
18599246386
18599246389
18599246397
18599246506
18599246532
18599246579
18599246587
18599246695
18599246723
18599246782
18599246816
18599246825
18599246851
18599246856
18599246871
18599246878
18599246906
18599246912
18599246935
18599246967
18599246983
18599247016
18599247021
18599247051
18599247052
18599247061
18599247062
18599247063
18599247065
18599247082
18599247086
18599247091
18599247105
18599247107
18599247129
18599247130
18599247135
18599247139
18599247152
18599247159
18599247167
18599247182
18599247197
18599247208
18599247209
18599247213
18599247216
18599247231
18599247239
18599247259
18599247261
18599247267
18599247279
18599247283
18599247327
18599247359
18599247361
18599247365
18599247372
18599247380
18599247382
18599247385
18599247386
18599247387
18599247390
18599247395
18599247396
18599247397
18599247523
18599247529
18599247532
18599247535
18599247538
18599247562
18599247565
18599247568
18599247581
18599247582
18599247591
18599247592
18599247595
18599247598
18599247601
18599247615
18599247617
18599247619
18599247620
18599247623
18599247630
18599247635
18599247638
18599247639
18599247653
18599247673
18599247685
18599247689
18599247753
18599247756
18599247793
18599247796
18599247801
18599247803
18599247805
18599247813
18599247821
18599247823
18599247826
18599247830
18599247836
18599247837
18599247839
18599247851
18599247853
18599247861
18599247862
18599247863
18599247865
18599247871
18599247893
18599247896
18599247897
18599247901
18599247902
18599247913
18599247919
18599247932
18599247937
18599247951
18599247952
18599247953
18599247956
18599247961
18599247967
18599247978
18599247980
18599247982
18599248013
18599248015
18599248016
18599248025
18599248027
18599248036
18599248039
18599248053
18599248058
18599248062
18599248068
18599248071
18599248072
18599248092
18599248093
18599248097
18599248107
18599248125
18599248127
18599248132
18599248150
18599248152
18599248157
18599248159
18599248165
18599248173
18599248178
18599248192
18599248195
18599248196
18599248203
18599248215
18599248236
18599248237
18599248259
18599248260
18599248263
18599248265
18599248267
18599248269
18599248270
18599248275
18599248279
18599248297
18599248306
18599248310
18599248316
18599248319
18599248325
18599248327
18599248356
18599248357
18599248362
18599248375
18599248379
18599248386
18599248390
18599248503
18599248515
18599248529
18599248537
18599248557
18599248560
18599248562
18599248563
18599248565
18599248569
18599248572
18599248578
18599248581
18599248587
18599248592
18599248601
18599248605
18599248607
18599248609
18599248613
18599248616
18599248619
18599248620
18599248621
18599248623
18599248625
18599248629
18599248631
18599248635
18599248650
18599248653
18599248659
18599248671
18599248672
18599248673
18599248676
18599248679
18599248690
18599248695
18599248697
18599248701
18599248702
18599248715
18599248729
18599248735
18599248739
18599248752
18599248756
18599248757
18599248763
18599248772
18599248796
18599248907
18599248912
18599248917
18599248927
18599248930
18599248932
18599248938
18599248952
18599248953
18599248960
18599248961
18599248965
18599248973
18599248975
18599248980
18599248992
18599249017
18599249026
18599249035
18599249037
18599249039
18599249051
18599249052
18599249053
18599249057
18599249059
18599249067
18599249075
18599249082
18599249107
18599249109
18599249113
18599249121
18599249276
18599249317
18599249526
18599249532
18599249560
18599249572
18599249575
18599249665
18599249672
18599249775
18599249935
18599260161
18599260173
18599260176
18599260183
18599260192
18599260256
18599260275
18599260281
18599260285
18599260291
18599260360
18599260365
18599260379
18599260392
18599260395
18599260532
18599260569
18599260571
18599260576
18599260578
18599260587
18599260693
18599260735
18599260738
18599260751
18599260753
18599260769
18599260853
18599260892
18599260895
18599260951
18599260972
18599260973
18599260981
18599260985
18599260987
18599261079
18599261096
18599261097
18599261187
18599261308
18599261318
18599261371
18599261372
18599261392
18599261393
18599261397
18599261536
18599261538
18599261570
18599261582
18599261585
18599261591
18599261631
18599261637
18599261653
18599261657
18599261691
18599261706
18599261738
18599261762
18599261791
18599261802
18599261827
18599261835
18599261839
18599261856
18599261862
18599261863
18599261873
18599261875
18599261896
18599261926
18599261970
18599262069
18599262071
18599262091
18599262157
18599262165
18599262191
18599262268
18599262315
18599262317
18599262326
18599262352
18599262357
18599262372
18599262570
18599262613
18599262675
18599262735
18599262758
18599262770
18599262805
18599262809
18599262821
18599262832
18599262875
18599262891
18599262895
18599262916
18599262918
18599262937
18599262953
18599262965
18599262993
18599263027
18599263058
18599263061
18599263063
18599263068
18599263109
18599263116
18599263129
18599263157
18599263161
18599263178
18599263187
18599263190
18599263195
18599263209
18599263271
18599263275
18599263289
18599263352
18599263506
18599263527
18599263561
18599263590
18599263593
18599263602
18599263610
18599263625
18599263679
18599263708
18599263709
18599263716
18599263723
18599263762
18599263779
18599263783
18599263798
18599263808
18599263812
18599263857
18599263872
18599263875
18599263891
18599263895
18599263909
18599263951
18599263961
18599263970
18599263972
18599263973
18599265029
18599265031
18599265061
18599265071
18599265102
18599265183
18599265218
18599265271
18599265287
18599265290
18599265307
18599265318
18599265319
18599265326
18599265328
18599265361
18599265371
18599265378
18599265389
18599265561
18599265602
18599265603
18599265638
18599265650
18599265683
18599265685
18599265690
18599265692
18599265695
18599265765
18599265780
18599265790
18599265853
18599265901
18599265902
18599265903
18599265907
18599265912
18599265937
18599265951
18599265982
18599266019
18599266023
18599266073
18599266092
18599266132
18599266170
18599266193
18599266231
18599266275
18599266276
18599266279
18599266291
18599266306
18599266350
18599266352
18599266362
18599266367
18599266392
18599266509
18599266527
18599266572
18599266591
18599266712
18599266717
18599266719
18599266725
18599266731
18599266753
18599266781
18599266791
18599266807
18599266817
18599266876
18599266892
18599266893
18599266913
18599266938
18599266957
18599266979
18599266983
18599267025
18599267026
18599267027
18599267059
18599267076
18599267082
18599267095
18599267098
18599267126
18599267129
18599267130
18599267132
18599267135
18599267136
18599267150
18599267161
18599267162
18599267165
18599267180
18599267182
18599267183
18599267198
18599267209
18599267217
18599267236
18599267239
18599267259
18599267263
18599267285
18599267305
18599267327
18599267351
18599267362
18599267397
18599267503
18599267506
18599267518
18599267519
18599267536
18599267565
18599267589
18599267590
18599267592
18599267606
18599267627
18599267637
18599267658
18599267693
18599267695
18599267812
18599267823
18599267867
18599267906
18599267907
18599267925
18599267961
18599267969
18599267993
18599268019
18599268021
18599268029
18599268032
18599268037
18599268051
18599268067
18599268075
18599268076
18599268105
18599268126
18599268172
18599268195
18599268203
18599268205
18599268207
18599268213
18599268217
18599268231
18599268251
18599268291
18599268292
18599268317
18599268318
18599268351
18599268357
18599268362
18599268363
18599268365
18599268371
18599268386
18599268391
18599268392
18599268397
18599268507
18599268519
18599268531
18599268592
18599268607
18599268623
18599268637
18599268697
18599268712
18599268715
18599268723
18599268732
18599268737
18599268753
18599268763
18599268785
18599268793
18599268916
18599268932
18599268951
18599268953
18599268981
18599269018
18599269025
18599269072
18599269150
18599269159
18599269161
18599269165
18599269207
18599269230
18599269250
18599269252
18599269270
18599269279
18599269301
18599269375
18599269381
18599269385
18599269563
18599269570
18599269572
18599269579
18599269582
18599269605
18599269620
18599269621
18599269673
18599269710
18599269713
18599269720
18599269721
18599269732
18599269752
18599269759
18599269760
18599269782
18599269807
18599269817
18599269826
18599269852
18599360139
18599360172
18599360182
18599360190
18599360213
18599360236
18599360252
18599360257
18599360262
18599360276
18599360286
18599360292
18599360296
18599360332
18599360352
18599360358
18599360361
18599360367
18599360373
18599360376
18599360379
18599360392
18599360396
18599360528
18599360532
18599360536
18599360565
18599360569
18599360578
18599360585
18599360592
18599360632
18599360656
18599360658
18599360671
18599360683
18599360697
18599360752
18599360753
18599360765
18599360767
18599360769
18599360790
18599360793
18599360839
18599360872
18599360891
18599360893
18599360919
18599360951
18599360953
18599360972
18599361038
18599361052
18599361065
18599361076
18599361081
18599361085
18599361092
18599361156
18599361159
18599361172
18599361173
18599361196
18599361257
18599361259
18599361267
18599361275
18599361282
18599361318
18599361325
18599361335
18599361338
18599361351
18599361358
18599361360
18599361371
18599361381
18599361392
18599361396
18599361503
18599361529
18599361560
18599361568
18599361571
18599361581
18599361583
18599361593
18599361619
18599361621
18599361630
18599361639
18599361651
18599361690
18599361691
18599361692
18599361695
18599361709
18599361715
18599361732
18599361761
18599361783
18599361796
18599361807
18599361825
18599361850
18599361851
18599361852
18599361853
18599361856
18599361857
18599361905
18599361906
18599361907
18599361908
18599361921
18599361928
18599361952
18599362071
18599362076
18599362079
18599362080
18599362127
18599362138
18599362159
18599362163
18599362165
18599362185
18599362217
18599362235
18599362237
18599362306
18599362307
18599362309
18599362327
18599362350
18599362367
18599362369
18599362370
18599362503
18599362509
18599362529
18599362551
18599362572
18599362582
18599362602
18599362612
18599362613
18599362652
18599362671
18599362681
18599362682
18599362687
18599362690
18599362702
18599362708
18599362720
18599362729
18599362736
18599362752
18599362760
18599362762
18599362763
18599362786
18599362809
18599362820
18599362837
18599362859
18599362867
18599362871
18599362892
18599362897
18599362905
18599362908
18599362932
18599362970
18599362971
18599362972
18599362983
18599362985
18599363037
18599363061
18599363071
18599363092
18599363108
18599363112
18599363118
18599363156
18599363173
18599363175
18599363182
18599363183
18599363195
18599363213
18599363251
18599363257
18599363260
18599363276
18599363291
18599363296
18599363302
18599363312
18599363318
18599363320
18599363372
18599363380
18599363386
18599363501
18599363502
18599363503
18599363508
18599363523
18599363532
18599363579
18599363592
18599363593
18599363597
18599363620
18599363629
18599363650
18599363753
18599363772
18599363793
18599363807
18599363812
18599363821
18599363865
18599363871
18599363908
18599363925
18599363927
18599363951
18599363952
18599363972
18599363980
18599364217
18599365037
18599365038
18599365061
18599365073
18599365075
18599365083
18599365093
18599365107
18599365116
18599365131
18599365178
18599365180
18599365182
18599365183
18599365189
18599365190
18599365192
18599365193
18599365253
18599365257
18599365259
18599365261
18599365271
18599365273
18599365279
18599365281
18599365287
18599365307
18599365325
18599365350
18599365356
18599365360
18599365368
18599365369
18599365378
18599365380
18599365395
18599365531
18599365562
18599365571
18599365573
18599365576
18599365598
18599365682
18599365691
18599365703
18599365718
18599365725
18599365727
18599365735
18599365737
18599365765
18599365783
18599365785
18599365802
18599365806
18599365829
18599365831
18599365837
18599365859
18599365863
18599365871
18599365879
18599365891
18599365895
18599365915
18599365918
18599365928
18599365936
18599365950
18599365961
18599365965
18599365970
18599365973
18599365982
18599365993
18599365997
18599366021
18599366028
18599366031
18599366032
18599366035
18599366037
18599366085
18599366135
18599366173
18599366217
18599366230
18599366231
18599366250
18599366253
18599366278
18599366279
18599366281
18599366287
18599366298
18599366318
18599366372
18599366391
18599366535
18599366561
18599366572
18599366591
18599366597
18599366702
18599366759
18599366761
18599366870
18599366873
18599366982
18599367009
18599367013
18599367028
18599367069
18599367081
18599367108
18599367157
18599367167
18599367169
18599367179
18599367191
18599367201
18599367203
18599367258
18599367283
18599367295
18599367328
18599367372
18599367380
18599367381
18599367523
18599367538
18599367560
18599367687
18599367753
18599367762
18599367785
18599367812
18599367821
18599367823
18599367836
18599367883
18599367927
18599368026
18599368035
18599368051
18599368063
18599368079
18599368092
18599368136
18599368161
18599368173
18599368251
18599368267
18599368326
18599368531
18599368559
18599368562
18599368673
18599368762
18599368769
18599368856
18599368960
18599368992
18599369013
18599369015
18599369028
18599369061
18599369096
18599369118
18599369121
18599369139
18599369179
18599369189
18599369205
18599369209
18599369259
18599369332
18599369335
18599369531
18599369569
18599369713
18599369739
18599369757
18599369795
18599369890
18599460025
18599460027
18599460031
18599460038
18599460059
18599460079
18599460132
18599460151
18599460156
18599460157
18599460165
18599460167
18599460171
18599460182
18599460185
18599460213
18599460252
18599460257
18599460261
18599460271
18599460272
18599460285
18599460287
18599460289
18599460290
18599460292
18599460350
18599460353
18599460373
18599460378
18599460379
18599460380
18599460383
18599460386
18599460390
18599460391
18599460395
18599460506
18599460536
18599460539
18599460552
18599460553
18599460569
18599460575
18599460593
18599460736
18599460857
18599460869
18599460871
18599460872
18599460873
18599460915
18599460950
18599460957
18599460961
18599460963
18599460985
18599461032
18599461060
18599461065
18599461067
18599461071
18599461075
18599461076
18599461091
18599461098
18599461135
18599461162
18599461168
18599461223
18599461262
18599461271
18599461275
18599461280
18599461293
18599461309
18599461328
18599461362
18599461367
18599461380
18599461390
18599461392
18599461531
18599461568
18599461575
18599461578
18599461579
18599461580
18599461582
18599461597
18599461598
18599461602
18599461603
18599461631
18599461638
18599461670
18599461671
18599461687
18599461697
18599461709
18599461715
18599461726
18599461739
18599461750
18599461753
18599461785
18599461790
18599461795
18599461806
18599461826
18599461829
18599461852
18599461857
18599461865
18599461869
18599461872
18599461873
18599461890
18599461892
18599461901
18599461903
18599461912
18599461930
18599461932
18599461935
18599461951
18599461956
18599461960
18599461979
18599461986
18599461989
18599462052
18599462059
18599462075
18599462079
18599462085
18599462091
18599462092
18599462102
18599462105
18599462115
18599462128
18599462151
18599462158
18599462159
18599462168
18599462169
18599462256
18599462261
18599462278
18599462281
18599462283
18599462287
18599462309
18599462319
18599462362
18599462365
18599462368
18599462371
18599462387
18599462501
18599462508
18599462519
18599462531
18599462575
18599462583
18599462595
18599462601
18599462612
18599462616
18599462629
18599462631
18599462656
18599462685
18599462696
18599462698
18599462702
18599462710
18599462716
18599462720
18599462751
18599462756
18599462760
18599462763
18599462769
18599462796
18599462798
18599462810
18599462835
18599462836
18599462852
18599462853
18599462856
18599462869
18599462871
18599462873
18599462892
18599462916
18599462920
18599462926
18599462936
18599462956
18599462959
18599462963
18599462972
18599462976
18599462985
18599463016
18599463018
18599463021
18599463029
18599463037
18599463052
18599463061
18599463063
18599463067
18599463070
18599463073
18599463081
18599463082
18599463095
18599463097
18599463132
18599463150
18599463157
18599463165
18599463167
18599463182
18599463185
18599463187
18599463192
18599463197
18599463227
18599463236
18599463271
18599463291
18599463382
18599463506
18599463523
18599463527
18599463530
18599463536
18599463565
18599463568
18599463575
18599463579
18599463589
18599463605
18599463610
18599463651
18599463687
18599463696
18599463697
18599463703
18599463721
18599463730
18599463790
18599463805
18599463820
18599463867
18599463871
18599463873
18599463898
18599463901
18599463903
18599463916
18599463917
18599463923
18599463925
18599463931
18599463932
18599463952
18599463956
18599463962
18599463963
18599463967
18599463972
18599465003
18599465007
18599465013
18599465015
18599465016
18599465039
18599465065
18599465071
18599465073
18599465079
18599465089
18599465097
18599465106
18599465107
18599465108
18599465131
18599465156
18599465163
18599465167
18599465168
18599465169
18599465171
18599465185
18599465193
18599465226
18599465227
18599465237
18599465271
18599465276
18599465278
18599465285
18599465302
18599465306
18599465307
18599465315
18599465316
18599465331
18599465360
18599465371
18599465379
18599465393
18599465531
18599465539
18599465562
18599465570
18599465601
18599465603
18599465605
18599465609
18599465613
18599465618
18599465625
18599465630
18599465681
18599465703
18599465717
18599465719
18599465750
18599465751
18599465758
18599465762
18599465765
18599465770
18599465795
18599465801
18599465802
18599465825
18599465826
18599465857
18599465860
18599465867
18599465872
18599465892
18599465903
18599465905
18599465915
18599465931
18599465961
18599465963
18599465968
18599465973
18599465993
18599465997
18599466023
18599466026
18599466027
18599466036
18599466052
18599466067
18599466086
18599466089
18599466102
18599466103
18599466115
18599466127
18599466156
18599466173
18599466213
18599466217
18599466235
18599466236
18599466251
18599466259
18599466275
18599466279
18599466281
18599466319
18599466327
18599466352
18599466357
18599466359
18599466365
18599466370
18599466375
18599466379
18599466382
18599466392
18599466395
18599466502
18599466527
18599466592
18599466801
18599466803
18599466813
18599466820
18599466850
18599466851
18599466861
18599466863
18599466895
18599467029
18599467505
18599467523
18599467569
18599467750
18599467965
18599468117
18599468291
18599468571
18599468573
18599468582
18599468591
18599468592
18599468602
18599468603
18599468639
18599468651
18599468673
18599468697
18599468701
18599468705
18599468710
18599468729
18599468750
18599468751
18599468753
18599468757
18599468760
18599468761
18599468763
18599468819
18599468907
18599468915
18599468917
18599468918
18599468953
18599468972
18599469032
18599469037
18599469053
18599469068
18599469071
18599469075
18599469081
18599469085
18599469092
18599469103
18599469132
18599469135
18599469136
18599469152
18599469163
18599469165
18599469167
18599469169
18599469172
18599469173
18599469203
18599469207
18599469217
18599469227
18599469230
18599469235
18599469251
18599469253
18599469257
18599469265
18599469273
18599469298
18599469301
18599469306
18599469307
18599469315
18599469319
18599469326
18599469352
18599469359
18599469367
18599469370
18599469372
18599469376
18599469385
18599469391
18599469502
18599469509
18599469523
18599469561
18599469570
18599469572
18599469573
18599469575
18599469597
18599469605
18599469632
18599469637
18599469665
18599469671
18599469673
18599469675
18599469705
18599469706
18599469718
18599469720
18599469725
18599469729
18599469739
18599469751
18599469753
18599469760
18599469761
18599469768
18599469785
18599469792
18599469817
18599469829
18599469831
18599469837
18599469852
18599469856
18599469960
18599469970
18599469986
18599470037
18599470069
18599470131
18599470137
18599470158
18599470159
18599470186
18599470192
18599470193
18599470230
18599470236
18599470265
18599470273
18599470276
18599470287
18599470296
18599470350
18599470356
18599470357
18599470362
18599470368
18599470372
18599470380
18599470390
18599470392
18599470395
18599470397
18599470535
18599470539
18599470552
18599470561
18599470573
18599470582
18599470589
18599470590
18599470609
18599470612
18599470636
18599470637
18599470639
18599470650
18599470652
18599470656
18599470670
18599470671
18599470673
18599470685
18599470687
18599470693
18599470698
18599470728
18599470729
18599470736
18599470738
18599470753
18599470769
18599470780
18599470785
18599470791
18599470807
18599470823
18599470832
18599470859
18599470861
18599470869
18599470872
18599470906
18599470923
18599470925
18599470951
18599470952
18599470956
18599470961
18599470969
18599470970
18599470971
18599470985
18599471035
18599471069
18599471092
18599471157
18599471161
18599471178
18599471183
18599471238
18599471253
18599471261
18599471262
18599471270
18599471271
18599471279
18599471281
18599471285
18599471289
18599471302
18599471306
18599471307
18599471318
18599471326
18599471328
18599471335
18599471360
18599471371
18599471507
18599471512
18599471523
18599471538
18599471539
18599471569
18599471575
18599471579
18599471589
18599471596
18599471598
18599471603
18599471620
18599471627
18599471628
18599471632
18599471635
18599471638
18599471639
18599471650
18599471651
18599471652
18599471653
18599471659
18599471675
18599471679
18599471689
18599471695
18599471697
18599471706
18599471708
18599471721
18599471725
18599471728
18599471729
18599471739
18599471751
18599471759
18599471767
18599471779
18599471792
18599471793
18599471807
18599471809
18599471826
18599471836
18599471837
18599471850
18599471852
18599471853
18599471856
18599471867
18599471893
18599471912
18599471931
18599471932
18599471935
18599471939
18599471951
18599471952
18599471953
18599471957
18599471963
18599471972
18599471986
18599471987
18599472035
18599472036
18599472057
18599472058
18599472076
18599472079
18599472085
18599472086
18599472097
18599472106
18599472130
18599472135
18599472137
18599472150
18599472165
18599472168
18599472169
18599472179
18599472181
18599472183
18599472192
18599472193
18599472196
18599472217
18599472256
18599472261
18599472263
18599472265
18599472269
18599472271
18599472287
18599472298
18599472301
18599472308
18599472312
18599472329
18599472350
18599472353
18599472360
18599472371
18599472375
18599472376
18599472379
18599472386
18599472391
18599472393
18599472515
18599472527
18599472529
18599472530
18599472531
18599472539
18599472562
18599472583
18599472593
18599472597
18599472603
18599472606
18599472609
18599472625
18599472631
18599472639
18599472653
18599472659
18599472675
18599472681
18599472686
18599472689
18599472691
18599472693
18599472697
18599472698
18599472709
18599472716
18599472730
18599472758
18599472760
18599472783
18599472785
18599472791
18599472792
18599472796
18599472802
18599472821
18599472823
18599472832
18599472836
18599472850
18599472853
18599472871
18599472873
18599472890
18599472893
18599472901
18599472902
18599472905
18599472906
18599472910
18599472913
18599472916
18599472930
18599472935
18599472936
18599472951
18599472953
18599472956
18599472957
18599472963
18599472965
18599472967
18599472970
18599472972
18599472973
18599472975
18599472978
18599473018
18599473057
18599473061
18599473065
18599473072
18599473079
18599473091
18599473092
18599473097
18599473106
18599473107
18599473109
18599473162
18599473165
18599473169
18599473172
18599473173
18599473175
18599473176
18599473179
18599473182
18599473193
18599473208
18599473219
18599473250
18599473260
18599473261
18599473263
18599473267
18599473271
18599473282
18599473285
18599473286
18599473290
18599473305
18599473326
18599473356
18599473370
18599473390
18599473395
18599473509
18599473571
18599473576
18599473587
18599473592
18599473593
18599473597
18599473602
18599473605
18599473612
18599473613
18599473617
18599473623
18599473650
18599473651
18599473662
18599473672
18599473679
18599473681
18599473682
18599473687
18599473693
18599473695
18599473698
18599473712
18599473716
18599473719
18599473721
18599473762
18599473765
18599473772
18599473786
18599473796
18599473807
18599473809
18599473813
18599473816
18599473851
18599473865
18599473887
18599473891
18599473905
18599473906
18599473910
18599473915
18599473921
18599473927
18599473951
18599473960
18599473962
18599473968
18599473970
18599473971
18599473972
18599473993
18599473998
18599475027
18599475031
18599475032
18599475036
18599475038
18599475039
18599475063
18599475073
18599475087
18599475091
18599475092
18599475093
18599475097
18599475106
18599475125
18599475131
18599475198
18599475223
18599475228
18599475261
18599475262
18599475269
18599475270
18599475271
18599475275
18599475276
18599475283
18599475291
18599475298
18599475325
18599475327
18599475332
18599475336
18599475338
18599475356
18599475365
18599475367
18599475370
18599475371
18599475381
18599475386
18599475391
18599475392
18599475510
18599475513
18599475572
18599475601
18599475613
18599475625
18599475627
18599475630
18599475631
18599475636
18599475637
18599475638
18599475651
18599475681
18599475682
18599475691
18599475697
18599475698
18599475702
18599475703
18599475706
18599475708
18599475721
18599475729
18599475739
18599475776
18599475782
18599475790
18599475791
18599475801
18599475803
18599475806
18599475819
18599475829
18599475863
18599475868
18599475872
18599475876
18599475879
18599475891
18599475892
18599475907
18599475912
18599475919
18599475925
18599475926
18599475931
18599475961
18599475963
18599475967
18599475973
18599475987
18599475992
18599476025
18599476032
18599476035
18599476052
18599476058
18599476059
18599476071
18599476081
18599476089
18599476093
18599476097
18599476105
18599476109
18599476127
18599476132
18599476138
18599476153
18599476159
18599476170
18599476175
18599476182
18599476193
18599476196
18599476201
18599476231
18599476251
18599476257
18599476260
18599476268
18599476271
18599476275
18599476279
18599476281
18599476282
18599476287
18599476291
18599476301
18599476305
18599476312
18599476313
18599476317
18599476379
18599476381
18599476387
18599476390
18599476391
18599476392
18599476396
18599476398
18599476503
18599476507
18599476508
18599476512
18599476517
18599476525
18599476526
18599476527
18599476529
18599476536
18599476537
18599476538
18599476568
18599476569
18599476570
18599476572
18599476581
18599476586
18599476589
18599476593
18599476595
18599476597
18599476598
18599476625
18599476630
18599476632
18599476652
18599476681
18599476709
18599476718
18599476726
18599476731
18599476736
18599476738
18599476752
18599476758
18599476781
18599476791
18599476793
18599476796
18599476805
18599476806
18599476816
18599476817
18599476819
18599476823
18599476826
18599476827
18599476831
18599476839
18599476852
18599476853
18599476856
18599476859
18599476861
18599476870
18599476871
18599476875
18599476891
18599476906
18599476908
18599476909
18599476913
18599476918
18599476920
18599476923
18599476925
18599476926
18599476929
18599476930
18599476931
18599476932
18599476935
18599476936
18599476938
18599476952
18599476953
18599476973
18599476975
18599476981
18599476982
18599476985
18599477026
18599477028
18599477029
18599477032
18599477035
18599477036
18599477039
18599477059
18599477061
18599477081
18599477082
18599477091
18599477103
18599477128
18599477136
18599477152
18599477153
18599477161
18599477162
18599477165
18599477182
18599477183
18599477186
18599477190
18599477203
18599477205
18599477209
18599477235
18599477236
18599477251
18599477253
18599477258
18599477262
18599477263
18599477281
18599477283
18599477289
18599477290
18599477291
18599477292
18599477293
18599477296
18599477301
18599477305
18599477308
18599477315
18599477318
18599477320
18599477325
18599477327
18599477328
18599477329
18599477339
18599477351
18599477352
18599477353
18599477356
18599477357
18599477361
18599477362
18599477386
18599477390
18599477391
18599477392
18599477396
18599477503
18599477508
18599477527
18599477531
18599477535
18599477536
18599477538
18599477563
18599477579
18599477582
18599477585
18599477589
18599477590
18599477591
18599477593
18599477596
18599477608
18599477610
18599477615
18599477620
18599477635
18599477637
18599477638
18599477639
18599477650
18599477651
18599477659
18599477670
18599477681
18599477685
18599477691
18599477693
18599477696
18599477697
18599477803
18599477806
18599477810
18599477813
18599477817
18599477821
18599477825
18599477839
18599477853
18599477856
18599477863
18599477871
18599477895
18599477905
18599477913
18599477923
18599477927
18599477929
18599477939
18599477951
18599477957
18599477961
18599477965
18599477970
18599477975
18599477981
18599477982
18599477983
18599477985
18599478013
18599478015
18599478016
18599478019
18599478027
18599478036
18599478038
18599478051
18599478052
18599478053
18599478056
18599478063
18599478067
18599478069
18599478071
18599478072
18599478073
18599478076
18599478093
18599478096
18599478102
18599478103
18599478109
18599478129
18599478132
18599478135
18599478136
18599478139
18599478156
18599478159
18599478160
18599478163
18599478170
18599478173
18599478175
18599478178
18599478179
18599478190
18599478196
18599478203
18599478206
18599478207
18599478210
18599478219
18599478231
18599478235
18599478236
18599478258
18599478259
18599478260
18599478261
18599478265
18599478273
18599478276
18599478279
18599478290
18599478291
18599478298
18599478309
18599478320
18599478323
18599478325
18599478326
18599478335
18599478351
18599478359
18599478361
18599478365
18599478371
18599478376
18599478379
18599478385
18599478392
18599478396
18599478503
18599478505
18599478506
18599478509
18599478510
18599478526
18599478527
18599478531
18599478532
18599478536
18599478538
18599478539
18599478560
18599478561
18599478569
18599478571
18599478578
18599478579
18599478591
18599478602
18599478605
18599478607
18599478609
18599478631
18599478632
18599478639
18599478650
18599478651
18599478653
18599478657
18599478659
18599478670
18599478673
18599478675
18599478690
18599478692
18599478701
18599478702
18599478709
18599478710
18599478713
18599478715
18599478719
18599478721
18599478723
18599478752
18599478753
18599478756
18599478758
18599478763
18599478771
18599478790
18599478791
18599478795
18599478856
18599478875
18599478901
18599478902
18599478906
18599478907
18599478913
18599478927
18599478928
18599478930
18599478931
18599478932
18599478935
18599478950
18599478952
18599478953
18599478959
18599478962
18599478971
18599478973
18599478982
18599478995
18599479017
18599479018
18599479026
18599479036
18599479038
18599479053
18599479056
18599479063
18599479067
18599479069
18599479071
18599479072
18599479073
18599479078
18599479086
18599479089
18599479106
18599479127
18599479132
18599479135
18599479136
18599479137
18599479153
18599479159
18599479160
18599479162
18599479169
18599479170
18599479173
18599479175
18599479187
18599479205
18599479206
18599479209
18599479210
18599479213
18599479251
18599479263
18599479265
18599479270
18599479272
18599479273
18599479285
18599479289
18599479295
18599479307
18599479310
18599479317
18599479318
18599479329
18599479336
18599479351
18599479358
18599479359
18599479360
18599479365
18599479367
18599479371
18599479372
18599479375
18599479376
18599479386
18599479389
18599479391
18599479503
18599479506
18599479507
18599479508
18599479510
18599479517
18599479519
18599479526
18599479530
18599479532
18599479551
18599479552
18599479560
18599479573
18599479576
18599479581
18599479585
18599479593
18599479601
18599479602
18599479603
18599479605
18599479606
18599479608
18599479609
18599479613
18599479635
18599479639
18599479653
18599479662
18599479670
18599479675
18599479676
18599479682
18599479683
18599479691
18599479703
18599479723
18599479730
18599479732
18599479735
18599479739
18599479761
18599479762
18599479763
18599479765
18599479772
18599479781
18599479782
18599479801
18599479821
18599479823
18599479825
18599479826
18599479830
18599479832
18599479837
18599479851
18599479862
18599479863
18599479865
18599479871
18599479872
18599479873
18599479890
18599479925
18599479953
18599479963
18609960537
18609960593
18609966702
18609967079
18609967193
18609967206
18609967207
18609967350
18609967397
18609967835
18609967959
18609969167
18609969279
18609969362
18609969632
18690680072
18690680087
18690680336
18690680352
18690680527
18690680595
18690680632
18690680659
18690680675
18690680720
18690680796
18690680871
18690680891
18690680895
18690680967
18690680972
18690681036
18690681053
18690681056
18690681159
18690681187
18690681286
18690681337
18690681339
18690681353
18690681376
18690681501
18690681525
18690681537
18690681538
18690681576
18690681579
18690681631
18690681635
18690681651
18690681652
18690681671
18690681673
18690681683
18690681750
18690681756
18690681763
18690681765
18690681770
18690681791
18690681830
18690681867
18690681932
18690681935
18690681951
18690681970
18690682039
18690682051
18690682132
18690682161
18690682187
18690682259
18690682293
18690682337
18690682365
18690682602
18690682603
18690682605
18690682617
18690682651
18690682701
18690682739
18690682752
18690682831
18690682856
18690682953
18690682962
18690682981
18690682985
18690683057
18690683063
18690683076
18690683103
18690683173
18690683183
18690683270
18690683275
18690683297
18690683326
18690683370
18690683523
18690683691
18690683703
18690683721
18690683726
18690683729
18690683750
18690683781
18690683782
18690683791
18690683873
18690683912
18690683915
18690683931
18690683937
18690683967
18690683973
18690685019
18690685053
18690685071
18690685073
18690685076
18690685087
18690685103
18690685109
18690685163
18690685275
18690685329
18690685387
18690685607
18690685703
18690685721
18690685726
18690685732
18690685776
18690685795
18690685831
18690685873
18690685875
18690685903
18690686031
18690686053
18690686170
18690686193
18690686197
18690686270
18690686310
18690686358
18690686376
18690686503
18690686532
18690686596
18690686671
18690686720
18690686721
18690686732
18690686763
18690686913
18690687035
18690687073
18690687082
18690687095
18690687105
18690687109
18690687127
18690687137
18690687217
18690687259
18690687265
18690687293
18690687298
18690687307
18690687319
18690687351
18690687359
18690687361
18690687382
18690687387
18690687391
18690687502
18690687532
18690687536
18690687553
18690687569
18690687570
18690687571
18690687581
18690687583
18690687592
18690687719
18690687721
18690687723
18690687735
18690687765
18690687816
18690687975
18690688017
18690688167
18690688265
18690688327
18690688361
18690688367
18690688376
18690688513
18690688587
18690688603
18690688631
18690688705
18690688753
18690689101
18690689120
18690689137
18690689173
18690689175
18690689183
18690689219
18690689286
18690689287
18690689332
18690689361
18690689503
18690689510
18690689563
18690689601
18690689605
18690689617
18690689635
18690689735
18690689739
18690689765
18690689859
18690689971
18690690185
18690690253
18690690281
18690690376
18690690671
18690690762
18690690839
18690690957
18690691072
18690691082
18690691139
18690691157
18690691162
18690691172
18690691327
18690691337
18690691351
18690691589
18690691686
18690691760
18690691861
18690691903
18690691951
18690692053
18690692183
18690692271
18690692305
18690692356
18690692370
18690692391
18690692586
18690692687
18690692703
18690692739
18690692961
18690693017
18690693037
18690693202
18690693302
18690693510
18690693586
18690693679
18690693753
18690693867
18690693876
18690693951
18690693963
18690694557
18690694597
18690694831
18690694910
18690695038
18690695137
18690695329
18690695572
18690695608
18690695650
18690695701
18690695718
18690695985
18690696102
18690696153
18690696212
18690696275
18690696357
18690696590
18690696653
18690696725
18690696753
18690696835
18690696870
18690697021
18690697052
18690697095
18690697136
18690697182
18690697217
18690697257
18690697281
18690697285
18690697289
18690697293
18690697297
18690697351
18690697382
18690697506
18690697516
18690697595
18690697621
18690697632
18690697635
18690697723
18690697730
18690697785
18690697806
18690697825
18690697827
18690697905
18690697910
18690698027
18690698062
18690698137
18690698151
18690698307
18690698362
18690698395
18690698537
18690698601
18690698630
18690698682
18690698690
18690698732
18690698753
18690698773
18690698793
18690699107
18690699226
18690699237
18690699253
18690699315
18690699513
18690699573
18690699576
18690699657
18690699671
18690699679
18690699761
18690699802
18690699857
18699600152
18699600173
18699600265
18699600892
18699601135
18699601289
18699601292
18699601357
18699601376
18699601512
18699601562
18699601569
18699601720
18699601735
18699601736
18699601757
18699601836
18699601837
18699601852
18699601921
18699602027
18699602060
18699602172
18699602396
18699602607
18699602657
18699602702
18699602716
18699602718
18699602763
18699602806
18699602809
18699602815
18699602818
18699602838
18699602856
18699602913
18699602931
18699602950
18699602957
18699602962
18699602971
18699603098
18699603107
18699603109
18699603176
18699603213
18699603265
18699603281
18699603521
18699603526
18699603532
18699603570
18699603607
18699603615
18699603621
18699603658
18699603671
18699603692
18699603697
18699603702
18699603705
18699603725
18699603726
18699603767
18699603785
18699603859
18699603871
18699603876
18699603956
18699603971
18699603975
18699605072
18699605078
18699605109
18699605162
18699605172
18699605179
18699605285
18699605293
18699605317
18699605367
18699605373
18699605538
18699605601
18699605713
18699605725
18699605729
18699605772
18699605773
18699605807
18699605871
18699606195
18699606307
18699606371
18699606513
18699606535
18699606591
18699606597
18699606705
18699606710
18699606827
18699606872
18699606891
18699606892
18699607038
18699607076
18699607103
18699607116
18699607156
18699607176
18699607201
18699607217
18699607253
18699607281
18699607306
18699607307
18699607352
18699607361
18699607369
18699607396
18699607509
18699607517
18699607593
18699607597
18699607601
18699607603
18699607635
18699607658
18699607690
18699607693
18699607710
18699607736
18699607738
18699607753
18699607798
18699607810
18699607817
18699607832
18699607862
18699607863
18699607872
18699607893
18699607895
18699607909
18699607919
18699607938
18699607951
18699607971
18699608015
18699608039
18699608102
18699608110
18699608131
18699608352
18699608359
18699608361
18699608373
18699608393
18699608513
18699608523
18699608561
18699608572
18699608652
18699608692
18699608738
18699608739
18699608761
18699608790
18699608791
18699608857
18699608891
18699608912
18699608950
18699609016
18699609031
18699609039
18699609061
18699609072
18699609113
18699609172
18699609271
18699609372
18699609501
18699609502
18699609617
18699609639
18699609675
18699609701
18699609728
18699609736
18699609737
18699609752
18699609763
18699609781
18699609793
18699609807
18699609831
18699609832
18699609857
18699610037
18699610053
18699610183
18699610187
18699610197
18699610362
18699610367
18699610639
18699610670
18699610681
18699610783
18699610837
18699610932
18699611059
18699611362
18699611376
18699611387
18699611785
18699612273
18699612512
18699612576
18699612579
18699612583
18699612592
18699612595
18699612607
18699612665
18699612668
18699612691
18699612692
18699612693
18699612701
18699612710
18699612731
18699612735
18699612756
18699612759
18699612769
18699612793
18699612853
18699612879
18699613052
18699613105
18699613115
18699613165
18699613172
18699613173
18699613183
18699613203
18699613223
18699613229
18699613252
18699613278
18699613506
18699613560
18699613652
18699613667
18699613672
18699613703
18699613705
18699613712
18699613716
18699613717
18699613718
18699613776
18699613795
18699613828
18699613878
18699613901
18699613905
18699613975
18699613993
18699615029
18699615070
18699615081
18699615091
18699615170
18699615193
18699615220
18699615382
18699615587
18699615623
18699615739
18699615867
18699615872
18699615892
18699615972
18699616032
18699616379
18699616403
18699616713
18699616716
18699616852
18699616905
18699616937
18699616948
18699616983
18699617021
18699617109
18699617127
18699617130
18699617231
18699617275
18699617285
18699617289
18699617296
18699617357
18699617362
18699617385
18699617393
18699617503
18699617563
18699617578
18699617580
18699617695
18699617820
18699617869
18699617921
18699617925
18699617950
18699617952
18699617953
18699618015
18699618142
18699618169
18699618263
18699618350
18699618391
18699618512
18699618651
18699618919
18699619013
18699619032
18699619165
18699619210
18699619269
18699619307
18699619508
18699619515
18699619528
18699619560
18699619570
18699619576
18699619613
18699619617
18699619628
18699619632
18699619659
18699619703
18699619750
18699619772
18699619793
18699619825
18699619831
18699619857
18699620291
18699620356
18699620438
18699620532
18699620595
18699620732
18699620879
18699620938
18699621037
18699621063
18699621261
18699621305
18699621563
18699621572
18699621607
18699621651
18699621697
18699621757
18699621763
18699621867
18699621930
18699621975
18699621976
18699621979
18699621983
18699622105
18699622108
18699622261
18699622291
18699622297
18699622313
18699622379
18699622392
18699622571
18699622579
18699622591
18699622597
18699622617
18699622635
18699622731
18699622735
18699622792
18699622807
18699622817
18699622970
18699622980
18699623079
18699623172
18699623276
18699623290
18699623307
18699623318
18699623358
18699623397
18699623506
18699623531
18699623563
18699623572
18699623607
18699623635
18699623657
18699623701
18699623705
18699623708
18699623712
18699623725
18699623726
18699623761
18699623837
18699623863
18699623903
18699623920
18699623951
18699623971
18699624631
18699624810
18699625019
18699625072
18699625075
18699625078
18699625138
18699625202
18699625315
18699625317
18699625368
18699625386
18699625632
18699625679
18699625806
18699625863
18699625887
18699625965
18699626036
18699626302
18699626318
18699626338
18699626350
18699626357
18699626370
18699626537
18699626608
18699626658
18699626703
18699626717
18699626760
18699626798
18699626831
18699626856
18699626870
18699626962
18699626985
18699627010
18699627025
18699627039
18699627063
18699627065
18699627106
18699627151
18699627162
18699627186
18699627187
18699627252
18699627259
18699627289
18699627291
18699627293
18699627353
18699627391
18699627392
18699627393
18699627530
18699627560
18699627623
18699627630
18699627631
18699627636
18699627651
18699627659
18699627683
18699627739
18699627780
18699627795
18699627825
18699627856
18699627927
18699627960
18699627983
18699628035
18699628039
18699628069
18699628115
18699628127
18699628138
18699628165
18699628175
18699628235
18699628237
18699628251
18699628319
18699628361
18699628363
18699628372
18699628389
18699628526
18699628536
18699628573
18699628689
18699628726
18699628792
18699628931
18699628950
18699629057
18699629067
18699629107
18699629151
18699629167
18699629176
18699629205
18699629207
18699629208
18699629230
18699629271
18699629273
18699629326
18699629352
18699629356
18699629391
18699629510
18699629537
18699629569
18699629573
18699629591
18699629653
18699629835
18699629839
18699629857
18699629859
18699629889
18699630251
18699630271
18699630372
18699630382
18699630569
18699630676
18699630728
18699630737
18699630752
18699630769
18699630865
18699630869
18699631085
18699631097
18699631168
18699631172
18699631253
18699631271
18699631275
18699631309
18699631315
18699631367
18699631375
18699631392
18699631536
18699631537
18699631572
18699631593
18699631657
18699631763
18699631793
18699631807
18699631819
18699631827
18699631839
18699631870
18699631926
18699631935
18699631963
18699632031
18699632035
18699632052
18699632063
18699632065
18699632072
18699632113
18699632179
18699632298
18699632350
18699632370
18699632397
18699632518
18699632532
18699632536
18699632578
18699632579
18699632590
18699632627
18699632629
18699632631
18699632673
18699632676
18699632680
18699632689
18699632697
18699632703
18699632706
18699632719
18699632725
18699632739
18699632756
18699632762
18699632792
18699632871
18699632880
18699632897
18699632906
18699632950
18699632952
18699633056
18699633082
18699633085
18699633137
18699633152
18699633172
18699633207
18699633217
18699633280
18699633372
18699633512
18699633517
18699633581
18699633615
18699633627
18699633632
18699633658
18699633715
18699633717
18699633751
18699633867
18699633920
18699633927
18699633950
18699633967
18699633998
18699634619
18699634623
18699635073
18699635097
18699635132
18699635165
18699635203
18699635285
18699635289
18699635309
18699635310
18699635372
18699635586
18699635629
18699635652
18699635735
18699635738
18699635790
18699635791
18699635967
18699635970
18699635971
18699636013
18699636021
18699636052
18699636095
18699636098
18699636135
18699636139
18699636172
18699636173
18699636239
18699636251
18699636253
18699636325
18699636367
18699636371
18699636529
18699636569
18699636576
18699636770
18699636792
18699636795
18699636875
18699636890
18699636913
18699637019
18699637023
18699637036
18699637059
18699637062
18699637073
18699637083
18699637085
18699637091
18699637092
18699637097
18699637105
18699637165
18699637167
18699637189
18699637265
18699637283
18699637287
18699637290
18699637293
18699637295
18699637381
18699637529
18699637539
18699637561
18699637579
18699637631
18699637691
18699637801
18699637819
18699637850
18699637931
18699637932
18699637935
18699637950
18699637953
18699637981
18699638032
18699638057
18699638061
18699638105
18699638127
18699638197
18699638205
18699638206
18699638207
18699638210
18699638229
18699638239
18699638261
18699638269
18699638273
18699638276
18699638315
18699638368
18699638370
18699638379
18699638515
18699638562
18699638573
18699638653
18699638702
18699638712
18699638735
18699638737
18699638761
18699638792
18699638793
18699638935
18699638938
18699638951
18699639028
18699639082
18699639156
18699639182
18699639207
18699639276
18699639281
18699639352
18699639513
18699639517
18699639531
18699639532
18699639536
18699639552
18699639576
18699639615
18699639651
18699639716
18699639782
18699639783
18699640037
18699640062
18699640072
18699640085
18699640128
18699640131
18699640138
18699640153
18699640157
18699640162
18699640163
18699640167
18699640179
18699640180
18699640182
18699640192
18699640231
18699640235
18699640239
18699640250
18699640253
18699640259
18699640263
18699640265
18699640271
18699640273
18699640279
18699640281
18699640287
18699640291
18699640293
18699640297
18699640318
18699640319
18699640337
18699640352
18699640356
18699640357
18699640359
18699640365
18699640386
18699640392
18699640395
18699640398
18699640518
18699640532
18699640536
18699640537
18699640570
18699640575
18699640581
18699640592
18699640596
18699640598
18699640650
18699640653
18699640672
18699640686
18699640687
18699640735
18699640756
18699640760
18699640761
18699640765
18699640783
18699640785
18699640790
18699640839
18699640859
18699640871
18699640875
18699640923
18699640932
18699640957
18699641038
18699641039
18699641052
18699641053
18699641057
18699641075
18699641087
18699641089
18699641093
18699641139
18699641157
18699641172
18699641179
18699641192
18699641239
18699641252
18699641259
18699641260
18699641276
18699641282
18699641291
18699641303
18699641309
18699641352
18699641392
18699641536
18699641560
18699641581
18699641591
18699641592
18699641597
18699641607
18699641625
18699641632
18699641636
18699641653
18699641672
18699641689
18699641695
18699641703
18699641721
18699641763
18699641767
18699641809
18699641826
18699641835
18699641889
18699641897
18699641908
18699641932
18699642036
18699642053
18699642057
18699642059
18699642065
18699642085
18699642103
18699642109
18699642150
18699642159
18699642160
18699642167
18699642187
18699642195
18699642235
18699642238
18699642257
18699642259
18699642275
18699642301
18699642313
18699642317
18699642318
18699642320
18699642326
18699642351
18699642359
18699642361
18699642363
18699642367
18699642370
18699642371
18699642376
18699642381
18699642383
18699642385
18699642397
18699642527
18699642529
18699642539
18699642557
18699642561
18699642571
18699642572
18699642573
18699642578
18699642585
18699642605
18699642610
18699642613
18699642615
18699642635
18699642639
18699642669
18699642670
18699642673
18699642676
18699642683
18699642687
18699642693
18699642753
18699642757
18699642758
18699642765
18699642787
18699642791
18699642795
18699642805
18699642825
18699642826
18699642827
18699642830
18699642832
18699642839
18699642851
18699642852
18699642857
18699642860
18699642862
18699642863
18699642867
18699642871
18699642872
18699642891
18699642892
18699642893
18699642895
18699642902
18699642917
18699642930
18699642935
18699642950
18699642952
18699642957
18699642963
18699642967
18699642973
18699642978
18699642983
18699642985
18699642995
18699642997
18699643016
18699643021
18699643025
18699643032
18699643051
18699643052
18699643053
18699643057
18699643058
18699643065
18699643067
18699643070
18699643071
18699643073
18699643076
18699643091
18699643092
18699643093
18699643096
18699643097
18699643105
18699643106
18699643109
18699643112
18699643152
18699643170
18699643178
18699643251
18699643253
18699643258
18699643268
18699643293
18699643295
18699643296
18699643362
18699643367
18699643376
18699643501
18699643515
18699643557
18699643578
18699643592
18699643627
18699643650
18699643687
18699643718
18699643719
18699643761
18699643786
18699643790
18699643792
18699643803
18699643812
18699643813
18699643857
18699643879
18699643918
18699643975
18699643981
18699643983
18699645015
18699645021
18699645035
18699645068
18699645073
18699645127
18699645137
18699645175
18699645190
18699645198
18699645267
18699645275
18699645278
18699645279
18699645281
18699645285
18699645296
18699645297
18699645309
18699645336
18699645362
18699645371
18699645373
18699645375
18699645378
18699645392
18699645398
18699645562
18699645583
18699645603
18699645607
18699645613
18699645629
18699645639
18699645667
18699645701
18699645702
18699645703
18699645707
18699645708
18699645713
18699645716
18699645719
18699645720
18699645725
18699645728
18699645731
18699645735
18699645736
18699645737
18699645756
18699645759
18699645760
18699645762
18699645780
18699645783
18699645785
18699645791
18699645792
18699645801
18699645803
18699645806
18699645807
18699645812
18699645816
18699645819
18699645821
18699645860
18699645863
18699645865
18699645871
18699645879
18699645897
18699645901
18699645903
18699645905
18699645921
18699645923
18699645932
18699645951
18699645952
18699645962
18699645965
18699645970
18699645972
18699645973
18699645979
18699645986
18699645989
18699646018
18699646021
18699646036
18699646039
18699646053
18699646075
18699646083
18699646089
18699646091
18699646109
18699646112
18699646129
18699646138
18699646156
18699646159
18699646207
18699646231
18699646239
18699646253
18699646256
18699646267
18699646268
18699646289
18699646297
18699646317
18699646328
18699646370
18699646382
18699646387
18699646391
18699646509
18699646513
18699646518
18699646528
18699646562
18699646572
18699646583
18699646591
18699646596
18699646625
18699646627
18699646702
18699646713
18699646719
18699646723
18699646805
18699646807
18699646838
18699646852
18699646873
18699646913
18699647052
18699647061
18699647062
18699647092
18699647096
18699647105
18699647129
18699647157
18699647189
18699647208
18699647215
18699647231
18699647295
18699647362
18699647385
18699647389
18699647391
18699647392
18699647395
18699647397
18699647503
18699647505
18699647506
18699647507
18699647512
18699647517
18699647523
18699647526
18699647528
18699647532
18699647536
18699647538
18699647539
18699647551
18699647557
18699647559
18699647569
18699647581
18699647583
18699647585
18699647589
18699647591
18699647597
18699647609
18699647625
18699647629
18699647630
18699647632
18699647638
18699647639
18699647657
18699647658
18699647670
18699647686
18699647693
18699647698
18699647701
18699647706
18699647708
18699647713
18699647718
18699647735
18699647752
18699647762
18699647781
18699647795
18699647796
18699647801
18699647806
18699647812
18699647817
18699647819
18699647825
18699647827
18699647836
18699647839
18699647850
18699647853
18699647870
18699647872
18699647873
18699647896
18699647901
18699647902
18699647903
18699647905
18699647906
18699647907
18699647909
18699647915
18699647917
18699647921
18699647923
18699647926
18699647927
18699647930
18699647931
18699647935
18699647936
18699647937
18699647938
18699647950
18699647951
18699647953
18699647958
18699647960
18699647961
18699647962
18699647963
18699647965
18699647970
18699648015
18699648038
18699648069
18699648091
18699648092
18699648157
18699648167
18699648178
18699648179
18699648202
18699648218
18699648225
18699648236
18699648237
18699648267
18699648272
18699648273
18699648275
18699648293
18699648307
18699648308
18699648309
18699648310
18699648312
18699648313
18699648316
18699648317
18699648319
18699648350
18699648351
18699648352
18699648356
18699648357
18699648361
18699648362
18699648372
18699648376
18699648379
18699648507
18699648513
18699648519
18699648523
18699648537
18699648557
18699648561
18699648565
18699648568
18699648572
18699648573
18699648576
18699648589
18699648592
18699648608
18699648617
18699648638
18699648653
18699648656
18699648676
18699648681
18699648682
18699648690
18699648692
18699648703
18699648705
18699648716
18699648725
18699648743
18699648773
18699648902
18699648912
18699648932
18699648938
18699648950
18699648956
18699648965
18699649025
18699649028
18699649032
18699649036
18699649038
18699649039
18699649051
18699649053
18699649057
18699649058
18699649076
18699649078
18699649079
18699649082
18699649083
18699649093
18699649103
18699649106
18699649107
18699649120
18699649125
18699649128
18699649131
18699649132
18699649135
18699649137
18699649138
18699649151
18699649152
18699649153
18699649163
18699649165
18699649168
18699649170
18699649172
18699649175
18699649182
18699649190
18699649197
18699649203
18699649210
18699649217
18699649223
18699649227
18699649232
18699649237
18699649239
18699649251
18699649252
18699649259
18699649260
18699649261
18699649273
18699649298
18699649302
18699649307
18699649308
18699649319
18699649326
18699649329
18699649352
18699649357
18699649360
18699649365
18699649367
18699649368
18699649370
18699649371
18699649375
18699649376
18699649381
18699649385
18699649386
18699649391
18699649509
18699649510
18699649513
18699649516
18699649517
18699649518
18699649526
18699649530
18699649538
18699649553
18699649556
18699649578
18699649580
18699649583
18699649585
18699649613
18699649635
18699649653
18699649671
18699649683
18699649685
18699649715
18699649750
18699649751
18699649782
18699649793
18699649809
18699649810
18699649823
18699649831
18699649835
18699649836
18699649839
18699649852
18699649867
18699649938
18699650253
18699650263
18699650351
18699650392
18699650572
18699650635
18699650682
18699650759
18699650760
18699650762
18699650781
18699650890
18699650935
18699650967
18699650972
18699651036
18699651038
18699651072
18699651172
18699651279
18699651316
18699651318
18699651328
18699651339
18699651373
18699651572
18699651579
18699651602
18699651603
18699651635
18699651696
18699651702
18699651708
18699651720
18699651751
18699651779
18699651782
18699651797
18699651827
18699651869
18699651872
18699651890
18699651925
18699651932
18699651939
18699651967
18699651989
18699652058
18699652129
18699652130
18699652193
18699652219
18699652238
18699652289
18699652295
18699652307
18699652371
18699652372
18699652373
18699652381
18699652507
18699652519
18699652563
18699652585
18699652612
18699652615
18699652670
18699652672
18699652679
18699652683
18699652708
18699652762
18699652791
18699652817
18699652868
18699652869
18699652891
18699652901
18699652930
18699652957
18699652961
18699652969
18699652971
18699652981
18699653013
18699653027
18699653039
18699653071
18699653092
18699653105
18699653152
18699653160
18699653189
18699653192
18699653253
18699653263
18699653275
18699653276
18699653297
18699653372
18699653375
18699653507
18699653590
18699653592
18699653593
18699653627
18699653628
18699653653
18699653656
18699653671
18699653675
18699653689
18699653717
18699653721
18699653730
18699653752
18699653761
18699653769
18699653786
18699653791
18699653816
18699653819
18699653820
18699653829
18699653859
18699653861
18699653863
18699653876
18699653902
18699653921
18699653931
18699653957
18699653968
18699653971
18699655039
18699655057
18699655076
18699655079
18699655116
18699655165
18699655170
18699655178
18699655181
18699655182
18699655192
18699655195
18699655231
18699655236
18699655273
18699655631
18699655660
18699655671
18699655703
18699655871
18699655881
18699655921
18699655970
18699655991
18699656010
18699656015
18699656089
18699656172
18699656173
18699656175
18699656190
18699656212
18699656219
18699656238
18699656271
18699656292
18699656303
18699656369
18699656381
18699656392
18699656503
18699656559
18699656597
18699656601
18699656615
18699656723
18699656735
18699656805
18699656853
18699656912
18699656992
18699657016
18699657035
18699657067
18699657083
18699657089
18699657097
18699657125
18699657197
18699657205
18699657209
18699657256
18699657263
18699657278
18699657289
18699657297
18699657316
18699657327
18699657330
18699657356
18699657367
18699657395
18699657503
18699657519
18699657526
18699657530
18699657576
18699657601
18699657609
18699657610
18699657637
18699657638
18699657661
18699657681
18699657693
18699657761
18699657827
18699657892
18699657903
18699657931
18699657939
18699658029
18699658036
18699658050
18699658051
18699658059
18699658063
18699658096
18699658136
18699658175
18699658207
18699658216
18699658238
18699658263
18699658337
18699658379
18699658507
18699658693
18699658705
18699658706
18699658736
18699658737
18699658753
18699658779
18699658917
18699658919
18699658962
18699658970
18699658971
18699659031
18699659035
18699659036
18699659038
18699659076
18699659169
18699659173
18699659206
18699659239
18699659263
18699659285
18699659336
18699659365
18699659372
18699659378
18699659382
18699659517
18699659526
18699659583
18699659612
18699659617
18699659671
18699659701
18699659769
18699659857
18699660978
18699662903
18699670021
18699670130
18699670232
18699670350
18699670353
18699670356
18699670360
18699670365
18699670379
18699670386
18699670560
18699670563
18699670691
18699670835
18699670972
18699671032
18699671081
18699671256
18699671291
18699671350
18699671376
18699671381
18699671537
18699671561
18699671597
18699671753
18699671903
18699671917
18699671926
18699671930
18699671961
18699672109
18699672171
18699672290
18699672318
18699672503
18699672531
18699672532
18699672607
18699672639
18699672691
18699672731
18699672920
18699672921
18699673105
18699673128
18699673189
18699673202
18699673501
18699673506
18699673507
18699673527
18699673540
18699673581
18699673605
18699673627
18699673653
18699673675
18699673697
18699673701
18699673705
18699673712
18699673713
18699673721
18699673751
18699673765
18699673793
18699673801
18699673827
18699673861
18699673891
18699673901
18699673907
18699673982
18699673985
18699674057
18699674061
18699674069
18699674086
18699675037
18699675076
18699675097
18699675126
18699675269
18699675279
18699675307
18699675308
18699675351
18699675580
18699675591
18699675592
18699675602
18699675603
18699675613
18699675708
18699675723
18699675739
18699675792
18699675823
18699675826
18699675873
18699675901
18699675902
18699675908
18699675932
18699675935
18699675952
18699675973
18699675978
18699676053
18699676079
18699676120
18699676139
18699676170
18699676195
18699676230
18699676235
18699676239
18699676271
18699676382
18699676502
18699676525
18699676536
18699676579
18699676735
18699676795
18699676813
18699676895
18699676913
18699676923
18699676936
18699676961
18699677092
18699677131
18699677253
18699677265
18699677292
18699677297
18699677305
18699677326
18699677501
18699677531
18699677537
18699677629
18699677692
18699677816
18699677931
18699678025
18699678157
18699678162
18699678169
18699678201
18699678216
18699678253
18699678303
18699678351
18699678379
18699678395
18699678396
18699678518
18699678563
18699678760
18699678901
18699679053
18699679057
18699679167
18699679170
18699679213
18699679236
18699679269
18699679315
18699679318
18699679332
18699679383
18699679578
18699679612
18699679731
18699679756
18699679792
18699679807
18699679825
18699679835
18699679931
18699680269
18699680561
18699680579
18699680613
18699680670
18699681061
18699681172
18699681179
18699681197
18699682093
18699682150
18699682231
18699682309
18699682362
18699682506
18699682523
18699682571
18699682859
18699683896
18699685073
18699685162
18699685257
18699685392
18699686253
18699686387
18699686756
18699687265
18699687383
18699687610
18699687812
18699688013
18699688101
18699688163
18699690192
18699690236
18699690292
18699690293
18699690357
18699690363
18699690526
18699690873
18699690952
18699690953
18699690956
18699690957
18699690970
18699690980
18699691076
18699691279
18699691352
18699691365
18699691531
18699691538
18699691585
18699691726
18699691965
18699692067
18699692176
18699692271
18699692735
18699692739
18699692832
18699692951
18699693509
18699693706
18699693765
18699693790
18699693857
18699693865
18699695017
18699695329
18699695391
18699695630
18699695638
18699695692
18699695702
18699696019
18699696021
18699696031
18699696325
18699696351
18699696383
18699696725
18699696738
18699696795
18699696923
18699697056
18699697160
18699697162
18699697165
18699697261
18699697291
18699697292
18699697312
18699697352
18699697390
18699697513
18699697523
18699697563
18699697693
18699697931
18699698127
18699698132
18699698307
18699698352
18699698627
18699698702
18699698761
18699698792
43965445139
