13031314476
13040530153
13040530161
13040530286
13040530562
13040530589
13040530595
13040530787
13040531029
13040531183
13040531270
13040531571
13040532051
13040532376
13040532835
13040535301
13040535773
13040535805
13040535881
13040536275
13040536352
13040536701
13095083653
13095083981
13095085013
13095085091
13095085127
13095085135
13095085171
13095085172
13095085192
13095085231
13095085297
13095085307
13095085360
13095085369
13095085371
13095085372
13095085373
13095085387
13095085519
13095085603
13095085605
13095085607
13095085631
13095085635
13095085676
13095085679
13095085693
13095085701
13095085713
13095085720
13095085725
13095085751
13095085761
13095085782
13095085807
13095085817
13095085905
13095085907
13095085978
13095086015
13095086017
15509922607
15509923602
15509923971
15628100351
15628100352
15628100360
15628100361
15628100365
15628100367
15628100370
15628100371
15628100378
15628100379
15628100383
15628100385
15628100387
15628100390
15628100393
15628100396
15628100397
15628100501
15628100503
15628100508
15628100510
15628100513
15628100519
15628100523
15628100538
15628100565
15628100572
15628100573
15628100583
15628100585
15628100587
15628100590
15628100591
15628100593
15628100597
15628100598
15628100608
15628100617
16609920941
16609923965
16609925238
17599920152
17599920351
17599920632
17599921039
17599921290
17599921386
17599921573
17599921592
17599921605
17599921623
17599921690
17599921721
17599921749
17599926052
17599927316
17599928163
17599929635
17699120236
17699120373
17699121208
17699121293
17699121705
17699122927
17699129703
17699129706
17699129707
17699129708
17699129725
17699129730
17699129735
17699129737
17699129739
17699129751
17699129760
17699129762
17699129770
17699920573
17699920635
17699920692
17699920785
17699920913
17699920951
17699921073
17699921137
17699921197
17699921563
18509922376
18509923652
18509923687
18509927361
18509927531
18509927593
18509927690
18509927795
18509927902
18590540067
18590540073
18590540107
18590540121
18590540137
18590540152
18590540153
18590540157
18590540162
18590540165
18590540172
18590540179
18590540183
18590540190
18590540192
18590540195
18590540213
18590540217
18590540231
18590540236
18590540251
18590540252
18590540253
18590540257
18590540261
18590540265
18590540270
18590540273
18590540279
18590540282
18590540283
18590540292
18590540293
18590540297
18590540351
18590540357
18590540361
18590540367
18590540370
18590540371
18590540372
18590540373
18590540375
18590540378
18590540387
18590540390
18590540391
18590540392
18590540512
18590540531
18590540532
18590540537
18590540563
18590540572
18590540573
18590540576
18590540579
18590540587
18590540593
18590540613
18590540621
18590540635
18590540637
18590540639
18590540650
18590540657
18590540682
18590540692
18590540695
18590540697
18590540725
18590540729
18590540732
18590540736
18590540737
18590540739
18590540753
18590540758
18590540759
18590540767
18590540769
18590540775
18590540793
18590540797
18590540829
18590540832
18590540837
18590540839
18590540851
18590540852
18590540870
18590540872
18590540873
18590540879
18590540895
18590540932
18590540937
18590540951
18590540952
18590540953
18590540963
18590540970
18590540971
18590540973
18590540982
18590540983
18590541029
18590541032
18590541035
18590541039
18590541052
18590541053
18590541057
18590541063
18590541069
18590541071
18590541075
18590541079
18590541081
18590541085
18590541090
18590541092
18590541093
18590541097
18590541173
18590541178
18590541182
18590541193
18590541251
18590541259
18590541263
18590541267
18590541271
18590541273
18590541276
18590541290
18590541291
18590541292
18590541293
18590541296
18590541307
18590541330
18590541353
18590541356
18590541359
18590541363
18590541369
18590541372
18590541381
18590541385
18590541391
18590541392
18590541395
18590541397
18590541502
18590541503
18590541512
18590541523
18590541526
18590541527
18590541536
18590541537
18590541563
18590541572
18590541591
18590541592
18590541593
18590541597
18590541620
18590541621
18590541637
18590541650
18590541652
18590541653
18590541657
18590541672
18590541673
18590541675
18590541681
18590541685
18590541695
18590541702
18590541703
18590541705
18590541710
18590541716
18590541719
18590541723
18590541725
18590541727
18590541730
18590541735
18590541752
18590541757
18590541759
18590541762
18590541763
18590541770
18590541792
18590541795
18590541817
18590541823
18590541829
18590541832
18590541839
18590541852
18590541853
18590541857
18590541871
18590541873
18590541876
18590541902
18590541917
18590541923
18590541931
18590541935
18590541951
18590541952
18590541953
18590541971
18590541975
18590542027
18590542051
18590542065
18590542067
18590542071
18590542073
18590542075
18590542091
18590542092
18590542093
18590542095
18590542113
18590542125
18590542138
18590542156
18590542163
18590542187
18590542192
18590542196
18590542217
18590542260
18590542261
18590542267
18590542271
18590542286
18590542290
18590542329
18590542352
18590542363
18590542369
18590542370
18590542379
18590542380
18590542385
18590542392
18590542393
18590542397
18590542671
18590542805
18590542813
18590542897
18590543070
18590543269
18590543375
18590543398
18590543531
18590543629
18590543721
18590543795
18590543805
18590543825
18590543915
18590545025
18590545028
18590545062
18590545083
18590545097
18590545108
18590545121
18590545187
18590545195
18590545239
18590545261
18590545265
18590545269
18590545291
18590545309
18590545313
18590545373
18590545378
18590545383
18590545390
18590545395
18590545617
18590545625
18590545635
18590545692
18590545695
18590545708
18590545709
18590545716
18590545762
18590545785
18590545791
18590545809
18590545813
18590545825
18590545830
18590545856
18590545863
18590545872
18590545879
18590545897
18590545902
18590545910
18590545951
18590545972
18590545975
18590545981
18590545985
18590546019
18590546053
18590546087
18590546093
18590546101
18590546312
18590546317
18590546571
18590546751
18590547539
18590547551
18590547560
18590547561
18590547576
18590547579
18590547580
18590547581
18590547582
18590547583
18590547585
18590547589
18590547591
18590547592
18590547593
18590547595
18590547596
18590547601
18590547602
18590547603
18590547613
18590547616
18590547617
18590547619
18590547620
18590547621
18590547625
18590547628
18590547630
18590547631
18590547636
18590547637
18590547638
18590547639
18590547651
18590547652
18590547653
18590547658
18590547662
18590547663
18590547672
18590547680
18590547682
18590547683
18590547685
18590547690
18590547691
18590547692
18590547695
18590547697
18590547702
18590547706
18590547710
18590547712
18590547713
18590547720
18590547723
18590547726
18590547735
18590547738
18590547739
18590547750
18590547752
18590547753
18590547762
18590547765
18590547785
18590547791
18590547795
18590547801
18590547835
18590547851
18590547859
18590547929
18590547930
18590547932
18590547935
18590547951
18590547952
18590547953
18590547957
18590547960
18590547961
18590547962
18590547963
18590547965
18590547967
18590547969
18590547970
18590547971
18590547975
18590547981
18590547983
18590547987
18590547991
18590547993
18590548017
18590548019
18590548023
18590548027
18590548031
18590548051
18590548053
18590548058
18590548059
18590548061
18590548065
18590548067
18590548069
18590548071
18590548075
18590548076
18590548079
18590548093
18590548097
18590548103
18590548105
18590548107
18590548109
18590548126
18590548129
18590548130
18590548135
18590548137
18590548138
18590548151
18590548153
18590548156
18590548157
18590548162
18590548163
18590548170
18590548172
18590548173
18590548175
18590548179
18590548190
18590548195
18590548197
18590548201
18590548206
18590548209
18590548210
18590548212
18590548217
18590548219
18590548225
18590548235
18590548236
18590548237
18590548238
18590548250
18590548252
18590548256
18590548263
18590548265
18590548269
18590548271
18590548272
18590548273
18590548279
18590548291
18590548293
18590548295
18590548297
18590548302
18590548305
18590548307
18590548309
18590548310
18590548312
18590548320
18590548325
18590548326
18590548327
18590548351
18590548352
18590548365
18590548367
18590548369
18590548371
18590548372
18590548375
18590548376
18590548379
18590548381
18590548390
18590548391
18590548392
18590548395
18590548397
18590548503
18590548506
18590548509
18590548512
18590548513
18590548519
18590548523
18590548526
18590548527
18590548532
18590548535
18590548536
18590548537
18590548539
18590548551
18590548552
18590548559
18590548560
18590548563
18590548572
18590548573
18590548582
18590548587
18590548591
18590548592
18590548593
18590548597
18590548601
18590548605
18590548613
18590548615
18590548617
18590548619
18590548621
18590548623
18590548625
18590548629
18590548630
18590548631
18590548637
18590548650
18590548651
18590548652
18590548653
18590548657
18590548661
18590548670
18590548671
18590548672
18590548673
18590548701
18590548702
18590548703
18590548709
18590548712
18590548713
18590548723
18590548725
18590548726
18590548727
18590548729
18590548730
18590548732
18590548735
18590548736
18590548737
18590548739
18590548750
18590548752
18590548753
18590548757
18590548759
18590548761
18590548762
18590548769
18590548781
18590548783
18590548790
18590548791
18590548792
18590548793
18590548795
18590548796
18590548813
18590548815
18590548823
18590548835
18590548837
18590548857
18590548859
18590548862
18590548870
18590548871
18590548873
18590548875
18590548891
18590548893
18590548902
18590548903
18590548905
18590548906
18590548910
18590548912
18590549017
18590549018
18590549021
18590549023
18590549025
18590549027
18590549028
18590549029
18590549031
18590549037
18590549039
18590549052
18590549057
18590549062
18590549063
18590549065
18590549068
18590549071
18590549072
18590549073
18590549075
18590549076
18590549079
18590549082
18590549083
18599223192
18599223267
18699200236
18699200373
18699200513
18699200523
18699200652
18699200671
18699200712
18699200732
18699200837
18699200913
18699200952
18699201067
18699201083
18699201095
18699201109
18699201137
18699201162
18699201263
18699201295
18699201705
18699201783
18699206370
18699208449
18699208537
18699210172
18699210187
18699210197
18699210256
18699210260
18699210291
18699210309
18699210356
18699210378
18699210387
18699210519
18699210530
18699210535
18699210563
18699210592
18699210691
18699210693
18699210715
18699210720
18699210738
18699210751
18699210758
18699210765
18699210825
18699210873
18699212517
18699214493
18699214513
18699214749
18699215372
18699215702
18699215723
18699215730
18699217062
18699219627
18699231396
18699231572
18699231575
18699231796
18699231801
18699231815
18699231873
18699231875
18699231927
18699231935
18699232175
18699232180
18699232538
18699232550
18699232571
18699232701
18699232713
18699232765
18699232950
18699233169
18699233282
18699233780
18699233785
18699233902
18699233925
18699233982
18699236944
18699237143
18699237603
18699238420
18699239584
18699240051
18699240136
18699240153
18699240162
18699240167
18699240169
18699240170
18699240173
18699240182
18699240192
18699240193
18699240231
18699240237
18699240250
18699240252
18699240260
18699240261
18699240279
18699240283
18699240291
18699240293
18699240295
18699240350
18699240359
18699240365
18699240381
18699240391
18699240397
18699240535
18699240536
18699240537
18699240538
18699240539
18699240553
18699240572
18699240579
18699240582
18699240583
18699240592
18699240597
18699240619
18699240625
18699240636
18699240653
18699240670
18699240671
18699240684
18699240687
18699240695
18699240697
18699240710
18699240729
18699240732
18699240736
18699240739
18699240758
18699240762
18699240773
18699240783
18699240790
18699240793
18699240795
18699240796
18699240829
18699240835
18699240857
18699240862
18699240865
18699240871
18699240873
18699240932
18699240937
18699240938
18699240950
18699240957
18699240963
18699240965
18699240971
18699240972
18699240973
18699240982
18699240983
18699241046
18699241051
18699241057
18699241059
18699241061
18699241062
18699241065
18699241071
18699241072
18699241083
18699241087
18699241091
18699241095
18699241098
18699241136
18699241172
18699241176
18699241193
18699241203
18699241252
18699241253
18699241257
18699241262
18699241270
18699241273
18699241275
18699241276
18699241291
18699241297
18699241305
18699241307
18699241308
18699241329
18699241353
18699241356
18699241359
18699241360
18699241361
18699241363
18699241375
18699241376
18699241379
18699241381
18699241382
18699241390
18699241396
18699241397
18699241507
18699241513
18699241531
18699241532
18699241536
18699241537
18699241539
18699241552
18699241565
18699241569
18699241571
18699241573
18699241576
18699241582
18699241587
18699241593
18699241601
18699241607
18699241612
18699241615
18699241621
18699241635
18699241639
18699241650
18699241652
18699241659
18699241682
18699241687
18699241690
18699241692
18699241701
18699241702
18699241705
18699241707
18699241708
18699241715
18699241720
18699241721
18699241725
18699241727
18699241729
18699241732
18699241735
18699241738
18699241739
18699241750
18699241751
18699241753
18699241756
18699241757
18699241759
18699241762
18699241767
18699241773
18699241776
18699241780
18699241785
18699241787
18699241790
18699241792
18699241796
18699241803
18699241806
18699241807
18699241817
18699241820
18699241825
18699241827
18699241831
18699241832
18699241835
18699241836
18699241837
18699241839
18699241850
18699241851
18699241853
18699241859
18699241865
18699241871
18699241872
18699241876
18699241879
18699241892
18699241893
18699241895
18699241896
18699241897
18699241903
18699241913
18699241937
18699241950
18699241957
18699241961
18699241962
18699241971
18699241975
18699241981
18699242021
18699242023
18699242031
18699242032
18699242036
18699242037
18699242039
18699242050
18699242051
18699242052
18699242053
18699242057
18699242063
18699242071
18699242072
18699242073
18699242078
18699242079
18699242083
18699242095
18699242096
18699242107
18699242108
18699242109
18699242115
18699242129
18699242130
18699242132
18699242136
18699242138
18699242150
18699242153
18699242156
18699242157
18699242160
18699242165
18699242173
18699242175
18699242181
18699242182
18699242183
18699242192
18699242217
18699242231
18699242237
18699242239
18699242251
18699242258
18699242265
18699242267
18699242291
18699242295
18699242296
18699242297
18699242302
18699242305
18699242307
18699242313
