13003630057
13003631539
13003631820
13003632201
13003632693
13003635292
13003635829
13003639562
13003678191
13003682179
13018910020
13018910556
13018910679
13018910785
13018911021
13018911138
13018911196
13018911897
13018912086
13018912097
13018912139
13018920250
13018920625
13018921365
13018922530
13018923220
13018925297
13018926135
13018926395
13018926770
13018927026
13018927223
13018927236
13018927638
13018928332
13018929182
13018930307
13018930371
13018932350
13018932706
13018935605
13018936780
13018937032
13018937238
13018937279
13018937372
13018937386
13018938173
13018938201
13018938852
13018938906
13018939625
13018940132
13018940352
13018940857
13018940881
13018941036
13018941056
13018941253
13018941325
13018942116
13018942132
13018942165
13018942839
13018943252
13018970557
13018970950
13018971172
13018971727
13018971882
13018972507
13018972538
13018972990
13018973386
13018973896
13018975038
13018975221
13018975586
13018975619
13018975812
13018975861
13018976817
13018976871
13018977065
13018977203
13018977305
13018977927
13018978071
13018978532
13018978826
13018979182
13018979203
13018979527
13018979957
13023601096
13023621245
13023622921
13023625849
13023626753
13023627140
13023627241
13023627541
13023627546
13023627941
13023628947
13023629047
13023629140
13023629241
13023658805
13023660045
13023660048
13023660241
13023660342
13023660345
13023660435
13023660436
13023660482
13023660487
13023660491
13023660492
13023660495
13023660642
13023660743
13023660745
13023660748
13023660846
13023660947
13023661145
13023661346
13023661402
13023661413
13023661427
13023661436
13023661452
13023661482
13023661846
13023662141
13023662412
13023662416
13023662438
13023662453
13023662456
13023662461
13023662462
13023662479
13023662481
13023662645
13023662647
13023662943
13023663047
13023663049
13023663407
13023663420
13023663421
13023663428
13023663439
13023663463
13023663469
13023663491
13023663540
13023663642
13023663647
13023663740
13023663745
13023663848
13023663940
13023663945
13023664015
13023664027
13023664052
13023664060
13023664090
13023664093
13023664112
13023664118
13023664128
13023664160
13023664168
13023664176
13023664181
13023664186
13023664210
13023664219
13023664228
13023664235
13023664267
13023664310
13023664327
13023664382
13023664398
13023664501
13023664513
13023664519
13023664520
13023664532
13023664578
13023664586
13023664616
13023664621
13023664629
13023664636
13023664639
13023664663
13023664679
13023664682
13023664707
13023664717
13023664751
13023664773
13023664781
13023664796
13023664801
13023664853
13023664862
13023664865
13023664868
13023664890
13023664906
13023664921
13023664927
13023664939
13023664979
13023665143
13023665246
13023665401
13023665417
13023665418
13023665459
13023665489
13023665540
13023665543
13023665748
13023665841
13023665847
13023666341
13023666420
13023666452
13023666453
13023666458
13023666547
13023666640
13023666746
13023666946
13023666948
13023667041
13023667240
13023667346
13023667451
13023667456
13023667467
13023667498
13023667745
13023667841
13023667846
13023667941
13023667943
13023667946
13023668045
13023673785
13033601647
13033602492
13033602641
13033606746
13033607472
13034201571
13064727670
13065712196
13065713051
13065716270
13065718365
13065740353
13065740587
13065743652
13065743672
13065745250
13065745261
13067828325
13067935326
13067950103
13067950676
13067950821
13067950890
13067951029
13067951235
13067951236
13067951609
13067951730
13067951839
13067952037
13067952107
13067952327
13067953165
13067953627
13067953791
13067955027
13067955039
13067955372
13067955886
13067956013
13067956016
13067956581
13067956696
13067956819
13067957063
13067957381
13067957861
13067958790
13067959193
13067959560
13067971645
13067972147
13067972948
13067976843
13067977946
13067987985
13071855161
13071857738
13071858035
13071858652
13071860639
13071860886
13071861013
13071861091
13071862171
13071863050
13071863697
13071863839
13071865593
13071865781
13071865865
13071866313
13071866659
13071866809
13071867719
13071868070
13071868331
13071869109
13071869135
13071869181
13071880596
13071885013
13071889382
13073601583
13073612937
13073659037
13073677161
13073681385
13073681539
13073681926
13073682219
13073682996
13073683892
13073683981
13073685681
13073685683
13073685730
13073685931
13073685953
13073686031
13073686051
13073686095
13073686513
13073687963
13073687965
13073688276
13073688350
13082801343
13082807645
13082857052
13083958951
13083991391
13083991620
13083997031
13083997603
13095711296
13107712052
13107739023
13116722357
13116723019
13116723201
13116723517
13116723897
13116723912
13116725275
13116726376
13116726529
13116726586
13116727983
13116728256
13116729601
13116729612
13116729695
13116733827
13116736597
13116780090
13116780382
13116780721
13116780802
13116781153
13116781619
13116782021
13116782615
13116782663
13116782867
13116782970
13116783120
13116783150
13116783505
13116783607
13116783690
13116783707
13116783820
13116783831
13116783862
13116785253
13116785293
13116785505
13116785626
13116785631
13116785836
13116785892
13116786736
13116786975
13116787109
13116787183
13116787291
13116787891
13116788096
13116788375
13116788682
13116789013
13116789038
13116789126
13116789129
13116789138
13116789167
13116789338
13116789538
13116789950
13116791709
13116792637
13116796820
13123957052
13136106735
13136150341
13136150767
13136150771
13136151071
13136151081
13136151509
13136151792
13136152169
13136152207
13136152737
13136152841
13136153106
13136153315
13136153346
13136153403
13136153631
13136154076
13136154091
13136154313
13136154583
13136154601
13136154609
13136154626
13136154721
13136154851
13136155317
13136155467
13136155472
13136155943
13136156213
13136156573
13136156741
13136157983
13136158120
13136158226
13136158452
13136158471
13136158749
13136159087
13136159150
13136159713
13136191931
13136196826
13136198992
13136199351
13136199626
13136199816
13148327193
13148328260
13148373029
13148378332
13148378902
13157170779
13157171385
13157172107
13157172203
13157175907
13157176825
13157177031
13157177137
13157177381
13157177859
13157177935
13157178271
13157178851
13157178852
13157179150
13157179832
13157195261
13157199379
13165970391
13165970753
13165972193
13165972505
13165972790
13165977003
13165983173
13165999053
13165999073
13165999320
13173610126
13173610393
13173611106
13173611695
13173611837
13173612053
13173615060
13173615580
13173616020
13173616572
13173616906
13173617369
13173617506
13173618067
13173618127
13173619067
13173621301
13173627109
13173660185
13173662132
13173663103
13173665017
13173668067
13173669562
13173673206
13173673512
13173673725
13173675031
13173675583
13173685027
13175023062
13175026273
13175030352
13175050591
13175050751
13175051051
13175051082
13175051382
13175052038
13175053602
13175053637
13175053701
13175055632
13175055989
13175056391
13175056712
13175057732
13175059021
13175059382
13175059981
13175062163
13175062725
13175062897
13175063159
13175063501
13175065965
13175067625
13175068051
13175068691
13175069397
13185003471
13185003483
13185003641
13185004061
13185004137
13185004169
13185004173
13185004367
13185004385
13185004625
13185004751
13185004757
13185004863
13185005427
13185005479
13185005947
13185007148
13185007245
13185007403
13185007541
13185008240
13185008570
13185009051
13185009117
13185009243
13185009349
13185009352
13185009529
13185009752
13185011156
13185017372
13185022919
13185032873
13185051782
13185052937
13185053756
13185716169
13186972235
13186973516
13205812637
13208012897
13208022625
13208029351
13216100263
13216102138
13216102601
13216102773
13216102810
13216103159
13216103170
13216103821
13216105017
13216105691
13216107862
13216107873
13216107893
13216107921
13216108059
13216108156
13216108161
13216108261
13216108305
13216108861
13216109920
13216112373
13216131917
13216131965
13216132563
13216133590
13216135117
13216136059
13216136673
13216136837
13216136905
13216136935
13216136981
13216137672
13216138021
13216150969
13216172672
13216173685
13216706075
13221007502
13221800295
13221830145
13221830421
13221830439
13221830452
13221830491
13221830642
13221830729
13221830950
13221831406
13221831451
13221831473
13221831476
13221831541
13221831542
13221831745
13221831941
13221831942
13221831946
13221831949
13221832041
13221832342
13221832415
13221832416
13221832420
13221832423
13221832429
13221832493
13221832547
13221833148
13221833346
13221833430
13221833438
13221833457
13221833467
13221833473
13221833481
13221833541
13221833942
13221833943
13221833946
13221834009
13221834036
13221834038
13221834058
13221834069
13221834076
13221834082
13221834098
13221834105
13221834130
13221834209
13221834216
13221834235
13221834339
13221834368
13221834380
13221834396
13221834509
13221834525
13221834581
13221834589
13221834657
13221834693
13221834709
13221834719
13221834728
13221834739
13221834763
13221834785
13221834786
13221834813
13221834831
13221834869
13221834893
13221834912
13221834913
13221834915
13221834990
13221834991
13221835046
13221835402
13221835431
13221835479
13221835481
13221835495
13221835643
13221836141
13221836146
13221836242
13221836341
13221836348
13221836426
13221836452
13221836472
13221836473
13221836547
13221836570
13221836941
13221837048
13221837147
13221837148
13221837149
13221837243
13221837405
13221837450
13221837459
13221837548
13221837741
13221837841
13221838042
13221838043
13221838240
13221838243
13221838247
13221838420
13221838429
13221838461
13221838495
13221838540
13221838549
13221838740
13221838843
13221839145
13221839340
13221839343
13221839401
13221839431
13221839541
13221839745
13235815138
13235819687
13250810783
13250810805
13250810896
13250811065
13250811909
13250813556
13250815229
13250815260
13250816120
13250817521
13250817756
13250818172
13250818835
13250818875
13250819002
13250819279
13250819327
13250839760
13255710551
13282113596
13282153672
13282197035
13282800771
13282807265
13282825371
13291802735
13291805326
13291806905
13291826581
13291827965
13291829060
13291857512
13291860676
13291860776
13291860860
13291860917
13291861076
13291862261
13291862285
13291862383
13291862526
13291862913
13291865539
13291866356
13291867816
13291868226
13296710131
13296710145
13296710149
13296710186
13296710242
13296710243
13296710247
13296710249
13296710346
13296710380
13296710387
13296710467
13296710472
13296710491
13296710492
13296710545
13296710549
13296710640
13296710659
13296710732
13296710749
13296710849
13296710883
13296711075
13296711240
13296711457
13296711472
13296711542
13296711547
13296711637
13296711641
13296711920
13296711943
13296711948
13296712019
13296712141
13296712147
13296712149
13296712267
13296712276
13296712350
13296712409
13296712413
13296712432
13296712487
13296712543
13296712573
13296712646
13296712651
13296712680
13296712843
13296713283
13296713346
13296713379
13296713430
13296713460
13296713646
13296713743
13296713849
13296714013
13296714023
13296714076
13296714078
13296714106
13296714139
13296714176
13296714205
13296714256
13296714307
13296714327
13296714359
13296714528
13296714529
13296714532
13296714539
13296714576
13296714585
13296714597
13296714623
13296714625
13296714632
13296714719
13296714760
13296714797
13296714803
13296714820
13296714851
13296714869
13296714912
13296714939
13296715041
13296715142
13296715223
13296715437
13296715451
13296715543
13296715629
13296715640
13296715643
13296715729
13296715741
13296715982
13296716045
13296716140
13296716146
13296716148
13296716149
13296716240
13296716343
13296716347
13296716462
13296716479
13296716482
13296716517
13296716530
13296716549
13296716643
13296716647
13296716741
13296716742
13296716845
13296716916
13296716942
13296716943
13296717035
13296717148
13296717169
13296717248
13296717267
13296717436
13296717470
13296717498
13296717537
13296717541
13296717548
13296717585
13296717605
13296717697
13296717705
13296717946
13296717973
13296718146
13296718149
13296718403
13296718410
13296718437
13296718463
13296718746
13296719049
13296719415
13296719418
13296719426
13296719437
13296719460
13296719465
13296719746
13296719843
13296719846
13296719847
13296731351
13296751282
15557106891
15557108536
15557121870
15557127390
15557128679
15557132970
15557133160
15557136079
15557137356
15557139605
15558096501
15558119701
15558162742
15558164196
15558166426
15558167410
15605885248
15605886415
15605887149
15605887243
15605887483
15605889475
15606514750
15606514805
15606514852
15606515247
15606515840
15606516491
15606523403
15606523541
15606524171
15606524191
15606524260
15606524829
15606529402
15606531476
15606532640
15606533047
15657106047
15657106420
15657121142
15657124305
15657124973
15657127146
15657140671
15657140762
15657141382
15657141620
15657141632
15657193473
15658002456
15658004639
15658006452
15658006472
15658007409
15658051643
15658052802
15658056345
15658062791
15658110345
15658123647
15658126403
15658127475
15658162085
15658177561
15658179621
15658183942
15658184937
15658185402
15658185641
15658186945
15658188437
15658189485
15658814965
15669072861
15669073372
15669075706
15669097429
15669097543
15669099846
15669939143
15695710762
15695711432
15695711453
15695712327
15695712547
15695714223
15695714280
15695714365
15695714861
15695715745
15695715840
15695716549
15695717547
15695717761
15695718403
15695842825
15695842852
15695845091
15695845313
15695846073
15695884093
15695884326
15695884683
15695885743
15695886483
15695887342
16657040539
16657132653
16657139417
16657153473
16657153854
16657157684
16657158974
18506820957
18506821573
18506821736
18506823719
18506823795
18506825690
18506827253
18506827303
18506827932
18506828153
18506828309
18506828973
18506829051
18506829073
18506829137
18506829326
18506829676
18506831261
18506831297
18506831593
18506832512
18506832607
18506833217
18506833625
18506835032
18506837051
18506837129
18506837231
18606530365
18606530569
18606531091
18606531269
18606533639
18606535139
18606536291
18606536529
18606536832
18606537169
18606537352
18606537639
18606539271
18606539570
18626857402
18626870063
18626893975
18657160551
18657160975
18657162520
18657163512
18657165597
18657166125
18657167053
18657169120
18657169195
18657187237
18657191672
18657191963
18657192362
18657192986
18657193651
18657198036
18658101285
18658107385
18667102403
18667123952
18667125156
18667125201
18667125293
18667125663
18667125892
18667125967
18667126056
18667126290
18667126357
18667126359
18667126637
18667126956
18667126981
18667127029
18667127051
18667127097
18667127102
18667127169
18667127239
18667127291
18667127323
18667127762
18667127826
18667127923
18667127989
18667128297
18667128510
18667128586
18667128596
18667128701
18667128763
18667128793
18667129070
18667129138
18667129210
18667129659
18667129780
18667129819
18667163460
18667188385
18667188679
18667189007
18667189023
18667189638
18667189781
18667189830
18667189930
18667903230
18667903235
18667903238
18667903259
18667903273
18667903319
18667908301
18667908302
18667908953
18667909875
18667909923
18667910190
18667910561
18667910650
18667911038
18667911238
18667911315
18667911570
18667911737
18667911772
18667911865
18667911867
18667911927
18667911938
18667911957
18667912338
18667912596
18667912607
18667912629
18667912821
18667913203
18667913380
18667913583
18667913639
18667913716
18667913731
18667915138
18667915202
18667916550
18667916602
18667916738
18667916756
18667917139
18667917150
18667917303
18667917987
18667918365
18667918521
18667918726
18667919113
18667919189
18667919270
18667919515
18667919538
18667919661
18667919825
18667919838
18667919903
18668090363
18668090687
18668090830
18668093726
18668093905
18668093931
18668095691
18668095776
18668097050
18668097982
18668098130
18668099552
18668208872
18668208952
18668209107
18668209131
18668209279
18698563641
18698563741
18698564161
18698564251
18698564287
92069371758