13002653061
13002656307
13002659176
13004659012
13017950232
13017950382
13017951067
13017951280
13017951562
13017951776
13017951831
13017952257
13017952376
13017952392
13017952617
13017952663
13017953209
13017953609
13017953701
13017953752
13017953803
13017953871
13017953921
13017955917
13017956102
13017956371
13017956870
13017956952
13017957205
13017957279
13017957327
13017957392
13017957517
13017957630
13017957695
13017957753
13017957912
13017958237
13017959071
13017959525
13017959717
13017960938
13017961083
13017961091
13017961175
13017961217
13017961315
13017961825
13017961835
13017962325
13017962637
13017962703
13017962961
13017962970
13017963310
13017963561
13017965071
13017965163
13017965326
13017965361
13017965405
13017966137
13017966732
13017966953
13017968236
13017968273
13017968353
13017968372
13017968593
13017969238
13017969532
13017969612
13017969770
13017970602
13017973101
13017973809
13017973842
13017973974
13017974213
13017974241
13017974392
13017974552
13017974589
13017974610
13017975307
13017975426
13017975495
13017975644
13017976749
13017977310
13017978642
13017980381
13017981352
13017981632
13017982725
13017982759
13017983695
13017985363
13017985937
13017987817
13017987913
13017988023
13017988153
13017988327
13017988365
13017988910
13017991571
13017991632
13017995292
13020981387
13020982109
13020982987
13020983301
13020983307
13020983523
13020983702
13020983753
13020983793
13020983805
13020983932
13020985161
13020985731
13020985920
13020986205
13020986395
13020986973
13020987025
13020987152
13020987206
13020987326
13020987381
13020987693
13020987796
13020987832
13020988150
13020988367
13020988673
13020988712
13020989237
13020989792
13022659526
13024656477
13024663543
13024665732
13024667387
13024670443
13024670481
13024670493
13024670587
13024671540
13024673047
13024674012
13024674376
13024674691
13024675721
13024676142
13024676231
13024676405
13024676450
13024676549
13024678071
13024678265
13024678295
13024678301
13024678371
13024678921
13024679359
13024679395
13040703103
13040706304
13040708937
13040720971
13040721703
13040722962
13040722983
13040724377
13040724933
13040725632
13040725967
13040728500
13040760582
13040761063
13040761073
13040761753
13040762316
13040762619
13040763025
13040763179
13040763573
13040763575
13040763673
13040763783
13040763801
13040763925
13040764558
13040765361
13040765952
13040766253
13040766305
13040767013
13040767135
13040767153
13040767163
13040767263
13040767320
13040768329
13040768905
13040769037
13040769157
13040769735
13045780331
13045780522
13045780589
13045780673
13045781575
13045781735
13045781792
13045782135
13045782152
13045782785
13045782832
13045783062
13045783610
13045783679
13045783763
13045783793
13045785032
13045785137
13045785165
13045785273
13045785279
13045785712
13045785722
13045785985
13045786012
13045786027
13045786273
13045786601
13045786702
13045786812
13045787092
13045787255
13045787309
13045787731
13045787953
13045788610
13045788732
13045789113
13045789281
13045789356
13045789631
13045790177
13045790533
13045791633
13045791722
13045794977
13049910675
13049910787
13049910896
13049910937
13049910967
13049911409
13049911892
13049912557
13049913371
13049913793
13049914753
13049914810
13049915167
13049916092
13049916823
13049917095
13049917206
13049917241
13049917283
13049917292
13049917323
13049917823
13049917852
13049917963
13049918032
13049919206
13049920455
13049921397
13049921811
13049923770
13049923864
13049924511
13049924822
13049925105
13049925271
13049925307
13049926235
13049926245
13049926715
13049927841
13049928674
13049950257
13049950836
13049951329
13049951392
13049952207
13049952390
13049952782
13049952913
13049953157
13049953501
13049953753
13049955136
13049955273
13049955373
13049957087
13049957505
13049957593
13049957961
13049958379
13049958390
13049959025
13049967354
13049967434
13049967964
13049968074
13049968094
13049973411
13049974033
13049975233
13049976311
13049981422
13049983411
13058950160
13058950562
13058951150
13058951369
13058951570
13058951950
13058952037
13058952159
13058952375
13058952579
13058952605
13058953172
13058956527
13058956741
13058957093
13058957713
13058958713
13058959717
13058970121
13058970761
13058971621
13058972156
13058972713
13058972776
13058973189
13058973225
13058973365
13058973571
13058973591
13058973676
13058973835
13058975946
13058976025
13058976516
13058976743
13058977021
13058977179
13058977693
13058978436
13058978572
13058979041
13058979146
13058979562
13058979742
13058979802
13058980254
13058980746
13058980754
13058980867
13058980994
13058981041
13058981044
13058981404
13058981453
13058981641
13058981754
13058982034
13058982384
13058982454
13058982458
13058982594
13058982664
13058982894
13058983074
13058983244
13058983584
13058983794
13058983804
13058983914
13058984026
13058984032
13058984035
13058984251
13058984344
13058984462
13058984471
13058984497
13058984562
13058984575
13058984691
13058984707
13058984753
13058984791
13058984851
13058984867
13058984917
13058984939
13058985347
13058985354
13058985370
13058985406
13058985451
13058985537
13058985741
13058985749
13058985942
13058986104
13058986254
13058986824
13058986913
13058987320
13058987493
13058987910
13058987981
13058988965
13058989370
13058991454
13058993547
13058993624
13058994702
13058994943
13058995494
13058997947
13064601475
13064602465
13064604172
13064604531
13064604931
13064623295
13064624095
13064625156
13064674011
13064674122
13064674533
13064680425
13064684233
13064686455
13065907015
13065907613
13065908203
13065922375
13065926380
13065927097
13065932791
13065932857
13065932863
13065932903
13065932951
13065932972
13065933279
13065950189
13065955017
13065957073
13065958279
13065960151
13065960863
13065960937
13065961039
13065961053
13065961062
13065961065
13065961085
13065961096
13065961150
13065961165
13065961175
13065961260
13065961267
13065961276
13065961285
13065961295
13065961307
13065961323
13065961365
13065961395
13065961601
13065961690
13065961782
13065961803
13065961805
13065961867
13065962160
13065962176
13065962293
13065962391
13065962536
13065962571
13065962651
13065962652
13065962693
13065962701
13065962702
13065962769
13065962801
13065962835
13065962861
13065962917
13065962975
13065963025
13065963062
13065963063
13065963075
13065963081
13065963085
13065963097
13065963129
13065963150
13065963256
13065963283
13065963291
13065963293
13065963379
13065963502
13065963510
13065963539
13065963575
13065963581
13065963587
13065963603
13065963753
13065963763
13065965029
13065965309
13065965379
13065965390
13065965537
13065965631
13065965632
13065965706
13065965873
13065965905
13065965912
13065965915
13065965983
13065966083
13065966127
13065966230
13065966273
13065966773
13065966832
13065967050
13065967183
13065967197
13065967350
13065967537
13065967574
13065967610
13065967635
13065967692
13065967763
13065967913
13065967931
13065967937
13065967962
13065968025
13065968190
13065968197
13065968434
13065968572
13065968932
13065969035
13065969062
13065969072
13065969120
13065969127
13065969147
13065969187
13065969257
13065969272
13065969301
13065969317
13065969360
13065969375
13065969512
13065980692
13065981036
13065981259
13065981563
13065982361
13065982680
13065982765
13065982831
13065983710
13065983921
13065985310
13065985635
13065985760
13065986025
13065986031
13065986057
13065986082
13065986212
13065986253
13065986396
13065986713
13065986732
13065986827
13065986831
13065986917
13065986952
13065987053
13065987096
13065987101
13065987109
13065987197
13065987202
13065987327
13065987397
13065987535
13065987671
13065987693
13065987950
13065989670
13065990279
13065990391
13065990717
13065990751
13065990762
13065991167
13065991202
13065991725
13065992073
13065992601
13065992756
13065993239
13065993271
13065993325
13065993602
13065993915
13065995026
13065995157
13065995310
13065995313
13065996072
13065996713
13065996903
13065997257
13065997325
13065997582
13065997721
13065998073
13065998720
13084643721
13084644824
13085650287
13085650363
13085651060
13085651137
13085651573
13085651631
13085651791
13085652613
13085652617
13085652729
13085652792
13085652801
13085653231
13085663790
13085671454
13085671479
13085671634
13085675630
13085676826
13085677252
13085677652
13085677835
13085677916
13085678212
13085679031
13085679051
13094640293
13094643065
13094644367
13094647639
13094647926
13094648549
13094652711
13095798701
13095798735
13095799687
13095877502
13095878503
13105590283
13105596757
13105790145
13105790164
13105790194
13105790244
13105790249
13105790274
13105790453
13105790461
13105790492
13105790494
13105791254
13105791453
13105791463
13105791475
13105791642
13105791674
13105791742
13105792094
13105792104
13105792549
13105792554
13105792641
13105792841
13105793043
13105793274
13105793461
13105793494
13105793548
13105793574
13105793994
13105794024
13105794032
13105794053
13105794064
13105794073
13105794075
13105794090
13105794102
13105794104
13105794107
13105794125
13105794142
13105794170
13105794174
13105794224
13105794235
13105794254
13105794259
13105794276
13105794283
13105794304
13105794314
13105794319
13105794374
13105794394
13105794423
13105794424
13105794496
13105794504
13105794562
13105794572
13105794582
13105794594
13105794619
13105794634
13105794659
13105794674
13105794684
13105794702
13105794732
13105794763
13105794790
13105794793
13105794795
13105794802
13105794817
13105794864
13105794925
13105794926
13105794934
13105794942
13105794947
13105794971
13105795314
13105795465
13105795474
13105795624
13105795648
13105796046
13105796243
13105796348
13105796405
13105796947
13105797324
13105797406
13105797542
13105798049
13105798140
13105798364
13105798404
13105798430
13105798484
13105798490
13105798754
13105798847
13105798941
13105799346
13105799403
13105799437
13105799849
13105890792
13105891296
13105891526
13105891673
13105892135
13105895983
13105897197
13106202535
13106206753
13106208026
13106212763
13106232130
13106232348
13106232630
13106234694
13106236839
13106236974
13106237034
13106237642
13106237947
13106240245
13106240372
13106243562
13106244597
13106245642
13106248204
13106250335
13106250782
13106251071
13106251135
13106251167
13106251583
13106252079
13106252082
13106252135
13106252651
13106252703
13106252871
13106252902
13106253115
13106253181
13106253215
13106253230
13106253270
13106253290
13106253319
13106253723
13106253759
13106253785
13106253826
13106253827
13106253873
13106253937
13106253971
13106253981
13106253987
13106255103
13106255169
13106255261
13106255313
13106255325
13106255379
13106255386
13106255801
13106255865
13106256083
13106256339
13106256380
13106256703
13106256785
13106257031
13106257167
13106257197
13106257231
13106257232
13106257237
13106257251
13106257253
13106257261
13106257265
13106257269
13106257275
13106257276
13106257279
13106257280
13106257283
13106257287
13106257307
13106257329
13106257353
13106257362
13106257371
13106257372
13106257375
13106257381
13106257539
13106257563
13106257639
13106257652
13106257653
13106257657
13106257663
13106257671
13106257680
13106257765
13106257767
13106257785
13106257901
13106257913
13106257962
13106258158
13106258165
13106258167
13106258221
13106258273
13106258327
13106258371
13106258620
13106258719
13106258931
13106258932
13106258952
13106259031
13106259071
13106259135
13106259137
13106259151
13106259210
13106259230
13106259279
13106259307
13106259312
13106259313
13106259315
13106259317
13106259337
13106259351
13106259367
13106259391
13106259392
13106259503
13106259507
13106259512
13106259519
13106259530
13106259536
13106259537
13106259538
13106259562
13106259569
13106259581
13106259603
13106259615
13106259631
13106259637
13106259652
13106259670
13106259682
13106259720
13106259729
13106259730
13106259802
13106259893
13106260184
13106260379
13106261183
13106261389
13106264104
13106264269
13106264604
13106264631
13106264751
13106264760
13106264792
13106264805
13106264938
13106265712
13106266046
13106266274
13106266948
13106267164
13106267232
13106267420
13106267484
13106267814
13106268303
13106268421
13106268673
13106268709
13106269047
13106269125
13116880417
13116882472
13116882854
13116883463
13116884193
13116884272
13116884291
13116884356
13116884376
13116884379
13116884384
13116884412
13116884436
13116884452
13116884462
13116884464
13116884517
13116884524
13116884535
13116884543
13116884549
13116884579
13116884612
13116884635
13116884640
13116884782
13116884793
13116884805
13116884815
13116884837
13116884910
13116884915
13116884940
13116884961
13116885014
13116885043
13116885064
13116885141
13116885249
13116885254
13116885294
13116885342
13116885349
13116885394
13116885403
13116885404
13116885416
13116885421
13116885435
13116885446
13116885473
13116885492
13116885614
13116885684
13116885741
13116885814
13116885844
13116885943
13116885954
13116886045
13116886054
13116886149
13116886214
13116886243
13116886245
13116886249
13116886342
13116886404
13116886497
13116886734
13116886743
13116886745
13116886774
13116886846
13116897948
13116898243
13157900784
13157901419
13157901427
13157901493
13157902407
13157902410
13157902432
13157902451
13157902481
13157902654
13157904164
13157906495
13157906574
13157908271
13157916452
13157918917
13157920549
13157920851
13157920946
13157921319
13157921390
13157921657
13157921787
13157921863
13157922621
13157922865
13157922960
13157923157
13157923253
13157923510
13157923537
13157923725
13157923752
13157924142
13157924317
13157925083
13157925132
13157925189
13157925671
13157925830
13157926281
13157926526
13157926560
13157926603
13157926725
13157926937
13157927293
13157927853
13157928135
13157928303
13157928715
13157929032
13157929537
13157929726
13157930085
13157930583
13157930665
13157931082
13157931372
13157931797
13157932209
13157932771
13157933057
13157933061
13157935181
13157935239
13157935390
13157936036
13157936050
13157936957
13157937109
13157937291
13157937353
13157937392
13157937781
13157938132
13157938157
13157938207
13157938312
13157938323
13157938397
13157938937
13157939759
13157939832
13157950286
13157950305
13157950356
13157951453
13157951597
13157951847
13157951940
13157952024
13157953704
13157953714
13157953794
13157954954
13157955694
13157955774
13157956014
13157956235
13157956272
13157958762
13157973190
13157975150
13157975962
13157977869
13173801540
13173802847
13173803142
13173804136
13173804204
13173804207
13173804214
13173804216
13173804237
13173804241
13173804248
13173804257
13173804290
13173804357
13173804752
13173804832
13173810153
13173810219
13173810230
13173810253
13173810265
13173810275
13173810279
13173810285
13173811682
13173812553
13173812595
13173812857
13173812910
13173813690
13173813921
13173816738
13173831603
13173839691
13173850135
13173850191
13173850219
13173850231
13173850239
13173850256
13173850260
13173850262
13173850267
13173850279
13173850329
13173850353
13173850513
13173850562
13173850713
13173850782
13173850796
13173850835
13173851072
13173851252
13173851576
13173851620
13173851739
13173851962
13173851975
13173852810
13173852920
13173853016
13173853020
13173853075
13173853078
13173853117
13173853165
13173853176
13173853191
13173853262
13173853267
13173853271
13173853552
13173853560
13173853576
13173853587
13173853593
13173853657
13173853659
13173853695
13173853710
13173853729
13173853730
13173856471
13173857097
13173857627
13173857950
13173858782
13173858917
13173859183
13173859219
13173859587
13173879273
13173881826
13173882175
13173883530
13173883710
13173883913
13173885619
13173886962
13173890247
13173890493
13173891407
13173891497
13173892041
13173892472
13173894071
13173894245
13173894485
13173897513
13174900174
13174904553
13174904711
13174906455
13174909826
13174910145
13174910219
13174912481
13174915630
13174915725
13174916902
13174917145
13174919574
13174932402
13174932412
13174934077
13174940853
13174942632
13174946614
13174946674
13174947014
13174948102
13174949321
13174954120
13174956411
13174956422
13174957422
13174958433
13174958455
13174972815
13174975261
13174975773
13174984022
13174984911
13175521815
13175522587
13175523783
13175525037
13175525296
13175525737
13175530341
13175530659
13175531401
13175531646
13175532305
13175535496
13175537571
13185101873
13185102972
13185103013
13185103160
13185103721
13185105009
13185105792
13185105851
13185106105
13185107081
13185107237
13185107751
13185107897
13185108771
13185112316
13185112378
13185112715
13185112815
13185112863
13185116135
13185129182
13185129523
13185129713
13185130041
13185130142
13185130146
13185130284
13185130344
13185130354
13185130364
13185130436
13185130440
13185130452
13185130454
13185130459
13185130461
13185130482
13185130485
13185130490
13185130495
13185130549
13185130674
13185130694
13185130724
13185130741
13185130764
13185130834
13185130843
13185130847
13185130943
13185130944
13185130954
13185131042
13185131045
13185131047
13185131049
13185131143
13185131149
13185131174
13185131249
13185131264
13185131274
13185131344
13185131407
13185131409
13185131426
13185131430
13185131645
13185131774
13185131793
13185131854
13185133064
13185133104
13185133164
13185133174
13185133204
13185133412
13185133417
13185133449
13185133476
13185133483
13185133485
13185133492
13185133495
13185133497
13185133540
13185133546
13185133549
13185133645
13185133741
13185133744
13185133941
13185133942
13185134025
13185134049
13185134053
13185134054
13185134063
13185134067
13185134070
13185134071
13185134091
13185134094
13185134105
13185134142
13185134143
13185134182
13185134192
13185134204
13185134230
13185134246
13185134253
13185134273
13185134325
13185134482
13185134484
13185134491
13185134507
13185134517
13185134524
13185134609
13185134617
13185134619
13185134621
13185134723
13185134726
13185134734
13185134741
13185134742
13185134767
13185134809
13185134812
13185134840
13185134940
13185134944
13185134957
13185135042
13185135047
13185135104
13185135346
13185135405
13185135449
13185138121
13185150950
13185150962
13185150963
13185151862
13185152079
13185152109
13185153016
13185153061
13185153129
13185153257
13185153862
13185157263
13185158270
13185158357
13185158539
13185159627
13185170261
13185171361
13185171683
13185171835
13185171950
13185172083
13185172250
13185172891
13185172967
13185173597
13185175892
13185176371
13185176632
13185177192
13185177390
13185177507
13185178638
13185178715
13185179021
13185179115
13185179291
13185179325
13185179732
13185179783
13185180197
13185180292
13185180870
13185182570
13185182639
13185182715
13185182917
13185183039
13185183161
13185183702
13185183771
13185185015
13185185396
13185185612
13185185703
13185186705
13185186712
13185186723
13185186735
13185187039
13185187230
13185187602
13185790560
13185790671
13185790963
13185791242
13185791449
13185791582
13185791620
13185791647
13185791950
13185791961
13185791967
13185792171
13185792182
13185792183
13185792675
13185792935
13185793024
13185793150
13185793162
13185793170
13185793253
13185793257
13185793279
13185793376
13185793686
13185793873
13185793905
13185794091
13185794465
13185795157
13185795165
13185795375
13185795573
13185795915
13185796183
13185796214
13185796740
13185797097
13185797283
13185797319
13185797730
13185797907
13185797931
13185798125
13185798730
13185798902
13185799607
13205891173
13205891315
13205896097
13205898026
13205899085
13216201317
13216201831
13216202359
13216203296
13216207357
13216210061
13216211772
13216215809
13216218160
13216219329
13216219331
13216223015
13216223101
13216223119
13216223193
13216223287
13216223617
13216223710
13216223910
13216223975
13216225021
13216225229
13216225396
13216225837
13216226325
13216226327
13216226791
13216227635
13216227869
13216228372
13216229032
13216229235
13216229750
13216229837
13216231273
13216231281
13216233602
13216233690
13216236351
13216239032
13216251197
13216251876
13216251937
13216252029
13216252915
13216253021
13216253271
13216253973
13216255182
13216255860
13216256712
13216256737
13216256917
13216257093
13216257173
13216257267
13216257306
13216257610
13216257852
13216259336
13216259357
13216259781
13216260208
13216260241
13216260486
13216261942
13216263448
13216263771
13216264021
13216264140
13216264187
13216264249
13216264257
13216264706
13216264901
13216264965
13216266373
13216268407
13216268419
13216268782
13216269426
13216269437
13216269451
13216269463
13216790448
13216790461
13216791410
13216794014
13216794261
13216794592
13216794610
13216794695
13216794750
13216794937
13216794967
13216795674
13216796244
13216797044
13216797544
13221251853
13221262046
13221262405
13221262434
13221264237
13221264253
13221264359
13221265984
13221267914
13221273172
13221274744
13221278113
13221279915
13221279963
13221280274
13221281964
13221284027
13221494611
13235791048
13235792148
13235794748
13235799248
13235896857
13235896987
13235897823
13251091375
13255790173
13255790983
13255791076
13255792072
13255792173
13255793819
13255795103
13255795931
13255796073
13255796538
13255796927
13255797167
13255797607
13255798363
13255799316
13255799612
13255799712
13255890442
13255890584
13255890634
13255890791
13255890841
13255893975
13255895910
13276791695
13276795323
13276797607
13276797763
13282891074
13282893449
13282893944
13282894323
13282894907
13282894973
13282895049
13282897597
13282897734
13282898042
13282898497
13282902790
13282910703
13282910750
13282911161
13282913250
13282957091
13282981695
13282981772
13282981837
13282981905
13282982065
13282982506
13282983075
13282983690
13282985075
13282985610
13282985612
13282985902
13282986823
13282987027
13282987260
13282987292
13282987392
13282987507
13282988057
13282988530
13282989105
13282989256
13282989263
13285790346
13285790874
13285791041
13285791124
13285791243
13285791394
13285791457
13285799631
13291571085
15358039369
15557901635
15557901742
15557901947
15557902749
15557903267
15557904183
15557904271
15557904427
15557904492
15557905173
15557905471
15557905481
15557907024
15557908347
15557908415
15557908471
15557910162
15557910267
15557910637
15557910842
15557910894
15557910953
15557911307
15557911416
15557911489
15557911643
15557911836
15557912034
15557912041
15557912042
15557912053
15557912105
15557912149
15557912243
15557912514
15557912694
15557912724
15557912748
15557912749
15557912854
15557912872
15557912942
15557912974
15557913074
15557913464
15557913641
15557913644
15557913646
15557913657
15557913704
15557913748
15557913804
15557913854
15557913934
15557914054
15557914056
15557914063
15557914082
15557914084
15557914124
15557914136
15557914241
15557914251
15557914262
15557914284
15557914294
15557914304
15557914324
15557914341
15557914363
15557914475
15557914482
15557914517
15557914534
15557914632
15557914649
15557914652
15557914729
15557914785
15557914806
15557914945
15557915084
15557915140
15557915143
15557915343
15557915384
15557915784
15557915863
15557915954
15557916054
15557916074
15557916104
15557916214
15557916443
15557916594
15557916704
15557916724
15557916734
15557916764
15557916814
15557916844
15557916874
15557916904
15557916914
15557917023
15557917264
15557917303
15557917404
15557917423
15557917564
15557917624
15557917634
15557917724
15557917904
15557918144
15557918146
15557918443
15557918479
15557918612
15557918621
15557918684
15557918745
15557918754
15557918764
15557918774
15557918954
15557919254
15557919324
15557919327
15557919340
15557919367
15557919430
15557919484
15557919534
15557919539
15557919745
15557919814
15557919835
15557919842
15557919844
15557919874
15557926374
15557926974
15557929140
15557929492
15557930167
15557930236
15557930693
15557930853
15557930931
15557931062
15557931295
15557931370
15557931439
15557931640
15557931712
15557931843
15557931983
15557932450
15557932463
15557932472
15557932497
15557933107
15557933109
15557934106
15557934435
15557934471
15557934472
15557934479
15557934620
15557934629
15557934920
15557935621
15557936301
15557936390
15557937280
15557938053
15557938671
15557938909
15557939061
15557939236
15557939787
15557940286
15557940829
15557941073
15557941163
15557941273
15557941691
15557942101
15557942153
15557942290
15557942510
15557943107
15557946015
15557946031
15557946950
15557946965
15557948106
15557948217
15557948219
15557948310
15557948621
15557949026
15557949552
15557950562
15557951063
15557951671
15557952870
15557953072
15557953176
15557953973
15557955631
15557955683
15557956517
15557956721
15557957610
15557958534
15557959074
15557961432
15557961480
15557961645
15557963249
15557963442
15557964075
15557964082
15557964209
15557964281
15557964395
15557964690
15557964917
15557964945
15557964976
15557965883
15557966719
15557967146
15557967472
15557967492
15557969301
15557970461
15557971460
15557972563
15557974026
15557974128
15557974152
15557974182
15557974229
15557974367
15557974372
15557974389
15557974582
15557974613
15557974976
15557976259
15557976443
15557977642
15557978471
15557978752
15557980289
15557980544
15557980704
15557980763
15557980874
15557981097
15557981264
15557981504
15557981974
15557982246
15557982374
15557982419
15557982540
15557982565
15557983163
15557983502
15557983524
15557983594
15557983774
15557983776
15557983794
15557983864
15557983954
15557983974
15557984034
15557984104
15557984112
15557984274
15557984275
15557984351
15557984674
15557984684
15557984702
15557984704
15557984749
15557984813
15557985707
15557990204
15557990364
15557990394
15557990464
15557990614
15557990674
15557990764
15557990774
15557990874
15557990924
15557991034
15557991114
15557991343
15557991445
15557991541
15557991546
15557991634
15557991714
15557992014
15557992354
15557992464
15557992564
15557992584
15557992601
15557992704
15557992775
15557992847
15557992934
15557992942
15557993047
15557993064
15557993418
15557993504
15557993542
15557993694
15557994064
15557994147
15557994364
15557994507
15557994524
15557994540
15557994543
15557994574
15557994614
15557994638
15557994687
15557994714
15557994717
15557994743
15557994803
15557994804
15558670134
15558670154
15558670241
15558670294
15558670364
15558670434
15558670439
15558670484
15558670534
15558670594
15558670643
15558670654
15558670674
15558670834
15558670864
15558670924
15558671044
15558671094
15558671140
15558671174
15558671243
15558671384
15558671394
15558671404
15558671412
15558671416
15558671449
15558671493
15558671504
15558671534
15558671545
15558671724
15558671824
15558671854
15558671864
15558671894
15558671924
15558671934
15558671944
15558671954
15558671974
15558672045
15558672094
15558672174
15558672194
15558672374
15558672462
15558672524
15558672574
15558672584
15558672604
15558672684
15558672714
15558672741
15558672744
15558672754
15558672847
15558672904
15558673024
15558673046
15558673074
15558673144
15558673204
15558673348
15558673461
15558673469
15558673479
15558673534
15558673594
15558673624
15558673644
15558673764
15558673804
15558673814
15558673849
15558673924
15558673974
15558674054
15558674124
15558674148
15558674164
15558674192
15558674224
15558674268
15558674284
15558674314
15558674338
15558674341
15558674373
15558674374
15558674415
15558674428
15558674430
15558674437
15558674465
15558674501
15558674505
15558674541
15558674624
15558674649
15558674704
15558674714
15558674754
15558674801
15558674814
15558674834
15558674844
15558674854
15558674924
15558674942
15558674982
15558675044
15558675054
15558675104
15558675124
15558675324
15558675354
15558675364
15558675374
15558675414
15558675426
15558675462
15558675504
15558675534
15558675614
15558675640
15558675643
15558675647
15558675674
15558675746
15558675824
15558675841
15558675864
15558675874
15558675914
15558675941
15558675947
15558676034
15558676054
15558676074
15558676084
15558676174
15558676204
15558676294
15558676334
15558676342
15558676344
15558676347
15558676416
15558676475
15558676504
15558676524
15558676634
15558676724
15558676854
15558676874
15558676934
15558677064
15558677104
15558677148
15558677164
15558677204
15558677284
15558677304
15558677403
15558677414
15558677463
15558677514
15558677814
15558677844
15558677964
15558677984
15558678034
15558678049
15558678340
15558678348
15558678406
15558678408
15558678417
15558678421
15558678423
15558678442
15558678460
15558678494
15558678497
15558678524
15558678541
15558678714
15558678764
15558678974
15558679004
15558679048
15558679147
15558679244
15558679249
15558679344
15558679404
15558679409
15558679413
15558679417
15558679421
15558679424
15558679426
15558679427
15558679435
15558679438
15558679460
15558679470
15558679475
15558679478
15558679481
15558679489
15558679641
15558679743
15558679746
15558679842
15558679845
15558679874
15558679954
15558680457
15558680741
15558680745
15558680746
15558680934
15558680940
15558680973
15558681047
15558681073
15558681406
15558681410
15558681435
15558681482
15558681493
15558681594
15558681774
15558681784
15558681824
15558681942
15558681964
15558682147
15558682367
15558682410
15558682431
15558682454
15558682460
15558682464
15558682470
15558682479
15558682504
15558682534
15558682724
15558682814
15558682844
15558682994
15558683046
15558683064
15558683174
15558683490
15558683584
15558683654
15558683843
15558684037
15558684051
15558684060
15558684075
15558684097
15558684120
15558684161
15558684174
15558684206
15558684230
15558684264
15558684331
15558684392
15558684524
15558684604
15558684660
15558684749
15558684764
15558684908
15558684927
15558684945
15558685042
15558685340
15558685407
15558685431
15558685491
15558685944
15558686704
15558687042
15558687043
15558687046
15558687174
15558687184
15558687254
15558687284
15558687402
15558687481
15558687641
15558687694
15558687841
15558688294
15558688344
15558688439
15558688453
15558688594
15558688934
15558689042
15558689045
15558689184
15558689274
15558689342
15558689347
15558689354
15558689375
15558689410
15558689510
15558689549
15558689571
15558689637
15558689740
15558689821
15558690024
15558690104
15558690149
15558690243
15558690245
15558690342
15558690435
15558690437
15558690438
15558690439
15558690440
15558690446
15558690450
15558690457
15558690465
15558690476
15558690479
15558690483
15558690487
15558690495
15558690496
15558690646
15558690724
15558690745
15558690747
15558690749
15558690754
15558690846
15558690847
15558690945
15558690974
15558691043
15558691048
15558691174
15558691247
15558691349
15558691401
15558691407
15558691410
15558691416
15558691421
15558691423
15558691431
15558691432
15558691436
15558691437
15558691438
15558691439
15558691453
15558691459
15558691462
15558691463
15558691467
15558691479
15558691482
15558691491
15558691493
15558691497
15558691534
15558691544
15558691554
15558691649
15558691684
15558691745
15558691824
15558691904
15558691945
15558692045
15558692046
15558692047
15558692094
15558692142
15558692240
15558692406
15558692409
15558692423
15558692428
15558692439
15558692441
15558692452
15558692459
15558692461
15558692471
15558692473
15558692474
15558692475
15558692478
15558692481
15558692482
15558692489
15558692494
15558692495
15558692497
15558692542
15558692594
15558692614
15558692674
15558692724
15558692764
15558692842
15558692864
15558692894
15558692940
15558692964
15558693054
15558693064
15558693104
15558693145
15558693154
15558693194
15558693247
15558693406
15558693407
15558693412
15558693413
15558693417
15558693431
15558693432
15558693441
15558693443
15558693452
15558693457
15558693460
15558693462
15558693463
15558693487
15558693541
15558693542
15558693547
15558693564
15558693584
15558693614
15558693641
15558693648
15558693734
15558693742
15558693794
15558693841
15558693854
15558693884
15558693914
15558693943
15558693954
15558693974
15558694004
15558694005
15558694016
15558694021
15558694025
15558694027
15558694032
15558694035
15558694036
15558694037
15558694041
15558694051
15558694052
15558694058
15558694059
15558694060
15558694061
15558694064
15558694067
15558694069
15558694074
15558694086
15558694091
15558694098
15558694103
15558694107
15558694109
15558694113
15558694127
15558694136
15558694138
15558694149
15558694153
15558694156
15558694157
15558694159
15558694160
15558694162
15558694165
15558694170
15558694172
15558694176
15558694181
15558694187
15558694190
15558694191
15558694192
15558694198
15558694202
15558694204
15558694205
15558694209
15558694214
15558694217
15558694236
15558694237
15558694238
15558694253
15558694257
15558694261
15558694267
15558694270
15558694279
15558694282
15558694291
15558694296
15558694297
15558694301
15558694302
15558694306
15558694307
15558694317
15558694318
15558694324
15558694325
15558694326
15558694329
15558694330
15558694348
15558694351
15558694359
15558694361
15558694362
15558694367
15558694380
15558694387
15558694392
15558694394
15558694409
15558694410
15558694413
15558694429
15558694432
15558694435
15558694452
15558694459
15558694463
15558694467
15558694479
15558694481
15558694483
15558694486
15558694492
15558694495
15558694501
15558694502
15558694510
15558694515
15558694517
15558694526
15558694529
15558694536
15558694539
15558694540
15558694549
15558694553
15558694560
15558694563
15558694596
15558694609
15558694615
15558694625
15558694630
15558694631
15558694632
15558694637
15558694643
15558694652
15558694671
15558694674
15558694675
15558694682
15558694685
15558694691
15558694693
15558694698
15558694701
15558694705
15558694709
15558694710
15558694719
15558694726
15558694727
15558694728
15558694732
15558694744
15558694751
15558694753
15558694754
15558694760
15558694761
15558694770
15558694772
15558694791
15558694793
15558694803
15558694827
15558694832
15558694834
15558694835
15558694851
15558694853
15558694854
15558694867
15558694873
15558694890
15558694891
15558694893
15558694901
15558694910
15558694912
15558694920
15558694927
15558694930
15558694936
15558694937
15558694952
15558694953
15558694954
15558694956
15558694957
15558694961
15558694964
15558694967
15558694971
15558694975
15558694981
15558694982
15558695024
15558695041
15558695042
15558695045
15558695047
15558695048
15558695074
15558695184
15558695241
15558695244
15558695254
15558695264
15558695294
15558695304
15558695324
15558695341
15558695346
15558695347
15558695349
15558695384
15558695404
15558695405
15558695406
15558695413
15558695423
15558695434
15558695435
15558695437
15558695439
15558695442
15558695459
15558695462
15558695467
15558695472
15558695473
15558695474
15558695476
15558695478
15558695483
15558695492
15558695541
15558695614
15558695640
15558695647
15558695674
15558695714
15558695742
15558695841
15558695874
15558695941
15558695947
15558696034
15558696040
15558696042
15558696043
15558696044
15558696046
15558696140
15558696141
15558696146
15558696154
15558696184
15558696214
15558696245
15558696247
15558696314
15558696340
15558696354
15558696401
15558696408
15558696412
15558696413
15558696423
15558696426
15558696427
15558696429
15558696450
15558696451
15558696457
15558696462
15558696463
15558696470
15558696473
15558696475
15558696479
15558696483
15558696485
15558696487
15558696489
15558696492
15558696540
15558696574
15558696643
15558696694
15558696743
15558696744
15558696745
15558696749
15558696841
15558696914
15558696924
15558696941
15558697024
15558697141
15558697146
15558697164
15558697264
15558697324
15558697340
15558697342
15558697346
15558697348
15558697364
15558697401
15558697402
15558697407
15558697409
15558697412
15558697416
15558697417
15558697419
15558697421
15558697425
15558697426
15558697427
15558697432
15558697435
15558697436
15558697439
15558697448
15558697450
15558697451
15558697453
15558697459
15558697460
15558697463
15558697469
15558697475
15558697479
15558697480
15558697482
15558697492
15558697495
15558697496
15558697514
15558697564
15558697642
15558697646
15558697649
15558697704
15558697746
15558697754
15558697934
15558697964
15558698174
15558698204
15558698242
15558698246
15558698349
15558698354
15558698364
15558698374
15558698404
15558698405
15558698407
15558698408
15558698409
15558698413
15558698414
15558698416
15558698417
15558698419
15558698434
15558698437
15558698438
15558698454
15558698461
15558698467
15558698469
15558698476
15558698479
15558698486
15558698490
15558698492
15558698496
15558698524
15558698540
15558698547
15558698641
15558698764
15558698934
15558699014
15558699044
15558699047
15558699054
15558699094
15558699143
15558699145
15558699174
15558699324
15558699374
15558699401
15558699405
15558699407
15558699409
15558699410
15558699412
15558699417
15558699419
15558699421
15558699424
15558699440
15558699462
15558699475
15558699476
15558699482
15558699491
15558699542
15558699634
15558699674
15558699704
15558699714
15558699740
15558699745
15606790361
15606792951
15606793726
15606797535
15606891964
15657900324
15657900341
15657900446
15657900454
15657900471
15657900754
15657901402
15657901406
15657901409
15657901427
15657901495
15657901503
15657901584
15657901747
15657901804
15657901953
15657902054
15657902405
15657902462
15657902481
15657902573
15657902654
15657902764
15657902864
15657902924
15657902947
15657902974
15657903063
15657903084
15657903290
15657903405
15657903410
15657903417
15657903438
15657903491
15657903494
15657903745
15657903940
15657903942
15657904019
15657904023
15657904097
15657904172
15657904183
15657904212
15657904236
15657904275
15657904284
15657904307
15657904341
15657904354
15657904362
15657904367
15657904376
15657904398
15657904436
15657904437
15657904452
15657904453
15657904473
15657904486
15657904504
15657904534
15657904601
15657904652
15657904664
15657904672
15657904701
15657904704
15657904706
15657904724
15657904836
15657904851
15657904865
15657904907
15657904914
15657904924
15657904934
15657904972
15657904973
15657904976
15657905184
15657905243
15657905247
15657905271
15657905274
15657905312
15657905344
15657905417
15657905421
15657905476
15657905483
15657905631
15657905634
15657905643
15657905746
15657905834
15657905861
15657905934
15657906094
15657906127
15657906144
15657906146
15657906244
15657906334
15657906426
15657906442
15657906494
15657906495
15657906497
15657906843
15657907042
15657907143
15657907294
15657907348
15657907408
15657907413
15657907437
15657907442
15657907453
15657907459
15657907462
15657907492
15657907614
15657907840
15657907844
15657907915
15657907924
15657907944
15657908042
15657908405
15657908406
15657908431
15657908442
15657908483
15657908574
15657908604
15657908674
15657908941
15657909145
15657909402
15657909405
15657909412
15657909470
15657909485
15657909547
15657909564
15657909684
15657909744
15657909849
15657910024
15657910254
15657910274
15657910332
15657910374
15657910405
15657910419
15657910884
15657910943
15657911427
15657911429
15657911493
15657911537
15657912159
15657912401
15657912673
15657913145
15657913496
15657913541
15657913594
15657913654
15657913684
15657913796
15657913804
15657913874
15657913875
15657913904
15657914069
15657914081
15657914173
15657914207
15657914220
15657914305
15657914307
15657914372
15657914382
15657914385
15657914419
15657914435
15657914436
15657914457
15657914469
15657914545
15657914630
15657914631
15657914647
15657914672
15657914704
15657914709
15657914743
15657914753
15657914767
15657914783
15657914807
15657914810
15657914813
15657914814
15657914832
15657914852
15657914857
15657914875
15657914917
15657914925
15657914929
15657914942
15657914944
15657915014
15657915124
15657915134
15657915146
15657915154
15657915264
15657915334
15657915346
15657915354
15657915410
15657915430
15657915434
15657915441
15657915457
15657915461
15657915465
15657915471
15657915497
15657915543
15657915614
15657915846
15657915941
15657916014
15657916104
15657916147
15657916224
15657916314
15657916347
15657916372
15657916401
15657916405
15657916432
15657916443
15657916481
15657916487
15657916494
15657916534
15657916574
15657916584
15657916742
15657916824
15657916844
15657916874
15657916943
15657916972
15657917142
15657917145
15657917241
15657917242
15657917304
15657917401
15657917410
15657917425
15657917452
15657917460
15657917461
15657917463
15657917496
15657917497
15657917540
15657917546
15657917547
15657917584
15657917610
15657917645
15657917841
15657917844
15657917940
15657917954
15657917964
15657918084
15657918134
15657918142
15657918204
15657918234
15657918245
15657918294
15657918343
15657918354
15657918415
15657918417
15657918452
15657918460
15657918463
15657918472
15657918504
15657918514
15657918524
15657918741
15657918745
15657918746
15657918747
15657918774
15657918849
15657918931
15657918946
15657919004
15657919046
15657919214
15657919247
15657919340
15657919346
15657919403
15657919405
15657919415
15657919427
15657919432
15657919434
15657919483
15657919554
15657919574
15657919645
15657919748
15657919754
15657919824
15657919826
15657919894
15657919905
15657919954
15657920446
15657920745
15657921390
15657922184
15657922486
15657922714
15657922745
15657922837
15657922964
15657923084
15657923134
15657923414
15657923926
15657924143
15657924225
15657924324
15657924340
15657924464
15657924465
15657924534
15657924552
15657924590
15657924696
15657925461
15657925654
15657925754
15657926174
15657926714
15657927214
15657927244
15657927482
15657927694
15657928147
15657928347
15657928824
15657928840
15657929114
15657929240
15657929413
15657929664
15657929749
15657929964
15657930254
15657930284
15657930340
15657931052
15657931401
15657931447
15657932467
15657932750
15657933264
15657933470
15657933601
15657934143
15657934306
15657934352
15657934606
15657934637
15657934642
15657934650
15657935075
15657935194
15657935247
15657935462
15657935861
15657936048
15657936749
15657937182
15657937847
15657938370
15657938664
15657940023
15657940029
15657940038
15657940039
15657940053
15657940071
15657940072
15657940087
15657940091
15657940102
15657940125
15657940135
15657940136
15657940137
15657940138
15657940139
15657940140
15657940141
15657940142
15657940143
15657940146
15657940147
15657940148
15657940149
15657940150
15657940152
15657940153
15657940154
15657940156
15657940157
15657940159
15657940161
15657940162
15657940170
15657940171
15657940172
15657940173
15657940174
15657940175
15657940178
15657940179
15657940183
15657940184
15657940186
15657940187
15657940190
15657940191
15657940192
15657940194
15657940212
15657940213
15657940214
15657940230
15657940231
15657940232
15657940235
15657940236
15657940239
15657940240
15657940241
15657940242
15657940243
15657940245
15657940250
15657940253
15657940254
15657940257
15657940259
15657940262
15657940265
15657940267
15657940268
15657940269
15657940270
15657940273
15657940275
15657940276
15657940279
15657940281
15657940283
15657940284
15657940285
15657940286
15657940289
15657940295
15657940296
15657940297
15657940301
15657940310
15657940317
15657940320
15657940321
15657940340
15657940341
15657940342
15657940347
15657940348
15657940349
15657940351
15657940354
15657940356
15657940357
15657940359
15657940360
15657940361
15657940362
15657940363
15657940367
15657940374
15657940376
15657940380
15657940381
15657940390
15657940393
15657940434
15657940438
15657940439
15657940445
15657940446
15657940451
15657940452
15657940459
15657940460
15657940461
15657940462
15657940463
15657940465
15657940468
15657940470
15657940476
15657940647
15657940802
15657940950
15657941006
15657941013
15657941032
15657941035
15657941037
15657941038
15657941050
15657941051
15657941053
15657941056
15657941057
15657941061
15657941062
15657941063
15657941065
15657941067
15657941068
15657941069
15657941071
15657941072
15657941073
15657941075
15657941076
15657941079
15657941103
15657941952
15657942085
15657942196
15657942474
15657943107
15657943357
15657943901
15657943972
15657944034
15657945572
15657945693
15657945810
15657945817
15657945824
15657945954
15657946001
15657946004
15657946013
15657946015
15657946017
15657946023
15657946024
15657946029
15657946031
15657946035
15657946037
15657946039
15657946040
15657946041
15657946042
15657946043
15657946044
15657946045
15657946052
15657946054
15657946056
15657946061
15657946062
15657946064
15657946071
15657946072
15657946073
15657946075
15657946076
15657946078
15657946082
15657946083
15657946084
15657946091
15657946093
15657946094
15657946096
15657946097
15657946101
15657946103
15657946104
15657946105
15657946106
15657946109
15657946113
15657946114
15657946119
15657946121
15657946124
15657946127
15657946135
15657946136
15657946137
15657946139
15657946141
15657946142
15657946144
15657946145
15657946147
15657946148
15657946149
15657946150
15657946151
15657946153
15657946154
15657946157
15657946159
15657946160
15657946163
15657946164
15657946169
15657946170
15657946171
15657946172
15657946173
15657946174
15657946175
15657946176
15657946180
15657946181
15657946182
15657946183
15657946187
15657946191
15657946196
15657946201
15657946205
15657946206
15657946209
15657946213
15657946215
15657946216
15657946217
15657946218
15657946221
15657946224
15657946229
15657946230
15657946231
15657946232
15657946235
15657946236
15657946240
15657946241
15657946242
15657946244
15657946245
15657946246
15657946248
15657946249
15657946250
15657946253
15657946254
15657946257
15657946263
15657946264
15657946267
15657946270
15657946272
15657946273
15657946274
15657946275
15657946276
15657946279
15657946281
15657946283
15657946284
15657946285
15657946286
15657946287
15657946289
15657946290
15657946292
15657946293
15657946294
15657946303
15657946305
15657946306
15657946307
15657946310
15657946312
15657946313
15657946315
15657946317
15657946319
15657946323
15657946324
15657946325
15657946327
15657946329
15657946332
15657946334
15657946335
15657946340
15657946341
15657946342
15657946344
15657946345
15657946346
15657946347
15657946348
15657946349
15657946350
15657946351
15657946352
15657946353
15657946356
15657946357
15657946359
15657946360
15657946361
15657946362
15657946364
15657946365
15657946367
15657946369
15657946370
15657946371
15657946372
15657946379
15657946384
15657946385
15657946387
15657946391
15657946398
15657946401
15657946402
15657946403
15657946404
15657946407
15657946408
15657946409
15657946410
15657946412
15657946413
15657946416
15657946417
15657946418
15657946421
15657946423
15657946425
15657946426
15657946431
15657946432
15657946434
15657946435
15657946436
15657946437
15657946438
15657946440
15657946441
15657946442
15657946443
15657946446
15657946447
15657946450
15657946451
15657946452
15657946459
15657946461
15657946467
15657946470
15657946471
15657946472
15657946474
15657946476
15657946479
15657946480
15657946482
15657946484
15657946485
15657946486
15657946487
15657946490
15657946493
15657946494
15657946495
15657946498
15657946501
15657946502
15657946503
15657946505
15657946507
15657946508
15657946513
15657946515
15657946517
15657946524
15657946526
15657946531
15657946532
15657946534
15657946535
15657946536
15657946537
15657946544
15657946546
15657946547
15657946549
15657946550
15657946553
15657946554
15657946561
15657946564
15657946573
15657946574
15657946576
15657946579
15657946581
15657946583
15657946589
15657946592
15657946593
15657946595
15657946598
15657946601
15657946613
15657946617
15657946623
15657946625
15657946627
15657946637
15657946638
15657946640
15657946643
15657946645
15657946652
15657946679
15657946682
15657946687
15657946691
15657946692
15657946697
15657946706
15657946713
15657946715
15657946716
15657946719
15657946720
15657946721
15657946723
15657946725
15657946726
15657946727
15657946729
15657946730
15657946732
15657946734
15657946735
15657946737
15657946739
15657946742
15657946743
15657946744
15657946747
15657946748
15657946749
15657946750
15657946751
15657946754
15657946757
15657946759
15657946760
15657946764
15657946770
15657946771
15657946773
15657946774
15657946781
15657946785
15657946792
15657946793
15657946794
15657946795
15657946801
15657946802
15657946803
15657946804
15657946807
15657946810
15657946812
15657946814
15657946815
15657946821
15657946827
15657946831
15657946832
15657946835
15657946840
15657946841
15657946842
15657946843
15657946844
15657946845
15657946846
15657946847
15657946849
15657946850
15657946852
15657946853
15657946854
15657946861
15657946863
15657946865
15657946867
15657946870
15657946871
15657946872
15657946873
15657946874
15657946875
15657946876
15657946879
15657946891
15657946892
15657946901
15657946902
15657946903
15657946907
15657946909
15657946910
15657946912
15657946913
15657946914
15657946915
15657946916
15657946917
15657946920
15657946923
15657946924
15657946925
15657946927
15657946928
15657946931
15657946932
15657946936
15657946940
15657946942
15657946944
15657946945
15657946946
15657946949
15657946950
15657946951
15657946954
15657946956
15657946960
15657946961
15657946964
15657946970
15657946971
15657946972
15657946974
15657946975
15657946976
15657946979
15657946981
15657946983
15657946984
15657946997
15657947001
15657947016
15657947017
15657947018
15657947023
15657947024
15657947025
15657947027
15657947028
15657947030
15657947032
15657947035
15657947036
15657947037
15657947038
15657947045
15657947046
15657947047
15657947048
15657947049
15657947051
15657947052
15657947053
15657947054
15657947059
15657947060
15657947062
15657947063
15657947064
15657947067
15657947072
15657947074
15657947078
15657947079
15657947081
15657947083
15657947084
15657947087
15657947091
15657947092
15657947093
15657947094
15657947095
15657947097
15657947101
15657947104
15657947105
15657947106
15657947107
15657947109
15657947113
15657947119
15657947120
15657947125
15657947129
15657947130
15657947136
15657947137
15657947141
15657947142
15657947143
15657947144
15657947145
15657947146
15657947148
15657947149
15657947152
15657947153
15657947154
15657947156
15657947157
15657947162
15657947163
15657947172
15657947174
15657947178
15657947179
15657947182
15657947183
15657947185
15657947193
15657947195
15657947197
15657947198
15657947201
15657947202
15657947207
15657947209
15657947210
15657947217
15657947220
15657947221
15657947223
15657947224
15657947229
15657947232
15657947236
15657947237
15657947240
15657947242
15657947243
15657947244
15657947246
15657947249
15657947257
15657947259
15657947260
15657947261
15657947263
15657947267
15657947269
15657947270
15657947271
15657947274
15657947275
15657947279
15657947280
15657947281
15657947282
15657947283
15657947284
15657947286
15657947287
15657947289
15657947291
15657947293
15657947294
15657947297
15657947302
15657947304
15657947307
15657947312
15657947314
15657947316
15657947317
15657947320
15657947323
15657947324
15657947325
15657947328
15657947329
15657947332
15657947335
15657947339
15657947340
15657947341
15657947343
15657947346
15657947347
15657947348
15657947351
15657947352
15657947354
15657947357
15657947359
15657947360
15657947361
15657947362
15657947363
15657947364
15657947365
15657947367
15657947371
15657947374
15657947375
15657947376
15657947378
15657947380
15657947382
15657947383
15657947384
15657947385
15657947389
15657947391
15657947392
15657947394
15657947395
15657947396
15657947397
15657947401
15657947403
15657947404
15657947405
15657947408
15657947409
15657947412
15657947414
15657947415
15657947417
15657947420
15657947421
15657947423
15657947424
15657947428
15657947429
15657947430
15657947432
15657947435
15657947438
15657947439
15657947440
15657947441
15657947445
15657947446
15657947447
15657947450
15657947451
15657947452
15657947453
15657947454
15657947457
15657947458
15657947459
15657947460
15657947462
15657947463
15657947464
15657947465
15657947468
15657947474
15657947475
15657947479
15657947481
15657947483
15657947484
15657947486
15657947487
15657947490
15657947492
15657947493
15657947494
15657947495
15657947496
15657947497
15657947503
15657947504
15657947505
15657947506
15657947507
15657947509
15657947510
15657947512
15657947514
15657947523
15657947524
15657947525
15657947526
15657947527
15657947529
15657947532
15657947534
15657947536
15657947539
15657947540
15657947542
15657947543
15657947544
15657947545
15657947546
15657947547
15657947548
15657947552
15657947554
15657947562
15657947565
15657947569
15657947572
15657947573
15657947574
15657947583
15657947593
15657947594
15657947595
15657947597
15657947601
15657947603
15657947604
15657947605
15657947606
15657947607
15657947608
15657947609
15657947612
15657947613
15657947617
15657947623
15657947624
15657947625
15657947627
15657947629
15657947632
15657947634
15657947635
15657947636
15657947637
15657947640
15657947642
15657947643
15657947644
15657947645
15657947646
15657947647
15657947649
15657947651
15657947652
15657947653
15657947656
15657947659
15657947661
15657947662
15657947664
15657947671
15657947672
15657947673
15657947674
15657947679
15657947680
15657947682
15657947683
15657947684
15657947685
15657947690
15657947693
15657947695
15657947696
15657947703
15657947704
15657947705
15657947712
15657947724
15657947729
15657947730
15657947735
15657947740
15657947741
15657947742
15657947745
15657947746
15657947748
15657947751
15657947753
15657947754
15657947757
15657947761
15657947762
15657947764
15657947765
15657947785
15657947786
15657947792
15657947801
15657947802
15657947803
15657947804
15657947806
15657947807
15657947809
15657947810
15657947813
15657947814
15657947815
15657947817
15657947820
15657947821
15657947823
15657947824
15657947826
15657947831
15657947834
15657947835
15657947837
15657947840
15657947841
15657947843
15657947844
15657947845
15657947846
15657947848
15657947849
15657947854
15657947860
15657947862
15657947863
15657947864
15657947865
15657947869
15657947872
15657947873
15657947891
15657947893
15657947894
15657947896
15657947901
15657947902
15657947903
15657947905
15657947907
15657947909
15657947910
15657947912
15657947913
15657947916
15657947921
15657947923
15657947924
15657947925
15657947927
15657947930
15657947931
15657947932
15657947934
15657947935
15657947939
15657947940
15657947941
15657947942
15657947943
15657947944
15657947945
15657947946
15657947947
15657947949
15657947951
15657947952
15657947953
15657947954
15657947961
15657947962
15657947963
15657947965
15657947972
15657948175
15657948193
15657948386
15657948544
15657949083
15657949773
15657949774
15657949781
15657949782
15657949783
15657949784
15657949785
15657949786
15657949787
15657949801
15657949802
15657949803
15657949804
15657949807
15657949810
15657949913
15657949917
15657949923
15657949924
15657949930
15657949932
15657949934
15657949935
15657949941
15657949971
15657949973
15657949976
15657949978
15657949979
15657949983
15657949985
15657951423
15657952408
15657953497
15657955460
15657955848
15657955947
15657957364
15657958484
15657958547
15657960414
15657960472
15657960492
15657960494
15657960548
15657960634
15657960704
15657960741
15657960742
15657960784
15657960871
15657960873
15657961054
15657961094
15657961154
15657961245
15657961325
15657961409
15657961421
15657961460
15657961472
15657961484
15657961494
15657961573
15657961634
15657961640
15657961649
15657961734
15657961784
15657961948
15657962073
15657962397
15657962541
15657962684
15657962747
15657962814
15657962840
15657962895
15657962941
15657962943
15657962972
15657962974
15657963224
15657963270
15657963347
15657963405
15657963442
15657963457
15657963465
15657963469
15657963485
15657963493
15657963562
15657963664
15657963725
15657963751
15657963754
15657963774
15657963824
15657963834
15657963854
15657963902
15657964070
15657964083
15657964097
15657964112
15657964137
15657964163
15657964229
15657964257
15657964275
15657964550
15657965074
15657965134
15657965143
15657965305
15657965406
15657965423
15657965531
15657965824
15657965843
15657965945
15657965964
15657966051
15657966284
15657966342
15657966409
15657966443
15657966704
15657966740
15657966842
15657967047
15657967125
15657967152
15657967235
15657967243
15657967247
15657967415
15657967427
15657967481
15657967540
15657967647
15657967934
15657968137
15657980095
15657981309
15657981949
15657982315
15657982396
15657982753
15657985135
15657989351
15657990372
15657990623
15657991823
15657992139
15657992767
15657996013
15657997265
15658901316
15658901802
15658902101
15658903173
15658905297
15658907150
15658907153
15658909237
15658913752
15658917063
15658917517
15669503062
15669504791
15669505944
15669507941
15669509435
15669509446
15669511418
15669511487
15669511571
15669511927
15669512443
15669512458
15669513744
15669513844
15669514210
15669514223
15669514262
15669514295
15669514392
15669514435
15669514473
15669514742
15669514907
15669514982
15669515703
15669516920
15669517498
15669517739
15669518617
15669518659
15669521804
15669522419
15669525405
15669528673
15669528942
15669531326
15669532691
15669533719
15669536703
15669537107
15669560344
15669560435
15669560438
15669560794
15669561244
15669561724
15669562214
15669562324
15669562474
15669562754
15669563064
15669564054
15669564381
15669564496
15669564531
15669564605
15669564617
15669564679
15669564697
15669564701
15669564735
15669564805
15669564840
15669564870
15669564871
15669564901
15669564920
15669564941
15669564971
15669564975
15669565374
15669565402
15669565417
15669565471
15669566342
15669567404
15669567439
15669567445
15669567524
15669567814
15669567834
15669568145
15669568241
15669568417
15669568425
15669568957
15669569043
15669569144
15669569744
15669569834
15669571415
15669571474
15669573450
15669573743
15669573874
15669574043
15669574152
15669574164
15669574179
15669574364
15669574381
15669574479
15669574894
15669575054
15669575604
15669575874
15669575954
15669576214
15669576247
15669576414
15669578544
15669580494
15669582034
15669584287
15669584974
15669586474
15669587414
15669587418
15669587432
15669589454
15669589541
15669589754
15669589834
15669591044
15669594103
15669594147
15669601193
15669603075
15669604185
15669608153
16827556253
17681900742
17681901624
17681901749
17681902495
17681903084
17681903421
17681904093
17681904603
17681904683
17681904714
17681904823
17681904974
17681905349
17681905451
17681905564
17681905984
17681906043
17681906242
17681906547
17681906984
17681907445
17681907451
17681908394
17681908954
17681909429
17681911064
17681911346
17681911464
17681911483
17681911554
17681911634
17681911847
17681911864
17681912041
17681912246
17681912427
17681912461
17681912564
17681912574
17681912740
17681912744
17681912843
17681912864
17681912974
17681913024
17681913194
17681913249
17681913416
17681913461
17681913704
17681913784
17681913804
17681913942
17681930240
17681930254
17681930435
17681930439
17681930484
17681930645
17681930742
17681930847
17681930854
17681930949
17681930964
17681931384
17681931409
17681931424
17681931469
17681931472
17681931641
17681931874
17681932144
17681932364
17681932394
17681932440
17681933245
17681933271
17681933421
17681933441
17681933472
17681933694
17681933844
17681933904
17681934043
17681934045
17681934060
17681934107
17681934167
17681934195
17681934214
17681934290
17681934317
17681934326
17681934357
17681934374
17681934376
17681934381
17681934392
17681934406
17681934428
17681934517
17681934573
17681934615
17681934635
17681934754
17681934801
17681934823
17681934837
17681934864
17681934921
17681934957
17681935064
17681935442
17681935845
17681935914
17681935944
17681936142
17681936214
17681936249
17681936404
17681936434
17681936449
17681936544
17681937024
17681937354
17681937429
17681938094
17681938154
17681938462
17681938495
17681938704
17681938744
17681938745
17681938746
17681939435
17681939445
17681939453
17681939524
17681939546
17681939645
17681939804
17681941764
17681942473
17681942605
17681943695
17681944794
17681944984
17681945305
17681945412
17681945626
17681946224
17681947247
17681948034
17681948416
17681948746
17681949109
17681949404
17681949437
17682420294
17682420545
17682420597
17682420634
17682420734
17682420745
17682420749
17682421034
17682421252
17682421372
17682421429
17682421621
17682421643
17682421923
17682422534
17682422659
17682422724
17682422741
17682422894
17682422895
17682423107
17682423463
17682423492
17682423543
17682423648
18557900734
18557901401
18557901467
18557901474
18557901491
18557901494
18557901584
18557901784
18557901840
18557901984
18557902154
18557902474
18557902642
18557902749
18557903452
18557903647
18557903944
18557904071
18557904081
18557904171
18557904207
18557904217
18557904297
18557904487
18557904539
18557904551
18557904573
18557904584
18557904654
18557904752
18557904851
18557905402
18557905449
18557905467
18557906041
18557906443
18557906469
18557906741
18557907164
18557907341
18557908004
18557908374
18557908403
18557908418
18557908944
18557909427
18557909464
18558420062
18558420094
18558420130
18558420231
18558420421
18558420502
18558420794
18558421047
18558421274
18558421379
18558421451
18558421590
18558421634
18558421730
18558421753
18558421772
18558421973
18558422090
18558422114
18558422154
18558422317
18558422459
18558422503
18558422540
18558422665
18558422709
18558422803
18558422804
18558422907
18558423006
18558423087
18558423263
18558423289
18558423534
18558423703
18558423744
18558423745
18558423927
18558423945
18558423954
18558424015
18558424236
18558424453
18558424458
18558424464
18558424564
18558424592
18558424620
18558424632
18558424679
18558424685
18558425004
18558425034
18558425159
18558425387
18558425486
18558425492
18558425497
18558425904
18558425923
18558425934
18558425991
18558426194
18558426340
18558426419
18558426420
18558426708
18558426953
18558427144
18558427250
18558427363
18558427460
18558427620
18558427652
18558427684
18558427712
18558427869
18558427961
18558427971
18558428235
18558428304
18558428309
18558428315
18558428704
18558428763
18558428914
18558428917
18558429041
18558429072
18558429157
18558429240
18558429250
18558429264
18558429503
18558429671
18558429744
18590390144
18590390483
18590390764
18590391094
18590391714
18590391842
18590392149
18590392416
18590392443
18590392647
18590393034
18590393364
18590393407
18590393453
18590393481
18590394085
18590394291
18590394324
18590394421
18590394507
18590394640
18590394653
18590394715
18590394751
18590394937
18590394965
18590395417
18590397941
18590398145
18590398264
18590398402
18590398464
18590398524
18590398604
18590399384
18590399634
18590399774
18606561491
18606570734
18606570867
18606571539
18606573075
18606573512
18606573917
18606575532
18606575780
18606577063
18606577102
18657906915
18657916172
18657930482
18657932091
18657932635
18657933671
18657935912
18657936962
18657937631
18657938510
18657939397
18657947125
18657964258
18657983085
18657983275
18657998952
18658905105
18658910236
18658921591
18658922195
18658925391
18658925971
18658929352
