13017802673
13017815963
13017823571
13017829376
13017830165
13017830650
13017835719
13017835739
13017835781
13017835820
13017836913
13017837062
13017837803
13017838027
13017838932
13017838957
13017839501
13017839720
13017850639
13017856307
13017856393
13017857061
13017857362
13017857612
13017858621
13017865237
13017867351
13017877035
13017893705
13020902736
13020906327
13020910536
13020910563
13020910835
13020910953
13020913670
13020913761
13020913851
13020913926
13020915573
13020915730
13020915823
13020916037
13020916293
13020916362
13020916367
13020917312
13020917361
13020918193
13020918963
13020931362
13020935971
13025001692
13025002957
13025010362
13025012763
13025012785
13025012975
13025016327
13025017625
13025018397
13025019067
13025027301
13025030561
13025030597
13025031061
13025031532
13025031692
13025032653
13025032815
13025033029
13025035612
13025035932
13025037019
13025037036
13025037267
13025039102
13025039610
13025039627
13025039823
13025051093
13025051392
13025051903
13025052730
13025053583
13025053715
13025053863
13025053893
13025053906
13025055359
13025056310
13025056357
13025057136
13025057365
13025057376
13025057397
13025058361
13025058363
13025059317
13025059361
13025059753
13025065725
13025065903
13025066703
13025070671
13025071523
13025071572
13025071930
13025072039
13025072153
13025072325
13025072563
13025072839
13025072903
13025073295
13025073571
13025073617
13025073831
13025073872
13025073879
13025073926
13025075131
13025075903
13025078271
13025078312
13025079702
13025083759
13025086592
13025092050
13025093097
13025093752
13025095105
13025096537
13025099302
13025099763
13029689367
13029690153
13029698107
13033628751
13033631082
13033631365
13033631729
13033632913
13033637031
13033639651
13057805382
13057806397
13057813523
13057820137
13057823501
13057829031
13057829136
13057837163
13057851793
13057856239
13057890395
13057896593
13057901563
13057902506
13057903265
13057920531
13057920691
13057921893
13057923673
13057923675
13057926325
13057926813
13057927213
13057928253
13057931065
13057931291
13057931863
13057935121
13057937215
13057937506
13057938207
13057938251
13057938593
13057939501
13057950385
13057952107
13057952962
13057953682
13057953780
13057953781
13057953897
13057953961
13057959265
13057982361
13057982703
13057983072
13057983301
13075701371
13075702317
13075703195
13075706903
13075709693
13075709723
13075710863
13075713570
13075728302
13075730563
13075731672
13075732951
13075735192
13075736517
13075737052
13075737681
13075739235
13075763153
13075783507
13075785973
13075786032
13075786923
13075792391
13083937821
13091926093
13091930593
13091932263
13091936153
13091936305
13091938175
13091968253
13106102059
13106103275
13106108175
13106118203
13106120259
13106121095
13106123591
13106123593
13106123632
13106123893
13106123972
13106126312
13106126563
13106127205
13106127562
13106127812
13106129353
13106129892
13106130250
13106130275
13106130287
13106130697
13106131579
13106131762
13106131857
13106132693
13106132971
13106133506
13106135165
13106135792
13106136261
13106136591
13106137173
13106137967
13106138291
13106139072
13106139151
13106139767
13106150162
13106151792
13106152132
13106152537
13106152703
13106152715
13106152783
13106153265
13106153579
13106153707
13106153716
13106153902
13106155317
13106156270
13106156571
13106157096
13106157835
13106157957
13106158093
13106158205
13106158379
13106158391
13106158563
13106158695
13106159571
13106162952
13106167513
13106167912
13106168357
13106169762
13106171259
13106171593
13106172183
13106172635
13106173035
13106173109
13106173527
13106173603
13106173612
13106173925
13106175367
13106175872
13106175937
13106176923
13106182893
13106183157
13106189073
13106189307
13106190573
13106191753
13106192316
13106192913
13106192920
13106193170
13106195720
13106195932
13106196173
13106196253
13106196376
13106196903
13106197513
13106198063
13106198190
13115810239
13115810271
13115810351
13115815197
13115815372
13115815390
13115816553
13115819712
13115821951
13115821961
13115823972
13115825376
13115826759
13115827125
13115827162
13115827182
13115827690
13115830235
13115830256
13115831273
13115831721
13115831725
13115831852
13115832093
13115832191
13115832596
13115832651
13115832756
13115832819
13115832860
13115832932
13115833257
13115835027
13115835063
13115835107
13115835197
13115835237
13115835297
13115835675
13115835926
13115836053
13115836187
13115836705
13115837057
13115837067
13115837231
13115837250
13115837392
13115837632
13115837950
13115838192
13115838723
13115838792
13115839165
13115839367
13115839371
13115839620
13115839675
13115850691
13115851952
13115856502
13115857235
13115857932
13115859712
13115860273
13115860732
13115860983
13115861802
13115862507
13115862531
13115862937
13115863613
13115863850
13115865296
13115867793
13115869031
13115869259
13115869273
13115871937
13115892652
13115893671
13115896751
13115897831
13123970239
13123970351
13123970387
13123970395
13123970531
13123970592
13123970637
13123970783
13123970935
13123970951
13123971039
13123971053
13123971067
13123971081
13123971085
13123971087
13123971097
13123971175
13123971191
13123971295
13123971351
13123971502
13123971561
13123971593
13123971605
13123971653
13123971750
13123971752
13123971795
13123971803
13123971835
13123971902
13123971905
13123971930
13123972167
13123972181
13123972259
13123972329
13123972725
13123972760
13123972761
13123972813
13123973150
13123973187
13123973193
13123973215
13123973513
13123973523
13123973532
13123973570
13123973627
13123973682
13123973692
13123973695
13123973701
13123973709
13123973716
13123973723
13123973752
13123973759
13123973762
13123973795
13123973815
13123973829
13123973872
13123973875
13123973912
13123973927
13123973952
13123973953
13123973967
13123975013
13123975072
13123975091
13123975120
13123975129
13123975173
13123975183
13123975293
13123975307
13123975320
13123975323
13123975373
13123975395
13123975537
13123975629
13123975681
13123975715
13123975805
13123975916
13123975927
13123975970
13123976019
13123976052
13123976153
13123976253
13123976261
13123976270
13123976271
13123976291
13123976307
13123976359
13123976507
13123976523
13123976526
13123976571
13123976573
13123976581
13123976652
13123976695
13123976715
13123976870
13123976901
13123976903
13123976961
13123977105
13123977562
13123977582
13123977593
13123977913
13123978139
13123978190
13123978209
13123978516
13123978530
13123978573
13123978632
13123978937
13123978951
13123979073
13123979236
13123979276
13123980152
13123980291
13123980572
13123980652
13123980757
13123980792
13123980853
13123980916
13123980953
13123981051
13123981057
13123981065
13123981257
13123981275
13123981276
13123981295
13123981297
13123981352
13123981365
13123981531
13123981591
13123981639
13123981702
13123981731
13123981927
13123982095
13123982105
13123982176
13123982185
13123982319
13123982517
13123982569
13123982573
13123982630
13123982659
13123982702
13123982710
13123982803
13123982851
13123982910
13123982915
13123982920
13123982921
13123983170
13123983183
13123983579
13123983591
13123983723
13123983751
13123983792
13123983795
13123983827
13123983852
13123983891
13123983971
13123985023
13123985079
13123985107
13123985109
13123985157
13123985196
13123985260
13123985263
13123985283
13123985291
13123985317
13123985329
13123985360
13123985371
13123985652
13123985672
13123985692
13123985706
13123985710
13123985715
13123985761
13123985782
13123985792
13123986106
13123986219
13123986530
13123986536
13123986571
13123986592
13123986719
13123986837
13123987029
13123987095
13123987127
13123987310
13123988593
13123988795
13123989270
13123989513
13123989572
13123989761
13123991672
13123993702
13123993763
13123995712
13123996937
13123997152
13157706853
13157709673
13157713281
13157713870
13157716396
13157717237
13157719537
13157730162
13157730169
13157730193
13157730197
13157730261
13157730281
13157730285
13157730287
13157730395
13157730561
13157730596
13157730671
13157730695
13157730756
13157730769
13157730795
13157730862
13157730952
13157730953
13157731052
13157731059
13157731067
13157731069
13157731076
13157731091
13157731092
13157731257
13157731259
13157731282
13157731285
13157731290
13157731295
13157731306
13157731513
13157731525
13157731570
13157731572
13157731579
13157731601
13157731602
13157731635
13157731659
13157731679
13157731690
13157731692
13157731697
13157731731
13157731750
13157731751
13157731796
13157731826
13157731827
13157731859
13157731870
13157731896
13157731906
13157731923
13157731926
13157731953
13157731956
13157731982
13157732167
13157732171
13157732173
13157732302
13157732306
13157732519
13157732531
13157732539
13157732565
13157732570
13157732571
13157732590
13157732591
13157732612
13157732617
13157732636
13157732659
13157732695
13157732697
13157732701
13157732709
13157732735
13157732761
13157732762
13157732780
13157732782
13157732783
13157732796
13157732810
13157732851
13157732865
13157732896
13157732907
13157732919
13157732957
13157732960
13157732981
13157732982
13157733297
13157735021
13157735027
13157735059
13157735061
13157735091
13157735096
13157735167
13157735179
13157735229
13157735281
13157735293
13157735295
13157735296
13157735380
13157735629
13157735691
13157735692
13157735719
13157735720
13157735729
13157735782
13157735785
13157735807
13157735821
13157735830
13157735832
13157735837
13157735862
13157735915
13157735931
13157735957
13157735962
13157735963
13157736021
13157736031
13157736032
13157736062
13157736076
13157736109
13157736129
13157736152
13157736162
13157736170
13157736176
13157736192
13157736197
13157736209
13157736395
13157736505
13157736506
13157736519
13157736560
13157736719
13157736721
13157736725
13157736732
13157736753
13157736790
13157736802
13157736810
13157736815
13157736857
13157736872
13157736875
13157736907
13157736923
13157736932
13157736951
13157736962
13157737037
13157737106
13157737162
13157737169
13157737182
13157737203
13157737206
13157737281
13157737290
13157737352
13157737380
13157737501
13157737502
13157737582
13157737597
13157737621
13157737695
13157737820
13157737836
13157737902
13157737910
13157737912
13157737923
13157737925
13157737951
13157737952
13157737953
13157738019
13157738021
13157738025
13157738051
13157738067
13157738092
13157738109
13157738152
13157738193
13157738205
13157738215
13157738239
13157738251
13157738260
13157738261
13157738263
13157738275
13157738292
13157738296
13157738297
13157738313
13157738329
13157738536
13157738570
13157738576
13157738592
13157738593
13157738621
13157738691
13157738712
13157738719
13157738757
13157738759
13157738762
13157738905
13157738907
13157738956
13157738961
13157738962
13157738970
13157739021
13157739023
13157739075
13157739081
13157739092
13157739095
13157739107
13157739120
13157739170
13157739176
13157739201
13157739209
13157739259
13157739267
13157739272
13157739287
13157739312
13157739323
13157739513
13157739531
13157739550
13157739565
13157739572
13157739582
13157739602
13157739610
13157739717
13157739720
13157739723
13157739731
13157739759
13157739810
13157739812
13157739851
13157750613
13157752873
13157753627
13157758253
13157758302
13157759113
13157759823
13157762739
13157763052
13157763107
13157763902
13157763912
13157765931
13157767863
13157768532
13157769325
13157769536
13157780573
13157780630
13157780893
13157781632
13157781793
13157782173
13157782632
13157783076
13157783192
13157783729
13157785239
13157785637
13157785931
13157786093
13157786307
13157786503
13157786973
13157789563
13157790573
13157791963
13157792613
13157792793
13157793103
13157793257
13157793262
13157793361
13157793613
13157793697
13157793875
13157793951
13157793982
13157795293
13157795963
13157796931
13157797613
13157798513
13165830162
13165830213
13165830393
13165830691
13165830937
13165830951
13165831037
13165832071
13165832319
13165832572
13165832576
13165832672
13165832701
13165832803
13165832923
13165832957
13165833695
13165835027
13165835032
13165835072
13165835087
13165835091
13165835092
13165835607
13165835761
13165836017
13165836062
13165836213
13165836215
13165836380
13165836716
13165836913
13165837120
13165837159
13165837512
13165837671
13165837832
13165837902
13165837905
13165837932
13165838157
13165838271
13165838920
13165838950
13165839076
13165839316
13165839387
13165839657
13165839682
13165839720
13165839721
13165839801
13165856093
13165857327
13165859176
13165859352
13165859712
13165861273
13165861703
13165863103
13165863972
13165867093
13165867325
13165867931
13165867960
13165870151
13165870152
13165870190
13165871075
13165871270
13165871705
13165871825
13165871937
13165872061
13165872092
13165872132
13165872327
13165873137
13165875231
13165875381
13165875383
13165875683
13165875932
13165876853
13165878130
13165878153
13165878593
13165879731
13165890272
13165890767
13165891279
13165891721
13165892853
13165893601
13165893723
13165893827
13165895237
13165895267
13165895732
13165896127
13165896351
13165897031
13165897315
13165898235
13173500132
13173500716
13173501053
13173501197
13173501256
13173501360
13173501367
13173501563
13173501692
13173501721
13173501792
13173501839
13173501932
13173501951
13173502013
13173502103
13173502176
13173502367
13173502397
13173502513
13173502536
13173502570
13173502582
13173502681
13173502701
13173502713
13173502735
13173502783
13173502970
13173503073
13173503167
13173503625
13173503727
13173503921
13173505103
13173505291
13173505527
13173505737
13173505817
13173505823
13173505857
13173505975
13173506125
13173506179
13173506193
13173506281
13173506313
13173506317
13173506382
13173506513
13173506695
13173506721
13173506925
13173506952
13173507329
13173507865
13173508139
13173508179
13173508195
13173508601
13173508752
13173509132
13173509163
13173509231
13173509539
13173509652
13173510235
13173510275
13173510319
13173510361
13173510573
13173511275
13173512092
13173512157
13173512579
13173512739
13173512835
13173512982
13173513236
13173513290
13173513512
13173513563
13173513703
13173515271
13173515365
13173515387
13173515701
13173515725
13173515895
13173516013
13173516050
13173516120
13173516235
13173516310
13173516392
13173516536
13173516695
13173516852
13173517037
13173517297
13173517319
13173517562
13173517961
13173518093
13173518172
13173518207
13173518637
13173518961
13173519105
13173519165
13173519206
13173519313
13173519590
13173519615
13173519715
13173519763
13173520159
13173520263
13173520373
13173520893
13173520973
13173521091
13173521605
13173521671
13173521682
13173521715
13173521721
13173521782
13173521790
13173521921
13173522137
13173522603
13173522631
13173522753
13173522852
13173522973
13173523135
13173523193
13173523290
13173523371
13173523675
13173523807
13173523903
13173523970
13173525171
13173525195
13173525895
13173525906
13173525973
13173525976
13173526037
13173526107
13173526192
13173526216
13173526231
13173526293
13173526365
13173526593
13173526750
13173526912
13173526973
13173527039
13173527139
13173527153
13173527205
13173527365
13173527679
13173527693
13173527803
13173527819
13173527912
13173527930
13173527962
13173528152
13173528237
13173528320
13173528571
13173528603
13173528903
13173528965
13173529023
13173529070
13173529075
13173529185
13173529337
13173529362
13173529613
13173529635
13173529650
13173529750
13173530132
13173530269
13173530371
13173530397
13173530672
13173530693
13173530739
13173531582
13173531602
13173531721
13173531927
13173532509
13173532512
13173532632
13173532792
13173535862
13173535920
13173536032
13173536097
13173536187
13173536273
13173536291
13173536827
13173536961
13173537510
13173537583
13173538167
13173538391
13173538795
13173538921
13173538962
13173539082
13173539259
13173539397
13173539591
13173539601
13173539706
13173539810
13173550179
13173550273
13173550281
13173550293
13173550361
13173550397
13173550579
13173550672
13173550931
13173551373
13173551395
13173551623
13173552072
13173552173
13173552637
13173552692
13173552751
13173552837
13173553617
13173553675
13173553739
13173553861
13173556175
13173556251
13173556273
13173556831
13173556961
13173557162
13173557251
13173557339
13173558132
13173558151
13173558191
13173558215
13173558651
13173559035
13173559161
13173559175
13173559253
13173559327
13173559530
13173559572
13173559693
13173559705
13173559753
13173559852
13173560297
13173560352
13173560391
13173560759
13173561013
13173561065
13173561076
13173561097
13173561637
13173561853
13173562023
13173562037
13173562093
13173562175
13173562329
13173562361
13173562530
13173562765
13173563105
13173563193
13173563823
13173563902
13173563920
13173565032
13173565270
13173565337
13173565715
13173565831
13173565912
13173567236
13173568295
13173568710
13173569163
13173569627
13173570237
13173570891
13173570935
13173571262
13173571513
13173571792
13173572056
13173572351
13173572361
13173572531
13173572596
13173572603
13173572705
13173572965
13173573252
13173573592
13173573672
13173573816
13173573861
13173573873
13173575390
13173575803
13173576120
13173576182
13173576232
13173576792
13173576851
13173578519
13173578526
13173578962
13173579192
13173579813
13173579815
13173580192
13173580675
13173580751
13173581061
13173581069
13173581197
13173581327
13173581670
13173581723
13173581792
13173581963
13173582067
13173582071
13173582093
13173582105
13173582397
13173582506
13173582517
13173582539
13173582573
13173582630
13173582695
13173582760
13173582905
13173582910
13173582957
13173583097
13173583172
13173583193
13173583572
13173583756
13173585076
13173585093
13173585293
13173585671
13173585982
13173586127
13173586230
13173586317
13173586391
13173587013
13173587315
13173587501
13173587936
13173589106
13173589612
13173589617
13173590017
13173590267
13173590272
13173590353
13173590392
13173590571
13173590582
13173590695
13173590753
13173590857
13173591060
13173591207
13173591253
13173591301
13173591387
13173591767
13173591836
13173591839
13173591857
13173591871
13173591895
13173591952
13173592135
13173592167
13173592293
13173592360
13173592390
13173592532
13173592562
13173592693
13173592775
13173592817
13173592867
13173592962
13173593059
13173593103
13173593130
13173593190
13173593203
13173593273
13173593275
13173593276
13173593302
13173593370
13173593527
13173593572
13173593580
13173593605
13173593612
13173593635
13173593652
13173593705
13173593817
13173595016
13173595061
13173595062
13173595170
13173595236
13173595397
13173595603
13173595693
13173595716
13173595736
13173595837
13173595910
13173596103
13173596191
13173596217
13173596312
13173596527
13173596792
13173596795
13173596820
13173596901
13173596907
13173596981
13173597083
13173597127
13173597156
13173597187
13173597193
13173597291
13173597295
13173597301
13173597352
13173597503
13173597610
13173597651
13173597657
13173597829
13173597872
13173597905
13173597913
13173598027
13173598051
13173598103
13173598135
13173598270
13173598337
13173598561
13173598621
13173598697
13173598701
13173598763
13173599252
13175600295
13175601052
13175602213
13175602235
13175602305
13175602307
13175602363
13175602765
13175602836
13175603720
13175603871
13175605385
13175605892
13175606032
13175608375
13175608721
13175609320
13175610359
13175610639
13175611083
13175612671
13175612703
13175612792
13175612903
13175613019
13175613512
13175613563
13175613583
13175613621
13175613831
13175613925
13175613950
13175613963
13175615053
13175615375
13175615739
13175615939
13175616082
13175616172
13175616235
13175616391
13175616392
13175616902
13175618102
13175618326
13175618397
13175619162
13175619263
13175619265
13175619513
13175619652
13175619853
13175619973
13175620293
13175620739
13175621067
13175621093
13175621173
13175621250
13175621350
13175621385
13175622151
13175622753
13175622972
13175623061
13175623162
13175623583
13175625139
13175625190
13175625392
13175625605
13175625791
13175625971
13175626071
13175626193
13175626301
13175626392
13175626852
13175627301
13175628261
13175628791
13175629213
13175629537
13175629539
13175629561
13175629635
13175629763
13175629803
13175630137
13175630193
13175630571
13175630591
13175630763
13175630861
13175630865
13175631362
13175631537
13175631729
13175631759
13175632035
13175632063
13175632187
13175632357
13175632536
13175632576
13175632719
13175632763
13175632792
13175632921
13175633207
13175633573
13175633791
13175633953
13175635062
13175635120
13175635251
13175635503
13175635701
13175635762
13175635921
13175636081
13175636085
13175636173
13175636295
13175636297
13175636505
13175636510
13175636725
13175636972
13175637237
13175637302
13175637395
13175637592
13175637831
13175637912
13175637930
13175637971
13175638035
13175638053
13175638056
13175638092
13175638127
13175638132
13175638150
13175638153
13175638209
13175638217
13175638271
13175638302
13175638592
13175638701
13175639176
13175639267
13175639361
13175639570
13175639701
13175639709
13175639721
13175650157
13175650735
13175652051
13175652690
13175652971
13175653023
13175653602
13175653802
13175655627
13175655901
13175657863
13175658257
13175658259
13175659317
13175670873
13175670932
13175671039
13175671291
13175672783
13175675561
13175675713
13175676236
13175676729
13175677632
13175678329
13175679379
13175681093
13175681671
13175681850
13175682639
13175682935
13175683219
13175683653
13175683713
13175685537
13175686721
13175687126
13175687635
13175689231
13175690153
13175690673
13175690835
13175690863
13175690937
13175692162
13175692209
13175692571
13175692739
13175692852
13175693103
13175693203
13175693293
13175695263
13175695609
13175695721
13175695821
13175696152
13175696735
13175697257
13175697513
13175698639
13175698721
13185775192
13185838970
13186806571
13186809532
13186813297
13186815027
13186817961
13186828135
13186829163
13186830692
13186835237
13186836157
13186836937
13205873279
13205876970
13216001076
13216001259
13216001921
13216002157
13216002191
13216002507
13216002602
13216002679
13216002801
13216002892
13216002971
13216005691
13216005761
13216007097
13216007275
13216007290
13216007812
13216007852
13216007917
13216007952
13216008157
13216008721
13216009517
13216009715
13216012975
13216019305
13216030852
13216030873
13216031579
13216031927
13216032305
13216032379
13216032593
13216033059
13216033763
13216035126
13216035295
13216035627
13216035706
13216035901
13216035923
13216035983
13216036351
13216036372
13216036923
13216037023
13216037260
13216037609
13216038193
13216038297
13216038672
13216038751
13216039672
13216051736
13216052593
13216052793
13216053501
13216053572
13216053719
13216053807
13216053935
13216055073
13216055730
13216056283
13216056319
13216056917
13216056957
13216057136
13216057265
13216057623
13216057672
13216057695
13216057839
13216058315
13216058317
13216058573
13216058732
13216058763
13216058972
13216059073
13216059391
13216059792
13216072083
13216072503
13216072930
13216073951
13216075360
13216076932
13216078173
13216079137
13216092783
13216092793
13216093797
13216095301
13216096573
13216097053
13216098263
13221130792
13221131537
13221131752
13221133762
13221135239
13221135709
13221135827
13221136087
13221136209
13221136523
13221136537
13221136735
13221136853
13221137032
13221137262
13221137391
13221137591
13221137592
13221138175
13221138237
13221138365
13221139206
13221139592
13221139601
13221139693
13221139719
13221139875
13221850872
13221851267
13221851537
13221851571
13221851963
13221852579
13221853623
13221853920
13221855037
13221855793
13221856079
13221856187
13221856312
13221856392
13221856593
13221856712
13221856791
13221856951
13221857253
13221857625
13221858150
13221859131
13221859163
13221859176
13221859502
13221859537
13221859583
13221859652
13221859763
13221861593
13221862151
13221862703
13221862953
13221862965
13221862973
13221863073
13221863217
13221865017
13221865393
13221867320
13221867532
13221867837
13221867970
13221867971
13221868073
13221868630
13221869072
13250870173
13250870562
13250870931
13250871739
13250871831
13250872331
13250872625
13250872637
13250872673
13250872903
13250873190
13250873652
13250873872
13250873973
13250875063
13250875071
13250875371
13250875391
13250876095
13250876229
13250876273
13250876371
13250876793
13250878237
13250878693
13250878937
13250879217
13250879307
13250879312
13250879763
13250890265
13250890296
13250890753
13250890837
13250891035
13250891257
13250891273
13250891301
13250891793
13250891950
13250892076
13250892153
13250892615
13250892691
13250892807
13250892830
13250893197
13250893529
13250893706
13250893712
13250895761
13250896075
13250896157
13250896179
13250896570
13250896597
13250896716
13250896731
13250896872
13250897371
13250897865
13250898573
13250898753
13250899652
13250899735
13251030172
13251030352
13251030375
13251030572
13251030675
13251030762
13251030852
13251031092
13251031093
13251031175
13251031263
13251031327
13251031391
13251031581
13251031673
13251031710
13251031732
13251031751
13251031795
13251031827
13251031831
13251031927
13251032053
13251032071
13251032075
13251032076
13251032087
13251032387
13251032395
13251032602
13251032619
13251032690
13251032713
13251032872
13251032971
13251033057
13251033297
13251033751
13251033862
13251033957
13251035267
13251035603
13251035716
13251035781
13251035791
13251036057
13251036170
13251036172
13251036297
13251036592
13251036817
13251036915
13251036925
13251037096
13251037152
13251037160
13251037295
13251037352
13251037529
13251037553
13251037597
13251037693
13251037801
13251037821
13251037835
13251037853
13251037921
13251038073
13251038109
13251038167
13251038207
13251038231
13251038263
13251038305
13251038361
13251038573
13251038607
13251038613
13251038615
13251038673
13251038703
13251039063
13251039215
13251039272
13251039316
13251039370
13251039615
13251039630
13251039651
13251039675
13251039767
13251039831
13251051762
13251051763
13251052631
13251053073
13251053602
13251053719
13251053790
13251053792
13251055173
13251055375
13251056731
13251056903
13251056953
13251056973
13251057193
13251057923
13251058037
13251058293
13251058371
13251058723
13251059152
13251059173
13251059253
13251059516
13251059723
13251059831
13262300372
13262300571
13262300736
13262300763
13262300769
13262301069
13262301251
13262301283
13262301351
13262301356
13262301571
13262301670
13262301693
13262301739
13262301896
13262301973
13262302069
13262302671
13262302895
13262302961
13262303727
13262303780
13262303791
13262303873
13262303967
13262305195
13262305316
13262305395
13262305637
13262305820
13262305902
13262305906
13262305932
13262305939
13262305952
13262305973
13262305980
13262306021
13262306127
13262306272
13262306273
13262306315
13262306502
13262306537
13262306572
13262306590
13262306591
13262306597
13262306705
13262306801
13262306872
13262306915
13262307052
13262307053
13262307059
13262307091
13262307132
13262307191
13262307193
13262307256
13262307269
13262307312
13262307352
13262307502
13262307569
13262307612
13262307615
13262307653
13262307671
13262307837
13262307867
13262307869
13262307873
13262307906
13262307910
13262307937
13262307961
13262307975
13262308156
13262308163
13262308206
13262308213
13262308236
13262308326
13262308572
13262308629
13262308632
13262308702
13262308753
13262308906
13262308913
13262308925
13262309025
13262309027
13262309035
13262309165
13262309171
13262309237
13262309301
13262309361
13262309362
13262309526
13262309531
13262309579
13262309605
13262309623
13262309629
13262309716
13262309875
13262310229
13262310253
13262310297
13262310531
13262310579
13262310597
13262310681
13262310691
13262310751
13262310760
13262310792
13262310793
13262310871
13262310960
13262310981
13262311092
13262311097
13262311260
13262311279
13262311320
13262311506
13262311690
13262311813
13262312051
13262312059
13262312267
13262312391
13262312517
13262312592
13262312597
13262312695
13262312913
13262312957
13262313179
13262313293
13262313295
13262313503
13262313512
13262313517
13262313597
13262313651
13262313706
13262313730
13262313761
13262313802
13262313805
13262313813
13262315082
13262315137
13262315195
13262315227
13262315256
13262315296
13262315579
13262315709
13262315717
13262315791
13262315795
13262315806
13262315815
13262315916
13262315931
13262315971
13262316273
13262316302
13262316396
13262316513
13262316583
13262316591
13262316726
13262316803
13262316873
13262316937
13262316965
13262317001
13262317032
13262317096
13262317203
13262317292
13262317370
13262317563
13262317571
13262317589
13262317637
13262317661
13262317675
13262317691
13262317726
13262317753
13262317759
13262317820
13262317860
13262317903
13262317975
13262318021
13262318026
13262318139
13262318203
13262318235
13262318279
13262318351
13262318353
13262318396
13262318397
13262318526
13262318537
13262318571
13262318601
13262318792
13262319027
13262319092
13262319150
13262319152
13262319203
13262319317
13262319372
13262319503
13262319561
13262319593
13262319603
13262319691
13262319715
13262320571
13262320695
13262320793
13262320912
13262320961
13262321076
13262321351
13262321539
13262321571
13262321575
13262321721
13262321735
13262321737
13262321782
13262321837
13262321957
13262321961
13262322813
13262322817
13262322890
13262323129
13262323156
13262323631
13262323735
13262323937
13262323970
13262325017
13262325072
13262325097
13262325165
13262325167
13262325173
13262325563
13262325659
13262325672
13262325675
13262325792
13262325861
13262325875
13262325901
13262325907
13262325926
13262325927
13262325932
13262325967
13262325972
13262325975
13262326013
13262326051
13262326053
13262326072
13262326073
13262326097
13262326103
13262326137
13262326157
13262326271
13262326301
13262326516
13262326519
13262326572
13262326715
13262326750
13262326759
13262326917
13262326950
13262326970
13262327023
13262327059
13262327067
13262327095
13262327105
13262327126
13262327162
13262327167
13262327185
13262327206
13262327216
13262327291
13262327326
13262327329
13262327362
13262327562
13262327637
13262327812
13262327821
13262327826
13262327831
13262327835
13262327862
13262327953
13262327961
13262328026
13262328052
13262328071
13262328167
13262328197
13262328251
13262328570
13262328571
13262328920
13262329270
13262329310
13262329575
13262329715
13262329723
13262329751
13262329802
13262330952
13262330983
13262331631
13262331659
13262331726
13262331783
13262331956
13262332107
13262332157
13262332165
13262332167
13262332169
13262332675
13262332707
13262332719
13262332750
13262332769
13262332837
13262332893
13262332967
13262335097
13262335165
13262335176
13262335291
13262335295
13262335310
13262335672
13262335701
13262335721
13262335761
13262335823
13262335829
13262335906
13262336057
13262336072
13262336193
13262336705
13262336721
13262336759
13262336821
13262336916
13262337061
13262337072
13262337261
13262337263
13262337265
13262337610
13262337652
13262337692
13262337810
13262337952
13262337961
13262337981
13262338167
13262338173
13262338179
13262338215
13262338307
13262338561
13262338592
13262338912
13262339061
13262339165
13262339216
13262339261
13262339301
13262339507
13262339561
13262339562
13262339617
13262350103
13262350230
13262350371
13262350389
13262350536
13262350593
13262350651
13262350671
13262350673
13262350691
13262350697
13262350732
13262350781
13262350793
13262350857
13262350931
13262350937
13262350972
13262351061
13262351139
13262351165
13262351209
13262351265
13262351287
13262351309
13262351329
13262351337
13262351362
13262351383
13262351385
13262351389
13262351390
13262351397
13262351532
13262351536
13262351572
13262351595
13262351637
13262351651
13262351652
13262351675
13262351705
13262351751
13262351797
13262351815
13262351865
13262351893
13262351901
13262351903
13262351925
13262352071
13262352072
13262352079
13262352093
13262352132
13262352153
13262352157
13262352192
13262352203
13262352297
13262352367
13262352372
13262352512
13262352560
13262352571
13262352609
13262352617
13262352621
13262352697
13262352732
13262352750
13262352759
13262352769
13262352781
13262352850
13262352857
13262352871
13262352901
13262352903
13262352916
13262352960
13262352972
13262353013
13262353025
13262353080
13262353103
13262353139
13262353152
13262353157
13262353197
13262353207
13262353237
13262353260
13262353270
13262353271
13262353276
13262353279
13262353617
13262353621
13262353629
13262353631
13262353635
13262353697
13262353702
13262353709
13262353762
13262353927
13262353953
13262355092
13262355161
13262355232
13262355602
13262355627
13262355691
13262355771
13262356063
13262356073
13262356085
13262356109
13262356127
13262356187
13262356297
13262356382
13262356385
13262356710
13262356715
13262356717
13262356719
13262356837
13262356857
13262356871
13262356907
13262356972
13262357013
13262357037
13262357051
13262357053
13262357062
13262357107
13262357190
13262357203
13262357270
13262357276
13262357290
13262357301
13262357309
13262357312
13262357361
13262357362
13262357552
13262357591
13262357601
13262357613
13262357621
13262357631
13262357673
13262357695
13262357702
13262357735
13262357821
13262357983
13262358029
13262358052
13262358172
13262358196
13262358281
13262358293
13262358309
13262358316
13262358517
13262358572
13262358592
13262358610
13262358617
13262358681
13262358710
13262358927
13262358931
13262358932
13262358971
13262358976
13262359031
13262359132
13262359136
13262359275
13262359282
13262359287
13262359351
13262359370
13262359397
13262359572
13262359675
13262359723
13262359729
13262359731
13262359752
13262359783
13262359821
13262359823
13262359871
13262359973
13262360159
13262360165
13262360170
13262360287
13262360335
13262360357
13262360369
13262360551
13262360651
13262360691
13262360703
13262360712
13262360781
13262360790
13262361037
13262361057
13262361250
13262361392
13262361510
13262361523
13262361562
13262361602
13262361620
13262361650
13262361672
13262361691
13262361692
13262361719
13262361721
13262361753
13262361757
13262361872
13262361892
13262361920
13262362039
13262362083
13262362510
13262362591
13262362617
13262362621
13262362683
13262362701
13262362731
13262362739
13262362793
13262362817
13262362827
13262362865
13262363075
13262363129
13262363153
13262363161
13262363596
13262363726
13262363810
13262365062
13262365076
13262365093
13262365173
13262365180
13262365187
13262365190
13262365197
13262365376
13262365615
13262365761
13262365796
13262365871
13262366179
13262366370
13262366379
13262366583
13262366701
13262366825
13262367031
13262367063
13262367103
13262367136
13262367250
13262367251
13262367263
13262367270
13262367301
13262367363
13262367382
13262367395
13262367509
13262367516
13262367587
13262367591
13262367720
13262367815
13262367863
13262367871
13262367925
13262367927
13262367980
13262368031
13262368093
13262368129
13262368171
13262368192
13262368195
13262368267
13262368379
13262368506
13262368563
13262368631
13262368651
13262368653
13262368695
13262368701
13262368703
13262368723
13262368759
13262368906
13262369107
13262369175
13262369192
13262369216
13262369230
13262369271
13262369279
13262369357
13262369371
13262369391
13262369621
13262369653
13262369763
13262369810
13262370053
13262370159
13262370163
13262370185
13262370695
13262370832
13262370837
13262370870
13262371053
13262371061
13262371085
13262371257
13262371275
13262371280
13262371297
13262371525
13262371552
13262371672
13262371683
13262371739
13262371760
13262371805
13262371827
13262371863
13262371879
13262371897
13262371920
13262371953
13262371963
13262372032
13262372036
13262372065
13262372165
13262372167
13262372361
13262372513
13262372596
13262372612
13262372639
13262372653
13262372659
13262372710
13262372805
13262372813
13262372895
13262372905
13262372910
13262372935
13262372970
13262372975
13262373035
13262373036
13262373091
13262373120
13262373172
13262373270
13262373302
13262373361
13262373613
13262373683
13262373825
13262373852
13262373902
13262373982
13262375032
13262375079
13262375092
13262375121
13262375161
13262375262
13262375295
13262375391
13262375561
13262375562
13262375627
13262375637
13262375639
13262375690
13262375702
13262375715
13262375736
13262375806
13262375890
13262375906
13262375927
13262375930
13262375971
13262375975
13262376096
13262376105
13262376129
13262376130
13262376190
13262376302
13262376307
13262376315
13262376359
13262376507
13262376530
13262376712
13262376915
13262376931
13262376970
13262377132
13262377139
13262377363
13262377596
13262377921
13262378072
13262378076
13262378097
13262378171
13262378251
13262378353
13262378369
13262378595
13262378613
13262378617
13262378621
13262378635
13262378675
13262378719
13262378725
13262379015
13262379095
13262379165
13262379167
13262379275
13262379350
13262379371
13262379536
13262379572
13262379607
13262379691
13262380273
13262381071
13262381873
13262382056
13262382537
13262382651
13262383613
13262385109
13262385601
13262385902
13262385957
13262385970
13262386512
13262386691
13262386719
13262386751
13262386790
13262386971
13262387102
13262389737
13262390187
13262390231
13262390383
13262390670
13262391162
13262391309
13262391352
13262391356
13262391397
13262391561
13262391573
13262391769
13262391907
13262391925
13262391950
13262392057
13262392073
13262392075
13262392176
13262392190
13262392352
13262392572
13262392592
13262392613
13262392691
13262392871
13262392972
13262393237
13262393501
13262393571
13262393685
13262393759
13262395029
13262395076
13262395109
13262395281
13262395370
13262395601
13262395613
13262395651
13262395737
13262395962
13262395972
13262396021
13262396071
13262396126
13262396215
13262396387
13262396501
13262396517
13262396526
13262396705
13262396725
13262396870
13262396871
13262396972
13262397175
13262397191
13262397536
13262397815
13262398015
13262398025
13262398056
13262398097
13262398127
13262398170
13262398197
13262398219
13262398317
13262398356
13262398593
13262398625
13262398697
13262398957
13262399015
13262399560
13262399715
13276871625
13276872652
13276873127
13276876509
13276876759
13276879013
13276879385
13282701097
13282701563
13282701672
13282701723
13282701963
13282702039
13282702173
13282702357
13282702721
13282702803
13282703023
13282703109
13282703152
13282703169
13282703179
13282703197
13282703507
13282703572
13282703590
13282703613
13282703650
13282703926
13282703929
13282703972
13282705127
13282705137
13282705315
13282705623
13282706135
13282706539
13282706731
13282706739
13282707103
13282707237
13282707963
13282708173
13282708352
13282709301
13282709305
13282709371
13282709530
13282709631
13282709639
13282710251
13282710762
13282710935
13282711373
13282711653
13282712079
13282712163
13282712392
13282712531
13282712561
13282712597
13282712635
13282712672
13282712675
13282712750
13282712756
13282712796
13282712953
13282713175
13282713213
13282713365
13282713656
13282713923
13282715071
13282715083
13282715109
13282715261
13282715375
13282716527
13282717297
13282717621
13282718507
13282718951
13282719081
13282719312
13282719357
13282720861
13282721279
13282721310
13282723503
13282725113
13282726203
13282726392
13282729387
13282729572
13282729732
13282730152
13282730263
13282730381
13282731091
13282731360
13282731791
13282731807
13282731835
13282732102
13282732381
13282732691
13282733250
13282735131
13282735729
13282736091
13282737591
13282737805
13282737823
13282738061
13282738103
13282738531
13282739305
13282739613
13282739715
13282750131
13282750267
13282750271
13282750675
13282751073
13282751359
13282751769
13282752093
13282752193
13282752613
13282752679
13282753059
13282753150
13282753315
13282753572
13282753573
13282753793
13282753959
13282755935
13282755953
13282756219
13282756901
13282757651
13282757691
13282757839
13282758071
13282759025
13282759039
13282759215
13282759372
13282759715
13282759830
13282760739
13282760953
13282761197
13282761631
13282761753
13282761821
13282761891
13282761920
13282761937
13282762102
13282762293
13282762537
13282762782
13282762916
13282762967
13282763087
13282763102
13282763902
13282765279
13282765379
13282765391
13282765621
13282765732
13282767023
13282767301
13282769561
13282769621
13282769630
13282780392
13282782179
13282782315
13282782603
13282783072
13282783871
13282785036
13282785171
13282786291
13282788612
13282789351
13282790193
13282790691
13282790973
13282791062
13282791602
13282791621
13282791835
13282792035
13282792365
13282792512
13282792553
13282792671
13282792753
13282793212
13282793295
13282793527
13282793705
13282793715
13282793750
13282793953
13282795016
13282795039
13282795063
13282795093
13282795239
13282795536
13282795603
13282795613
13282795705
13282795739
13282795913
13282795963
13282796083
13282796230
13282796317
13282796935
13282797209
13282797532
13282797851
13282797873
13282798129
13282798163
13282798305
13282798315
13282798362
13282799172
13282799513
13282799831
13282873670
13282875683
13282876380
13291560173
13291560295
13291560301
13291560723
13291560762
13291560903
13291561572
13291561853
13291561870
13291561953
13291562103
13291562393
13291562595
13291562951
13291563815
13291565913
13291567583
13291567602
13291567850
13291567931
13291568132
13291568270
13291568351
13291568932
13291569137
13291569297
13291569303
13291569361
13291569631
13291569731
13291569827
13291701135
13291701375
13291701381
13291701903
13291702137
13291702309
13291702365
13291702392
13291702593
13291702839
13291703025
13291703091
13291703185
13291703291
13291703517
13291703569
13291703585
13291703621
13291703652
13291703671
13291703702
13291703762
13291703795
13291703857
13291703912
13291703975
13291705320
13291705367
13291705382
13291705530
13291705602
13291705903
13291706293
13291706307
13291706382
13291707103
13291707236
13291707329
13291707351
13291707382
13291707513
13291707537
13291707703
13291707913
13291708073
13291708213
13291708307
13291708315
13291708375
13291708397
13291708537
13291708703
13291709523
13291709553
13291709593
13291709613
13291709932
13291710351
13291710357
13291710367
13291710385
13291710392
13291710552
13291711395
13291711562
13291712063
13291712167
13291712503
13291712513
13291712565
13291712617
13291712650
13291712683
13291712753
13291712853
13291713093
13291713162
13291713182
13291713212
13291713235
13291713501
13291713513
13291713801
13291713859
13291713901
13291713952
13291713982
13291715062
13291715163
13291715195
13291715235
13291715293
13291715372
13291715573
13291715927
13291715961
13291716132
13291716235
13291716583
13291716591
13291716705
13291716750
13291716832
13291716921
13291716935
13291716973
13291717253
13291717350
13291718231
13291718253
13291718293
13291718367
13291718572
13291718957
13291719025
13291719360
13291719675
13291720136
13291720230
13291720231
13291720283
13291720291
13291720735
13291720837
13291720895
13291720979
13291721059
13291721063
13291721093
13291721396
13291721913
13291721939
13291722130
13291722673
13291723105
13291723179
13291723252
13291723310
13291723513
13291723595
13291723625
13291723719
13291723729
13291723731
13291723750
13291723772
13291725032
13291725091
13291725113
13291725129
13291725175
13291725260
13291725287
13291725631
13291725717
13291725723
13291725785
13291725863
13291725935
13291725972
13291726023
13291726031
13291726037
13291726190
13291726231
13291726295
13291726512
13291726710
13291726810
13291726890
13291726903
13291726932
13291726937
13291727031
13291727162
13291727252
13291727296
13291727307
13291727319
13291727502
13291727635
13291727953
13291728052
13291728151
13291728237
13291728261
13291728271
13291728351
13291728365
13291728516
13291728601
13291728610
13291728623
13291728635
13291728793
13291728935
13291728951
13291729031
13291729035
13291729036
13291729063
13291729219
13291729237
13291729350
13291729352
13291729501
13291729531
13291729691
13291729693
13291729713
13291729735
13291729813
13291729820
13291729830
13291729839
13291729963
13291730065
13291730107
13291730121
13291730162
13291730167
13291730176
13291730259
13291730267
13291730350
13291730376
13291730562
13291730570
13291730673
13291730682
13291730685
13291730710
13291730851
13291730862
13291730865
13291730951
13291730957
13291730970
13291730971
13291731087
13291731292
13291731326
13291731619
13291731630
13291731702
13291731851
13291731872
13291731951
13291731957
13291732063
13291732091
13291732097
13291732151
13291732187
13291732261
13291732383
13291732513
13291732561
13291732562
13291732571
13291732621
13291732663
13291732675
13291732703
13291732750
13291732851
13291732907
13291732912
13291732957
13291732963
13291733015
13291733076
13291733295
13291733573
13291733783
13291733907
13291735015
13291735056
13291735057
13291735087
13291735091
13291735106
13291735163
13291735196
13291735197
13291735257
13291735260
13291735286
13291735287
13291735612
13291735629
13291735675
13291735682
13291735697
13291735727
13291735790
13291735807
13291735825
13291735827
13291735867
13291735962
13291735976
13291736029
13291736091
13291736129
13291736213
13291736217
13291736219
13291736275
13291736309
13291736351
13291736505
13291736506
13291736535
13291736701
13291736782
13291736797
13291736921
13291736927
13291737025
13291737051
13291737150
13291737182
13291737206
13291737250
13291737391
13291737507
13291737602
13291737625
13291737690
13291737713
13291737795
13291737862
13291737902
13291737905
13291737913
13291737921
13291737963
13291738070
13291738169
13291738239
13291738260
13291738265
13291738310
13291738397
13291738517
13291738553
13291738575
13291738576
13291738579
13291738601
13291738672
13291738692
13291738709
13291738796
13291739206
13291739251
13291739261
13291739516
13291739592
13291739653
13291739670
13291739750
13291739792
13291739850
13291739915
13291750259
13291750671
13291750962
13291751071
13291751209
13291751262
13291751327
13291751381
13291751562
13291751592
13291752382
13291752537
13291752871
13291753116
13291753236
13291753502
13291753610
13291753709
13291753813
13291755167
13291756735
13291756807
13291756852
13291757052
13291757082
13291757207
13291757315
13291757383
13291757967
13291758067
13291758131
13291758526
13291758632
13291758701
13291758725
13291759152
13291759162
13291759173
13291759291
13291759571
13291760156
13291760230
13291760363
13291760367
13291760509
13291760583
13291760673
13291760736
13291760781
13291761026
13291761073
13291761253
13291761573
13291761693
13291761703
13291761896
13291761936
13291762027
13291762302
13291762391
13291762531
13291762610
13291762635
13291762730
13291762751
13291762831
13291762932
13291762975
13291763016
13291763093
13291763295
13291763603
13291763726
13291763797
13291763801
13291763832
13291763892
13291763901
13291763902
13291763932
13291765072
13291765131
13291765693
13291765831
13291765920
13291765983
13291766213
13291766932
13291767153
13291767239
13291767263
13291767513
13291767731
13291767836
13291767853
13291768073
13291768315
13291768372
13291768382
13291768637
13291768971
13291768973
13291769121
13291769301
13291769309
13291769361
13291769381
13291780165
13291780167
13291780239
13291780325
13291780352
13291780367
13291780370
13291780375
13291780397
13291780531
13291780652
13291780783
13291780951
13291780953
13291781053
13291781095
13291781290
13291781332
13291781357
13291781361
13291781363
13291781370
13291781509
13291781563
13291781573
13291781675
13291781702
13291781712
13291781732
13291781737
13291781793
13291781923
13291781957
13291782139
13291782167
13291782237
13291782257
13291782303
13291782359
13291782370
13291782507
13291782532
13291782573
13291782601
13291782603
13291782652
13291782767
13291782803
13291782931
13291782936
13291783062
13291783076
13291783215
13291783251
13291783265
13291783270
13291783593
13291783625
13291783721
13291783750
13291783752
13291783916
13291783932
13291785232
13291785263
13291785393
13291785396
13291785537
13291785673
13291785716
13291785737
13291785913
13291785931
13291786039
13291786063
13291786072
13291786073
13291786120
13291786231
13291786272
13291786307
13291786503
13291786513
13291786591
13291786712
13291786735
13291786795
13291786913
13291787032
13291787163
13291787283
13291787302
13291787319
13291787325
13291787532
13291787602
13291787605
13291787623
13291787630
13291787691
13291789093
13291789293
13291789307
13291789360
13291789635
13291789752
13291790273
13291790937
13291791061
13291791376
13291791513
13291792830
13291793052
13291793107
13291793126
13291793127
13291793135
13291793506
13291793572
13291793706
13291793723
13291793851
13291795371
13291795613
13291796831
13291798317
13291799053
13295873170
13296702673
13296703592
13296703651
13296703781
13296705391
13296709853
13296709873
13296896753
15558712903
15558713107
15558713975
15558716103
15558716583
15558716893
15558717381
15558719173
15558735812
15558737980
15606870563
15606871513
15606871735
15606875306
15606878023
15606878091
15606878173
15606879715
15658530631
15658533791
15658561021
15658561073
15658563127
15658563159
15658566351
15658567302
15658618107
15658622861
15658626721
15658627179
15658627202
15658638962
15658639137
15658640031
15658640193
15658640296
15658640509
15658640672
15658640976
15658640983
15658641083
15658641091
15658641202
15658641239
15658641695
15658641750
15658641762
15658641801
15658641823
15658641827
15658641835
15658641953
15658642032
15658642130
15658642261
15658642265
15658642537
15658642663
15658642735
15658642859
15658642867
15658642870
15658642930
15658642959
15658643089
15658643615
15658643801
15658643825
15658643952
15658645107
15658645236
15658645307
15658645371
15658645705
15658645923
15658645991
15658646082
15658646130
15658646682
15658646702
15658646725
15658646739
15658646779
15658646812
15658646873
15658647115
15658647152
15658647205
15658647231
15658647235
15658647260
15658647281
15658647285
15658647310
15658647318
15658647332
15658647353
15658647671
15658647802
15658647823
15658647852
15658647910
15658647913
15658648057
15658648076
15658648126
15658648131
15658648172
15658648176
15658648369
15658648502
15658648712
15658648791
15658648939
15658648961
15658649030
15658649132
15658649175
15658649291
15658649302
15658649652
15658649759
15658649795
15658649835
15658649879
15658651356
15658659071
15658670239
15658670396
15658670397
15658670531
15658670532
15658670583
15658670932
15658670973
15658671035
15658671063
15658671083
15658671093
15658671273
15658671305
15658671307
15658671352
15658671361
15658671373
15658671379
15658671387
15658671395
15658671530
15658671573
15658671593
15658671831
15658671832
15658671837
15658671935
15658671937
15658671953
15658671963
15658672031
15658672039
15658672073
15658672103
15658672303
15658672315
15658672319
15658672321
15658672325
15658672351
15658672390
15658672393
15658672395
15658672513
15658672530
15658672593
15658672603
15658672632
15658672763
15658672793
15658672831
15658672903
15658672923
15658672931
15658672937
15658673025
15658673037
15658673071
15658673073
15658673092
15658673093
15658673096
15658673105
15658673107
15658673109
15658673120
15658673127
15658673150
15658673170
15658673172
15658673175
15658673179
15658673181
15658673182
15658673217
15658673219
15658673251
15658673257
15658673283
15658673382
15658673507
15658673509
15658673571
15658673572
15658673592
15658673613
15658673615
15658673670
15658673692
15658673703
15658673705
15658673709
15658673715
15658673719
15658673753
15658673756
15658673791
15658673792
15658673793
15658673802
15658673805
15658673812
15658673820
15658673823
15658673826
15658673857
15658673863
15658673872
15658673901
15658673917
15658673923
15658673930
15658675053
15658675063
15658675193
15658675283
15658675302
15658675310
15658675329
15658675367
15658675372
15658675391
15658675630
15658675637
15658675639
15658675693
15658675913
15658675923
15658675932
15658675937
15658675953
15658675983
15658676031
15658676053
15658676063
15658676093
15658676173
15658676213
15658676302
15658676305
15658676312
15658676317
15658676335
15658676352
15658676370
15658676372
15658676393
15658676395
15658676831
15658676837
15658676931
15658676932
15658676963
15658677302
15658677307
15658677370
15658679035
15658679053
15658679073
15658679130
15658679232
15658679239
15658679310
15658679357
15658679371
15658679379
15658679381
15658679382
15658679383
15658679386
15658679396
15658679503
15658679630
15658679635
15658679673
15658679683
15658679732
15658679763
15658690154
15658690346
15658690452
15658690471
15658690472
15658690479
15658690546
15658690579
15658690641
15658690759
15658690762
15658690847
15658690864
15658690984
15658691034
15658691071
15658691084
15658691154
15658691173
15658691284
15658691457
15658691486
15658691523
15658691570
15658691617
15658691643
15658691647
15658691706
15658691741
15658691747
15658691794
15658691854
15658692084
15658692204
15658692264
15658692342
15658692364
15658692401
15658692412
15658692436
15658692451
15658692472
15658692493
15658692497
15658692514
15658692546
15658692582
15658692641
15658692645
15658692647
15658692673
15658692679
15658692684
15658692714
15658692784
15658692895
15658692942
15658692964
15658693143
15658693176
15658693194
15658693349
15658693457
15658693459
15658693471
15658693473
15658693475
15658693479
15658693495
15658693654
15658693684
15658693685
15658693693
15658693695
15658693716
15658693734
15658693826
15658693827
15658693859
15658693894
15658693982
15658694056
15658694059
15658694070
15658694073
15658694087
15658694135
15658694151
15658694162
15658694185
15658694186
15658694201
15658694352
15658694373
15658694380
15658694408
15658694478
15658694502
15658694519
15658694542
15658694552
15658694571
15658694573
15658694579
15658694590
15658694592
15658694602
15658694659
15658694687
15658694708
15658694759
15658694835
15658694921
15658694971
15658694993
15658695042
15658695134
15658695148
15658695154
15658695212
15658695264
15658695295
15658695843
15658695941
15658695974
15658695981
15658696034
15658696074
15658696124
15658696249
15658696294
15658696304
15658696347
15658696374
15658696384
15658696402
15658696403
15658696405
15658696421
15658696425
15658696453
15658696457
15658696462
15658696472
15658696483
15658696493
15658696530
15658696843
15658696984
15658697014
15658697104
15658697141
15658697142
15658697143
15658697242
15658697304
15658697384
15658697386
15658697429
15658697475
15658697476
15658697548
15658697684
15658697847
15658697963
15658697967
15658698035
15658698041
15658698042
15658698045
15658698049
15658698142
15658698154
15658698194
15658698204
15658698297
15658698349
15658698374
15658698436
15658698463
15658698540
15658698614
15658698994
15658699054
15658699147
15658699204
15658699417
15658699465
15658699472
15658699475
15658699641
15658699748
15658700134
15658700174
15658700246
15658700274
15658700340
15658700348
15658700394
15658700437
15658700438
15658700452
15658700463
15658700469
15658700476
15658700479
15658700864
15658700974
15658701142
15658701174
15658701249
15658701284
15658701304
15658701364
15658701415
15658701423
15658701448
15658701459
15658701473
15658701475
15658701647
15658701747
15658701846
15658701914
15658702064
15658702174
15658702194
15658702374
15658702407
15658702482
15658702534
15658702574
15658702740
15658702794
15658702843
15658702848
15658702849
15658702945
15658702948
15658703054
15658703064
15658703074
15658703145
15658703148
15658703304
15658703341
15658703374
15658703425
15658703436
15658703461
15658703467
15658703471
15658703475
15658703483
15658703485
15658703486
15658703495
15658703504
15658703542
15658703547
15658703674
15658703864
15658703984
15658704029
15658704039
15658704048
15658704109
15658704136
15658704150
15658704163
15658704183
15658704227
15658704238
15658704239
15658704250
15658704305
15658704330
15658704369
15658704387
15658704390
15658704464
15658704513
15658704516
15658704542
15658704571
15658704631
15658704636
15658704639
15658704652
15658704663
15658704689
15658704723
15658704737
15658704762
15658704763
15658704781
15658704805
15658704826
15658704827
15658704891
15658704892
15658704906
15658704981
15658705174
15658705194
15658705234
15658705284
15658705342
15658705438
15658705473
15658705479
15658705482
15658705483
15658705490
15658705624
15658705843
15658705942
15658705964
15658706064
15658706148
15658706234
15658706264
15658706334
15658706594
15658706647
15658706704
15658706714
15658706724
15658706741
15658706748
15658706754
15658706814
15658706914
15658707041
15658707143
15658707147
15658707194
15658707243
15658707249
15658707264
15658707340
15658707405
15658707459
15658707461
15658707471
15658707496
15658707504
15658707514
15658707742
15658707824
15658707943
15658707947
15658707964
15658707974
15658708043
15658708054
15658708114
15658708149
15658708204
15658708254
15658708265
15658708314
15658708374
15658708431
15658708461
15658708476
15658708492
15658708504
15658708545
15658708554
15658708643
15658708749
15658708903
15658708948
15658709041
15658709047
15658709054
15658709104
15658709141
15658709146
15658709148
15658709164
15658709409
15658709430
15658709445
15658709476
15658709478
15658709497
15658709541
15658709604
15658709614
15658709674
15658709694
15658709740
15658709774
15658709846
15658730057
15658731076
15658731592
15658732760
15658739312
15658762557
15658763961
15658763967
15658765371
15658766510
15658769592
15669701052
15669701270
15669701513
15669701715
15669702919
15669703269
15669703625
15669703701
15669703786
15669705926
15669706183
15669706291
15669706312
15669706329
15669706859
15669707160
15669707269
15669707536
15669707579
15669708796
15669709071
15669709163
15669709367
15669709591
15669709736
15669709856
15669720385
15669720652
15669720861
15669721191
15669721702
15669722039
15669722083
15669722361
15669722387
15669722507
15669722623
15669722632
15669722693
15669722732
15669722873
15669722913
15669722963
15669723051
15669723053
15669723127
15669725053
15669725265
15669726313
15669726319
15669726350
15669726391
15669727851
15669729150
15669729510
15669729535
15669739290
15669762702
15669762972
15669763059
15669763093
15669763195
15669780052
15669780147
15669780194
15669780242
15669780263
15669780265
15669780294
15669780341
15669780367
15669780394
15669780451
15669780471
15669780482
15669780483
15669780548
15669780571
15669780759
15669780872
15669780894
15669780942
15669780946
15669781040
15669781041
15669781146
15669781281
15669781409
15669781439
15669781459
15669781462
15669781469
15669781479
15669781497
15669781614
15669781676
15669781785
15669781836
15669781893
15669781931
15669781984
15669782057
15669782094
15669782142
15669782159
15669782243
15669782263
15669782294
15669782325
15669782372
15669782394
15669782409
15669782412
15669782427
15669782431
15669782461
15669782604
15669782623
15669782774
15669782794
15669782804
15669782864
15669782964
15669783074
15669783124
15669783184
15669783226
15669783230
15669783240
15669783242
15669783249
15669783402
15669783403
15669783406
15669783409
15669783438
15669783467
15669783479
15669783524
15669783646
15669783674
15669783684
15669783704
15669783716
15669783729
15669783742
15669783787
15669783930
15669783946
15669784021
15669784137
15669784167
15669784173
15669784195
15669784240
15669784269
15669784295
15669784296
15669784438
15669784525
15669784557
15669784701
15669784705
15669784729
15669784776
15669784813
15669784867
15669784890
15669784901
15669784960
15669785043
15669785054
15669785114
15669785196
15669785412
15669785423
15669785429
15669785463
15669785478
15669785584
15669785614
15669785654
15669785794
15669786042
15669786104
15669786182
15669786184
15669786354
15669786415
15669786445
15669786480
15669786495
15669786534
15669786545
15669786547
15669786554
15669786824
15669786912
15669786940
15669786947
15669787042
15669787054
15669787061
15669787154
15669787235
15669787341
15669787417
15669787453
15669787473
15669787574
15669787640
15669787647
15669787684
15669787741
15669787764
15669788143
15669788491
15669788640
15669788724
15669788746
15669788945
15669789024
15669789047
15669789073
15669789143
15669789154
15669789164
15669789243
15669789342
15669789348
15669789362
15669789364
15669789407
15669789423
15669789427
15669789463
15669789551
15669789576
15669789584
15669789605
15669790260
15669790269
15669791035
15669792057
15669792113
15669792590
15669792605
15669792621
15669793252
15669793717
15669793832
15669793927
15669795821
15669795937
15669796173
15669796253
15669796287
15669798263
15669798267
15669798350
15669798769
15669802037
15669802352
15669802363
15669802593
15669802925
15669803015
15669805137
15669805783
15669806352
15669806732
15669807125
15669807129
15669807875
15669808373
15669809683
15669809763
15669821302
15669871590
15669871936
15669872163
15669873216
15669873503
15669873625
15669873715
15669875239
15669875781
15669875837
15669877106
15669879063
15669879331
15669879813
15669890632
15669890673
15669890853
15669891361
15669892531
15669892563
15669893167
15669893572
15669893575
15669893605
15669893803
15669893813
15669893817
15669895039
15669895283
15669895317
15669895973
15669897283
15669897387
18590330972
18590331790
18590332597
18590332961
18606641253
18606642359
18606642397
18606642527
18606642605
18606642730
18606642796
18606643025
18606643183
18606643197
18606643570
18606643581
18606643751
18606643797
18606643892
18606645301
18606645391
18606645683
18606645967
18606645983
18606646205
18606646271
18606646387
18606646759
18606646907
18606647165
18606647189
18606647203
18606647250
18606647582
18606648175
18606648735
18606649312
18606649820
18606649826
18626802195
18626802593
18626803362
18626803917
18626805301
18626805397
18626807205
18626807296
18626808317
18626808331
18626808673
18626809075
18626809083
18626809129
18626809156
18626809172
18626809526
18626809652
18658372350
18658372362
18658372365
18658372381
18658372530
18658372539
18658372573
18658372832
18658372935
18658372936
18658372937
18658372953
18658372973
18658373015
18658373079
18658373083
18658373095
18658373120
18658373167
18658373203
18658373250
18658373263
18658373267
18658373275
18658373291
18658373572
18658373615
18658373657
18658373693
18658373913
18658373915
18658373927
18658373957
18658375036
18658375132
18658375173
18658375193
18658375325
18658375376
18658375392
18658375632
18658375713
18658375723
18658375913
18658375963
18658375983
18658376031
18658381008
18658700239
18658700637
18658700653
18658701307
18658701352
18658701359
18658701363
18658701371
18658701382
18658701391
18658701531
18658701532
18658701631
18658701673
18658701723
18658701763
18658701803
18658701903
18658702031
18658702093
18658702153
18658702513
18658702593
18658702637
18658702731
18658702732
18658702823
18658702832
18658702837
18658702903
18658702931
18658702953
18658702973
18658703097
18658703107
18658703162
18658703179
18658703182
18658703250
18658703275
18658703293
18658703351
18658703381
18658703527
18658703607
18658703612
18658703617
18658703675
18658703685
18658703791
18658703792
18658703901
18658703915
18658703921
18658703951
18658703957
18658703967
18658705013
18658705037
18658705163
18658705283
18658705293
18658705316
18658705317
18658705397
18658705613
18658705635
18658705730
18658705913
18658705932
18658705983
18658706053
18658706113
18658706137
18658706153
18658706193
18658706329
18658706352
18658706357
18658706375
18658706837
18658707563
18658708031
18658708131
18658708273
18658708319
18658708362
18658708563
18658708573
18658708913
18658709073
18658709153
18658709193
18658709301
18658709337
18658709357
18658709530
18658709603
18658709613
18658709637
18658709683
18658709713
18658709783
18658709823
18658709836
18658720103
18658720283
18658720357
18658720367
18658720395
18658720536
18658720635
18658720732
18658720863
18658720953
18658720963
18658721053
18658721273
18658721309
18658721351
18658721536
18658721593
18658721632
18658721635
18658721683
18658721739
18658721783
18658721932
18658722763
18658722803
18658723026
18658723061
18658723095
18658723109
18658723120
18658723157
18658723161
18658723176
18658723271
18658723297
18658723529
18658723581
18658723591
18658723610
18658723631
18658723650
18658723659
18658723679
18658723693
18658723702
18658723712
18658723813
18658723817
18658723851
18658723863
18658723892
18658723902
18658723937
18658723957
18658725036
18658725103
18658725173
18658725283
18658725319
18658725329
18658725371
18658725373
18658725392
18658725631
18658725637
18658725673
18658725732
18658725863
18658725913
18658725983
18658726031
18658726053
18658726173
18658726183
18658726293
18658726301
18658726359
18658726513
18658726573
18658726593
18658726731
18658726803
18658726813
18658726835
18658726837
18658727163
18658727283
18658727310
18658727312
18658727362
18658727563
18658727603
18658727637
18658727693
18658727923
18658727935
18658728035
18658728037
18658728213
18658728293
18658728327
18658728371
18658728372
18658728503
18658728532
18658728603
18658728936
18658728937
18658729023
18658729130
18658729153
18658729253
18658729363
18658729375
18658729603
18658729623
18658729737
18658729783
18658729803
18658729893
18658750293
18658750361
18658750593
18658750653
18658750715
18658751032
18658751093
18658751306
18658751653
18658751907
18658752063
18658752913
18658752930
18658752931
18658752953
18658753013
18658753019
18658753026
18658753051
18658753102
18658753301
18658753501
18658753572
18658753621
18658753650
18658753670
18658753672
18658756053
18658756361
18658756392
18658756820
18658757126
18658757323
18658757351
18658757361
18658757363
18658758371
18658758391
18658759132
18658759301
18658759302
18658759306
18658759325
18658759503
18658759537
18658759730
18668700673
18668701293
18668701362
18668701391
18668701637
18668701783
18668702039
18668702352
18668702392
18668702693
18668702983
18668703127
18668703292
18668705237
18668705309
18668705320
18668705381
18668706397
18668706503
18668706531
18668707953
18668709073
18668709130
18668709236
18668709631
18668720613
18668721063
18668723293
18668723757
18668725079
18668725821
18668726316
18668726710
18668727391
18668727532
18668727803
18668760163
18668760197
18668760293
18668760351
18668760561
18668761302
18668761351
18668761370
18668762301
18668762379
18668762923
18668763015
18668763025
18668763051
18668763172
18668763783
18668763871
18668763901
18668765231
18668765371
18668765372
18668765375
18668765392
18668780261
18668781251
18668781353
18668781539
18668781760
18668781935
18668782036
18668782071
18668782157
18668782307
18668782573
18668782592
18668782612
18668782931
18668782932
18668782971
18668783102
18668783173
18668783193
18668783397
18668783613
18668783701
18668783792
18668783951
18668783956
18668783962
18668785127
18668785162
18668785601
18668785603
18668786271
18668786320
18668786572
18668786907
18668787312
18668789165
18668789305
18668789372
18668789379
18668789617
18668789703
18668789739
19732366887