13023703103
13023703415
13023704592
13023704831
13023704839
13023705435
13023710478
13023710490
13023710553
13023710586
13023710938
13023710942
13023711396
13023711451
13023712147
13023712259
13023712458
13023712479
13023712568
13023712752
13023713432
13023714402
13023714652
13023715418
13023716487
13023717462
13023717483
13023717751
13023717937
13023719405
13023719702
13023720472
13023720485
13023720491
13023721469
13023721479
13023721491
13023721493
13023722459
13023722642
13023722746
13023723412
13023723443
13023723549
13023724017
13023724067
13023724493
13023724558
13023724601
13023725416
13023725417
13023725461
13023725463
13023725481
13023726431
13023726432
13023726451
13023726456
13023726469
13023726491
13023726946
13023727047
13023727401
13023727437
13023727495
13023727609
13023728453
13023728461
13023728473
13023728946
13023729407
13023729410
13023729450
13023729457
13023730458
13023731546
13023732451
13023732493
13023733209
13023734426
13023735418
13023736790
13023738842
13023738847
13023741572
13023745798
13023747009
13023748970
13023762758
13023763251
13028902719
13028903815
13028906792
13028921676
13028921749
13028922586
13028924032
13028925635
13028926851
13028928107
13028930509
13028934730
13028936735
13028939268
13028940127
13028940151
13028941371
13028943392
13028944352
13028945171
13028945298
13028946059
13028946393
13028946528
13028947506
13028947693
13028948370
13028949158
13028949295
13028949538
13028949565
13028949603
13028949639
13028949921
13028949975
13028949983
13028954892
13028957016
13028957387
13028970537
13028972031
13028973301
13028973856
13028975085
13028975819
13028976583
13028978801
13028979572
13028983673
13028986026
13028986207
13028986953
13056733285
13056737702
13056738317
13056825261
13056830395
13056830952
13056831039
13056832607
13056833723
13056837057
13056837156
13056839263
13056839731
13056840395
13056840631
13056843637
13056847639
13056873679
13056892650
13056892712
13056893595
13056893615
13056893853
13056895260
13056899501
13056919709
13056930652
13056932675
13056935352
13056935715
13056937682
13056940026
13056943573
13056947393
13056948710
13056949079
13056971693
13056973659
13065630182
13065630280
13065630297
13065631271
13065632796
13065633032
13065636802
13065639156
13065829105
13065829580
13065852307
13065853726
13065859550
13065890029
13065898979
13071901691
13071903617
13071906356
13071906905
13071920813
13071921785
13071921871
13071922651
13071923052
13071923183
13071923271
13071923929
13071925979
13071926591
13071927051
13071927603
13071928380
13071928561
13071931082
13071931962
13071936156
13071936236
13071936702
13071937681
13071937891
13071938310
13071971757
13071972329
13071972561
13071972578
13071973205
13071975796
13071975835
13071976576
13071976926
13071978010
13071979129
13071982136
13071982796
13071983059
13071983176
13071983797
13071985763
13071987672
13081931031
13081941576
13081946085
13081947936
13081955705
13081956072
13081957761
13081957960
13081958075
13082906871
13082907752
13082909395
13082922967
13082930159
13082930265
13082930395
13082930762
13082930781
13082932759
13082933537
13082933682
13082933702
13082935036
13082935290
13082935837
13082935965
13082935972
13082936031
13082936350
13082936507
13082936762
13082937269
13082937560
13082937861
13082937936
13082938917
13082939853
13082948673
13082958581
13082971629
13082972513
13082976053
13082976752
13082987023
13095960063
13095960089
13095960139
13095960156
13095960163
13095960183
13095960279
13095960353
13095960356
13095960379
13095960391
13095960536
13095960593
13095960681
13095960719
13095960769
13095960782
13095960853
13095960953
13095961036
13095961038
13095961059
13095961069
13095961091
13095961159
13095961183
13095961193
13095961256
13095961257
13095961275
13095961325
13095961353
13095961356
13095961362
13095961367
13095961373
13095961376
13095961387
13095961512
13095961526
13095961560
13095961589
13095961628
13095961651
13095961663
13095961751
13095961757
13095961820
13095961836
13095961876
13095962136
13095962161
13095962181
13095962182
13095962215
13095962231
13095962276
13095962375
13095962391
13095962523
13095962557
13095962632
13095962672
13095962769
13095962795
13095962816
13095962839
13095962851
13095962901
13095963039
13095963070
13095963072
13095963083
13095963151
13095963196
13095963237
13095963351
13095963362
13095963560
13095963601
13095963615
13095963723
13095963725
13095963729
13095963792
13095963797
13095963802
13095963851
13095963862
13095963875
13095963923
13095963952
13095963971
13095963973
13095963992
13095965017
13095965023
13095965061
13095965095
13095965098
13095965116
13095965159
13095965175
13095965176
13095965191
13095965219
13095965227
13095965272
13095965319
13095965331
13095965373
13095965503
13095965637
13095965663
13095965821
13095965879
13095965892
13095965997
13095966013
13095966072
13095966151
13095966163
13095966167
13095966232
13095966238
13095966293
13095966301
13095966376
13095966512
13095966516
13095966563
13095966597
13095966705
13095966726
13095966795
13095966829
13095966871
13095966931
13095967017
13095967029
13095967038
13095967062
13095967082
13095967091
13095967157
13095967232
13095967283
13095967317
13095967327
13095967328
13095967376
13095967390
13095967392
13095967396
13095967516
13095967523
13095967568
13095967590
13095967650
13095967726
13095967751
13095967871
13095967897
13095967961
13095967991
13095968051
13095968101
13095968137
13095968153
13095968179
13095968221
13095968262
13095968265
13095968275
13095968290
13095968369
13095968507
13095968629
13095968673
13095968679
13095968713
13095968715
13095968872
13095968912
13095968937
13095969023
13095969135
13095969175
13095969182
13095969183
13095969310
13095969320
13095969362
13095969372
13095969550
13095969817
13095970195
13095970213
13095970238
13095970263
13095970272
13095970339
13095970362
13095970373
13095970379
13095970381
13095970397
13095970398
13095970537
13095970539
13095970635
13095970637
13095970651
13095970731
13095970893
13095970912
13095970920
13095970937
13095971073
13095971076
13095971083
13095971152
13095971175
13095971186
13095971201
13095971207
13095971236
13095971262
13095971272
13095971281
13095971296
13095971320
13095971332
13095971352
13095971356
13095971357
13095971386
13095971503
13095971517
13095971525
13095971560
13095971563
13095971571
13095971573
13095971675
13095971681
13095971692
13095971696
13095971701
13095971708
13095971713
13095971757
13095971763
13095971820
13095971823
13095971826
13095971875
13095971901
13095971903
13095971921
13095971927
13095971950
13095972051
13095972061
13095972073
13095972078
13095972079
13095972082
13095972086
13095972089
13095972095
13095972103
13095972117
13095972213
13095972263
13095972282
13095972291
13095972292
13095972301
13095972307
13095972310
13095972317
13095972327
13095972337
13095972365
13095972516
13095972517
13095972519
13095972583
13095972590
13095972627
13095972637
13095972658
13095972682
13095972687
13095972712
13095972735
13095972738
13095972757
13095972780
13095972790
13095972807
13095972831
13095972837
13095972853
13095972861
13095972879
13095972897
13095972907
13095972938
13095972951
13095972968
13095972976
13095972983
13095973008
13095973052
13095973079
13095973107
13095973119
13095973121
13095973129
13095973130
13095973163
13095973165
13095973171
13095973175
13095973191
13095973196
13095973295
13095973312
13095973586
13095973603
13095973605
13095973610
13095973626
13095973676
13095973703
13095973775
13095973936
13095973956
13095975082
13095975085
13095975127
13095975179
13095975215
13095975368
13095975620
13095975627
13095975638
13095975790
13095975798
13095975862
13095975893
13095975901
13095976078
13095976081
13095976223
13095976227
13095976237
13095976251
13095976261
13095976273
13095976289
13095976297
13095976298
13095976303
13095976387
13095976505
13095976683
13095976737
13095976827
13095976829
13095976836
13095976853
13095976912
13095976916
13095977203
13095977273
13095977309
13095977512
13095977612
13095977675
13095977861
13095978121
13095978173
13095978285
13095978297
13095978670
13095978673
13095978931
13095979057
13095979221
13095979321
13095979602
13095979603
13095979652
13095979672
13095979971
13105523657
13105526563
13105563253
13105563531
13105567319
13105568172
13105575935
13105576703
13105578783
13105578926
13105579105
13105579137
13105579659
13105580382
13105581895
13105581987
13105586257
13116601639
13116602732
13116602891
13116603718
13116605761
13116607680
13116608775
13116609018
13116609213
13116609515
13116609831
13116627372
13116676936
13116677975
13116685136
13116691731
13116691902
13116692767
13116697527
13116698182
13123819986
13123828571
13123831025
13123831091
13123833005
13123856102
13123857052
13123859636
13123860136
13123862150
13123863751
13123869932
13123872503
13123872778
13123875835
13123877303
13123878259
13123879753
13123880821
13123881962
13123889583
13123891997
13123898186
13136322371
13136329658
13136370560
13136371052
13136372059
13136372186
13136372673
13136372951
13136373097
13136373859
13136375235
13136375832
13136375891
13136375897
13136375903
13136375972
13136376725
13136377820
13136379152
13136380137
13136380201
13136380395
13136380717
13136380962
13136381025
13136381076
13136381517
13136382915
13136383750
13136383817
13136385153
13136385186
13136385905
13136385937
13136385980
13136386332
13136386395
13136386707
13136386710
13136386735
13136387273
13136387523
13136387671
13136387793
13136388152
13136389597
13136389803
13136389861
13164970100
13164970133
13164970199
13164970200
13164970255
13164970299
13164970322
13164970355
13164970377
13164970455
13164970500
13164970511
13164970522
13164970533
13164970550
13164970567
13164970577
13164970599
13164970622
13164970677
13164970733
13164970755
13164970800
13164970811
13164970822
13164970877
13164970911
13164970922
13164970933
13164970966
13164970990
13164971055
13164971066
13164971099
13164971200
13164971211
13164971255
13164971277
13164971299
13164971300
13164971311
13164971331
13164971355
13164971400
13164971422
13164971433
13164971477
13164971499
13164971551
13164971577
13164971633
13164971677
13164971699
13164971755
13164971833
13164971866
13164971877
13164971899
13164971900
13164971922
13164971955
13164971966
13164972012
13164972033
13164972055
13164972077
13164972123
13164972177
13164972322
13164972355
13164972422
13164972466
13164972477
13164972488
13164972500
13164972522
13164972566
13164972600
13164972622
13164972633
13164972711
13164972722
13164972766
13164972811
13164972822
13164972833
13164972855
13164972877
13164972911
13164972922
13164973011
13164973088
13164973166
13164973211
13164973233
13164973255
13164973266
13164973422
13164973466
13164973511
13164973553
13164973566
13164973577
13164973599
13164973633
13164973655
13164973663
13164973677
13164973711
13164973722
13164973833
13164973855
13164973877
13164973899
13164973900
13164973955
13164973966
13164974011
13164974012
13164974033
13164974122
13164974133
13164974211
13164974255
13164974266
13164974299
13164974355
13164974377
13164974499
13164974511
13164974566
13164974611
13164974622
13164974677
13164974688
13164974700
13164974733
13164974755
13164974811
13164974822
13164974855
13164974866
13164974955
13164974966
13164974977
13164975055
13164975066
13164975077
13164975100
13164975122
13164975177
13164975199
13164975233
13164975277
13164975322
13164975335
13164975422
13164975622
13164975633
13164975655
13164975699
13164975722
13164975733
13164975766
13164975799
13164975800
13164975833
13164975855
13164975866
13164975877
13164975885
13164975922
13164975933
13164975977
13164976022
13164976055
13164976077
13164976100
13164976133
13164976177
13164976200
13164976226
13164976233
13164976255
13164976277
13164976300
13164976311
13164976322
13164976336
13164976377
13164976499
13164976500
13164976511
13164976522
13164976556
13164976700
13164976755
13164976855
13164976911
13164976922
13164976977
13164977011
13164977133
13164977155
13164977211
13164977255
13164977311
13164977337
13164977455
13164977511
13164977611
13164977633
13164977655
13164977667
13164977699
13164977800
13164977866
13164977933
13164978077
13164978100
13164978122
13164978166
13164978177
13164978211
13164978233
13164978255
13164978266
13164978277
13164978300
13164978366
13164978377
13164978400
13164978411
13164978422
13164978466
13164978533
13164978566
13164978577
13164978655
13164978677
13164978700
13164978711
13164978722
13164978766
13164979011
13164979012
13164979022
13164979066
13164979077
13164979099
13164979100
13164979133
13164979155
13164979266
13164979311
13164979322
13164979355
13164979366
13164979433
13164979477
13164979500
13164979511
13164979522
13164979533
13164979566
13164979567
13164979633
13164979655
13164979700
13164979822
13164979855
13164979866
13164979877
13165920579
13165920913
13165925030
13165925056
13165929221
13165940133
13165940155
13165940177
13165940200
13165940233
13165940300
13165940311
13165940330
13165940433
13165940455
13165940477
13165940500
13165940522
13165940533
13165940550
13165940633
13165940660
13165940677
13165940699
13165940822
13165940855
13165940933
13165940955
13165940977
13165941001
13165941033
13165941200
13165941221
13165941299
13165941311
13165941322
13165941331
13165941366
13165941377
13165941399
13165941433
13165941466
13165941511
13165941566
13165941577
13165941599
13165941755
13165941771
13165941789
13165941799
13165941800
13165941855
13165941877
13165941899
13165941922
13165941933
13165942055
13165942066
13165942077
13165942100
13165942166
13165942311
13165942322
13165942332
13165942377
13165942400
13165942466
13165942477
13165942500
13165942522
13165942611
13165942633
13165942677
13165942799
13165942833
13165942877
13165942992
13165943012
13165943022
13165943133
13165943166
13165943177
13165943200
13165943277
13165943400
13165943455
13165943477
13165943488
13165943499
13165943500
13165943522
13165943533
13165943553
13165943567
13165943599
13165943633
13165943655
13165943700
13165943722
13165943733
13165943822
13165943855
13165943877
13165943900
13165943911
13165943922
13165943966
13165943993
13165944055
13165944123
13165944233
13165944655
13165944677
13165944700
13165944833
13165944866
13165945011
13165945055
13165945115
13165945255
13165945277
13165945300
13165945355
13165945366
13165945377
13165945411
13165945477
13165945633
13165945677
13165945722
13165945733
13165945755
13165945911
13165945933
13165945955
13165945966
13165945977
13165946077
13165946133
13165946155
13165946377
13165946477
13165946511
13165946522
13165946533
13165946556
13165946567
13165946577
13165946700
13165946711
13165946755
13165946766
13165946833
13165946899
13165946933
13165946955
13165946966
13165947033
13165947077
13165947100
13165947123
13165947166
13165947177
13165947255
13165947411
13165947455
13165947511
13165947533
13165947599
13165947600
13165947633
13165947811
13165947866
13165947955
13165948012
13165948022
13165948055
13165948066
13165948200
13165948211
13165948233
13165948338
13165948433
13165948455
13165948522
13165948622
13165948633
13165948655
13165948700
13165948733
13165948922
13165948955
13165949011
13165949022
13165949033
13165949055
13165949077
13165949133
13165949166
13165949211
13165949229
13165949255
13165949277
13165949311
13165949366
13165949522
13165949566
13165949567
13165949622
13165949633
13165949677
13165949766
13165949833
13165949877
13175151793
13175159260
13175183069
13175183359
13175186951
13175189853
13175930670
13175930991
13175940100
13175940166
13175940200
13175940220
13175940233
13175940266
13175940277
13175940299
13175940377
13175940500
13175940533
13175940566
13175940567
13175940599
13175940611
13175940677
13175940722
13175940770
13175940877
13175940880
13175940899
13175940966
13175941033
13175941066
13175941200
13175941211
13175941233
13175941255
13175941277
13175941355
13175941366
13175941422
13175941466
13175941511
13175941533
13175941551
13175941567
13175941599
13175941611
13175941661
13175941677
13175941700
13175941733
13175941755
13175941766
13175941833
13175941881
13175941899
13175941900
13175941933
13175942011
13175942112
13175942122
13175942123
13175942155
13175942199
13175942300
13175942322
13175942332
13175942377
13175942385
13175942411
13175942422
13175942500
13175942522
13175942552
13175942566
13175942600
13175942622
13175942677
13175942711
13175942722
13175942733
13175942755
13175942772
13175942789
13175942799
13175942800
13175942811
13175942822
13175942855
13175942899
13175942900
13175942911
13175942966
13175942977
13175942992
13175943011
13175943012
13175943055
13175943077
13175943100
13175943123
13175943155
13175943211
13175943223
13175943266
13175943433
13175943455
13175943567
13175943678
13175943722
13175943733
13175943766
13175943799
13175943866
13175943933
13175944012
13175944522
13175944600
13175944899
13175945077
13175945177
13175945355
13175945622
13175945766
13175945775
13175945791
13175945855
13175945866
13175945877
13175945911
13175945922
13175945933
13175946011
13175946055
13175946099
13175946116
13175946166
13175946199
13175946233
13175946266
13175946277
13175946299
13175946336
13175946366
13175946400
13175946477
13175946511
13175946556
13175946567
13175946711
13175946733
13175946799
13175946811
13175946833
13175946855
13175946911
13175946933
13175947011
13175947012
13175947022
13175947033
13175947123
13175947133
13175947155
13175947199
13175947233
13175947255
13175947311
13175947322
13175947411
13175947833
13175948011
13175948100
13175948253
13175949233
13175949711
13175949822
13175981308
13184300532
13184300582
13184300863
13184300985
13184301902
13184301913
13184302003
13184302513
13184303086
13184303112
13184303505
13184303581
13184305072
13184305385
13184305660
13184305771
13184305783
13184305981
13184306197
13184306213
13184307138
13184307558
13184307708
13184308058
13184308151
13184308271
13184308356
13184308809
13184308867
13184309068
13184309183
13184309370
13184310059
13184310082
13184310163
13184310185
13184310251
13184310261
13184310361
13184310365
13184310380
13184310382
13184310385
13184310513
13184310573
13184310752
13184310773
13184310807
13184310821
13184311038
13184311075
13184311108
13184311250
13184311279
13184311293
13184311302
13184311367
13184311386
13184311538
13184311571
13184311715
13184311716
13184311730
13184311756
13184311893
13184311907
13184311936
13184311971
13184312032
13184312036
13184312061
13184312078
13184312081
13184312089
13184312150
13184312169
13184312235
13184312260
13184312303
13184312329
13184312337
13184312352
13184312353
13184312357
13184312358
13184312509
13184312652
13184312698
13184312712
13184312723
13184312725
13184312762
13184312765
13184312821
13184312879
13184312893
13184312907
13184312975
13184312978
13184313087
13184313091
13184313105
13184313125
13184313157
13184313173
13184313203
13184313352
13184313609
13184313615
13184313751
13184313762
13184313992
13184314902
13184315068
13184315162
13184315163
13184315172
13184315192
13184315295
13184315297
13184315306
13184315323
13184315327
13184315336
13184315362
13184315370
13184315537
13184315591
13184315602
13184315619
13184315719
13184315728
13184315731
13184315753
13184315762
13184315786
13184315801
13184315803
13184315831
13184315850
13184315861
13184315875
13184315891
13184315907
13184315932
13184315961
13184316002
13184316027
13184316031
13184316081
13184316098
13184316102
13184316125
13184316150
13184316251
13184316298
13184316325
13184316375
13184316379
13184316396
13184316705
13184316772
13184316826
13184316862
13184316901
13184316910
13184316961
13184316972
13184316975
13184317097
13184317217
13184317229
13184317260
13184317381
13184317501
13184317505
13184317513
13184317570
13184317635
13184317659
13184317671
13184317693
13184317791
13184317850
13184317851
13184317853
13184317859
13184317862
13184317902
13184318091
13184318103
13184318257
13184318309
13184318310
13184318560
13184318582
13184318593
13184318671
13184318683
13184318687
13184318752
13184318901
13184318902
13184318915
13184319028
13184319029
13184319061
13184319070
13184319120
13184319137
13184319150
13184319176
13184319237
13184319252
13184319260
13184319265
13184319305
13184319337
13184319523
13184319602
13184319626
13184319653
13184319760
13184319769
13184319816
13184319817
13184319852
13184319856
13184319872
13184319882
13184321639
13184322320
13184326601
13184326865
13184327665
13184328201
13184328308
13184328732
13184328852
13184329852
13184329859
13184330507
13184330765
13184330853
13184331062
13184331065
13184331092
13184331173
13184331197
13184331263
13184331265
13184331283
13184331301
13184331306
13184331386
13184331397
13184331537
13184331583
13184331602
13184331632
13184331659
13184331712
13184331731
13184331750
13184331780
13184331817
13184331832
13184331870
13184332013
13184332035
13184332051
13184332267
13184332305
13184332578
13184332613
13184332682
13184332702
13184332708
13184332726
13184332751
13184332798
13184332857
13184332890
13184332896
13184332902
13184332907
13184332917
13184332952
13184332967
13184332972
13184333156
13184333203
13184333505
13184333528
13184333812
13184333935
13184335037
13184335119
13184335173
13184335180
13184335227
13184335276
13184335279
13184335312
13184335318
13184335319
13184335325
13184335327
13184335329
13184335371
13184335572
13184335597
13184335603
13184335613
13184335617
13184335701
13184335710
13184335712
13184335730
13184335738
13184335753
13184335780
13184335797
13184335807
13184335823
13184335867
13184335873
13184335895
13184335925
13184335931
13184335978
13184336017
13184336026
13184336029
13184336037
13184336052
13184336067
13184336091
13184336120
13184336127
13184336129
13184336159
13184336191
13184336209
13184336229
13184336231
13184336263
13184336267
13184336276
13184336301
13184336313
13184336357
13184336365
13184336376
13184336379
13184336385
13184336507
13184336671
13184336672
13184336695
13184336723
13184336725
13184336731
13184336732
13184336751
13184336757
13184336759
13184336783
13184336790
13184336791
13184336821
13184336857
13184336901
13184336913
13184336927
13184336928
13184336935
13184336957
13184336961
13184336973
13184336976
13184337017
13184339235
13184339257
13184339281
13184339285
13184339309
13184339320
13184339356
13184339371
13184339391
13184339397
13184339501
13184339603
13184339652
13184339657
13184339691
13184339731
13184339736
13184339751
13184339767
13184339773
13184339835
13184339852
13184339859
13184339871
13184339926
13184339957
13184339968
13184339983
13185740182
13185740535
13185740568
13185740812
13185740815
13185740913
13185740915
13185741186
13185741556
13185741850
13185742353
13185742771
13185743008
13185743206
13185743237
13185743563
13185745028
13185745215
13185745395
13185745570
13185745930
13185746039
13185747213
13185747756
13185749103
13185749751
13185749787
13185910930
13185911770
13185916995
13185917817
13185919967
13185920865
13185921826
13185923691
13185923692
13185925671
13185940159
13185940187
13185940269
13185940357
13185940519
13185940553
13185940582
13185940687
13185940757
13185940795
13185940835
13185940861
13185940953
13185941073
13185941176
13185941267
13185941280
13185941557
13185941565
13185941593
13185941605
13185941656
13185941672
13185941683
13185941712
13185941835
13185941925
13185941937
13185942173
13185942362
13185942381
13185942506
13185942557
13185942579
13185942612
13185942629
13185942651
13185942683
13185942703
13185942715
13185942717
13185942723
13185942817
13185942835
13185942927
13185942953
13185942973
13185943025
13185943107
13185943157
13185943270
13185943296
13185943356
13185943357
13185943359
13185943378
13185943657
13185943681
13185943757
13185943802
13185943862
13185943929
13185943958
13185943985
13185945032
13185945067
13185945107
13185945112
13185945205
13185945306
13185945356
13185945363
13185945516
13185945621
13185945713
13185945783
13185945801
13185945802
13185945803
13185945825
13185945910
13185946015
13185946027
13185946115
13185946167
13185946250
13185946289
13185946383
13185946525
13185946629
13185946701
13185946803
13185946861
13185946879
13185946901
13185946952
13185946957
13185947137
13185947151
13185947231
13185947523
13185947552
13185947572
13185947591
13185947609
13185947651
13185947726
13185947739
13185947762
13185947938
13185947958
13185947973
13185947975
13185948062
13185948107
13185948287
13185948325
13185948371
13185948559
13185948691
13185948716
13185949062
13185949121
13185949197
13185949227
13185949326
13185949587
13185949675
13185949762
13185949796
13185949825
13185949829
13185949860
13185949862
13185951672
13185955132
13185961770
13185962797
13185965902
13185970389
13185970397
13185972673
13185974181
13185979901
13185979951
13186899972
13208053526
13208053953
13208059056
13208059397
13208059663
13208077802
13208078957
13216635673
13216635872
13216639029
13216693652
13216826029
13221870867
13221871523
13221871590
13221871807
13221872295
13221872509
13221873302
13221873596
13221875510
13221875938
13221876013
13221876773
13221877152
13221877259
13221877273
13221877920
13221878091
13221878235
13221878857
13221879289
13221879305
13221879682
13221890962
13221891887
13221892891
13221893198
13221893320
13221896267
13221896856
13221902970
13221907353
13221910651
13221911359
13221917615
13221930062
13221931507
13221931737
13221935382
13221939529
13221951932
13221952350
13221958563
13221959903
13250953103
13250953292
13250959270
13250960136
13250961359
13250961371
13250961523
13250961553
13250961656
13250961738
13250961765
13250961782
13250961865
13250962281
13250962287
13250962530
13250962559
13250962680
13250962731
13250962815
13250962827
13250962852
13250962860
13250962863
13250962878
13250962939
13250962982
13250963676
13250963931
13250965126
13250965138
13250965230
13250966063
13250966938
13250967036
13250967102
13250967386
13250967551
13250967553
13250967590
13250967785
13250967862
13250967873
13250967909
13250968315
13250968956
13250969532
13250969629
13250969820
13250969836
13250969931
13250969970
13250971183
13250971961
13250972536
13250975295
13252230057
13252230167
13252230172
13252230351
13252230389
13252230393
13252230561
13252230629
13252230732
13252230767
13252230771
13252230782
13252230783
13252230805
13252230976
13252231031
13252231035
13252231036
13252231107
13252231187
13252231273
13252231282
13252231293
13252231532
13252231539
13252231578
13252231602
13252231613
13252231658
13252231672
13252231701
13252231720
13252231727
13252231732
13252231759
13252231783
13252231862
13252231870
13252231913
13252231926
13252231932
13252232051
13252232117
13252232136
13252232161
13252232367
13252232385
13252232501
13252232509
13252232562
13252232571
13252232656
13252232793
13252232962
13252233105
13252233138
13252233197
13252233632
13252233651
13252233872
13252235126
13252235179
13252235195
13252235302
13252235381
13252235609
13252235635
13252235638
13252235639
13252235716
13252235719
13252235723
13252235731
13252235732
13252235751
13252235765
13252235768
13252235772
13252235790
13252235812
13252235831
13252235873
13252236032
13252236053
13252236075
13252236103
13252236153
13252236167
13252236180
13252236301
13252236309
13252236326
13252236393
13252236569
13252236763
13252236793
13252236815
13252236816
13252236827
13252236850
13252236865
13252236910
13252236967
13252236970
13252237031
13252237056
13252237112
13252237157
13252237191
13252237192
13252237309
13252237536
13252237593
13252237602
13252237697
13252237735
13252237832
13252237861
13252237863
13252237871
13252237873
13252237931
13252238015
13252238027
13252238050
13252238107
13252238117
13252238158
13252238179
13252238361
13252238362
13252238573
13252238671
13252238727
13252238737
13252238913
13252238928
13252238930
13252239023
13252239031
13252239175
13252239192
13252239250
13252239325
13252239352
13252239371
13252239386
13252239591
13252239617
13252239727
13252239765
13252239775
13282210582
13282213287
13282215320
13282240017
13282240023
13282240028
13282240092
13282240138
13282240157
13282240167
13282240173
13282240175
13282240181
13282240185
13282240191
13282240193
13282240197
13282240216
13282240218
13282240230
13282240238
13282240269
13282240276
13282240291
13282240292
13282240307
13282240323
13282240327
13282240338
13282240339
13282240357
13282240362
13282240363
13282240372
13282240380
13282240398
13282240508
13282240537
13282240538
13282240553
13282240568
13282240581
13282240620
13282240626
13282240629
13282240635
13282240650
13282240652
13282240695
13282240739
13282240752
13282240767
13282240775
13282240776
13282240825
13282240831
13282240832
13282240851
13282240852
13282240862
13282240872
13282240897
13282240915
13282240936
13282240952
13282241038
13282241039
13282241059
13282241072
13282241082
13282241102
13282241132
13282241183
13282241190
13282241232
13282241236
13282241250
13282241257
13282241262
13282241269
13282241271
13282241273
13282241282
13282241297
13282241307
13282241316
13282241323
13282241337
13282241517
13282241526
13282241556
13282241559
13282241560
13282241561
13282241563
13282241571
13282241583
13282241592
13282241617
13282241627
13282241637
13282241650
13282241686
13282241703
13282241712
13282241736
13282241758
13282241770
13282241772
13282241773
13282241807
13282241809
13282241832
13282241835
13282241838
13282241852
13282241859
13282241871
13282241892
13282241912
13282241916
13282241917
13282241925
13282241930
13282241932
13282241935
13282241950
13282241953
13282241959
13282241962
13282242035
13282242052
13282242053
13282242057
13282242060
13282242086
13282242089
13282242091
13282242095
13282242101
13282242105
13282242125
13282242157
13282242172
13282242175
13282242189
13282242215
13282242232
13282242236
13282242251
13282242276
13282242307
13282242330
13282242371
13282242378
13282242381
13282242395
13282242396
13282242507
13282242515
13282242528
13282242537
13282242570
13282242590
13282242593
13282242620
13282242632
13282242667
13282242676
13282242690
13282242695
13282242698
13282242702
13282242706
13282242717
13282242718
13282242719
13282242725
13282242728
13282242753
13282242768
13282242786
13282242813
13282242819
13282242825
13282242826
13282242839
13282242906
13282242915
13282242936
13282242978
13282242991
13282243005
13282243006
13282243036
13282243063
13282243067
13282243089
13282243115
13282243121
13282243150
13282243158
13282243165
13282243169
13282243176
13282243186
13282243187
13282243193
13282243195
13282243206
13282243209
13282243213
13282243215
13282243216
13282243219
13282243263
13282243265
13282243275
13282243281
13282243285
13282243287
13282243305
13282243306
13282243320
13282243327
13282243329
13282243356
13282243361
13282243362
13282243363
13282243365
13282243367
13282243376
13282243390
13282243396
13282243397
13282243507
13282243513
13282243528
13282243532
13282243552
13282243557
13282243559
13282243578
13282243583
13282243585
13282243587
13282243593
13282243626
13282243631
13282243638
13282243662
13282243698
13282243703
13282243768
13282243860
13282243867
13282243895
13282243896
13282243897
13282243901
13282243903
13282243912
13282243917
13282243928
13282243931
13282243932
13282243935
13282243936
13282243938
13282243951
13282243953
13282243960
13282243965
13282243969
13282243971
13282243973
13282243985
13282245021
13282245023
13282245031
13282245051
13282245093
13282245101
13282245109
13282245118
13282245138
13282245139
13282245161
13282245163
13282245173
13282245215
13282245217
13282245261
13282245262
13282245267
13282245273
13282245276
13282245278
13282245282
13282245290
13282245291
13282245293
13282245295
13282245319
13282245331
13282245336
13282245339
13282245369
13282245385
13282245390
13282245526
13282245527
13282245537
13282245568
13282245572
13282245592
13282245607
13282245610
13282245635
13282245676
13282245682
13282245708
13282245709
13282245710
13282245716
13282245719
13282245721
13282245735
13282245736
13282245737
13282245753
13282245759
13282245760
13282245761
13282245762
13282245771
13282245773
13282245781
13282245782
13282245791
13282245797
13282245798
13282245803
13282245819
13282245821
13282245826
13282245827
13282245829
13282245832
13282245835
13282245837
13282245872
13282245902
13282245905
13282245908
13282245917
13282245929
13282245930
13282245937
13282245938
13282245939
13282245953
13282245978
13282245981
13282245993
13282246029
13282246086
13282246095
13282246107
13282246126
13282246127
13282246130
13282246131
13282246136
13282246139
13282246173
13282246186
13282246196
13282246221
13282246237
13282246238
13282246289
13282246296
13282246358
13282246360
13282246367
13282246369
13282246370
13282246372
13282246380
13282246389
13282246390
13282246391
13282246395
13282246398
13282246501
13282246502
13282246505
13282246507
13282246512
13282246513
13282246515
13282246517
13282246519
13282246521
13282246535
13282246551
13282246583
13282246585
13282246586
13282246587
13282246601
13282246618
13282246702
13282246703
13282246706
13282246721
13282246783
13282246797
13282246835
13282246836
13282246869
13282246872
13282246897
13282246907
13282246920
13282246925
13282246930
13282246935
13282246937
13282246950
13282246962
13282247059
13282247126
13282247203
13282247256
13282247285
13282247305
13282247321
13282247358
13282247397
13282247398
13282247513
13282247530
13282247571
13282247591
13282247602
13282247603
13282247613
13282247617
13282247621
13282247628
13282247630
13282247638
13282247639
13282247650
13282247657
13282247658
13282247665
13282247670
13282247671
13282247672
13282247673
13282247690
13282247695
13282247696
13282247701
13282247709
13282247710
13282247713
13282247730
13282247732
13282247739
13282247783
13282247792
13282247796
13282247806
13282247809
13282247815
13282247817
13282247839
13282247850
13282247853
13282247870
13282247882
13282247925
13282247975
13282248021
13282248023
13282248035
13282248050
13282248059
13282248102
13282248108
13282248121
13282248162
13282248167
13282248169
13282248170
13282248187
13282248206
13282248258
13282248281
13282248297
13282248298
13282248309
13282248318
13282248331
13282248356
13282248503
13282248525
13282248537
13282248593
13282248602
13282248603
13282248621
13282248623
13282248635
13282248637
13282248658
13282248670
13282248683
13282248685
13282248695
13282248697
13282248701
13282248702
13282248703
13282248710
13282248713
13282248716
13282248793
13282248805
13282248831
13282248832
13282248857
13282248928
13282248992
13282249002
13282249005
13282249013
13282249021
13282249026
13282249051
13282249102
13282249107
13282249156
13282249163
13282249172
13282249173
13282249175
13282249183
13282249192
13282249203
13282249206
13282249207
13282249208
13282249218
13282249235
13282249258
13282249296
13282249309
13282249325
13282249327
13282249332
13282249381
13282249553
13282249562
13282249563
13282249565
13282249585
13282249603
13282249623
13282249625
13282249631
13282249632
13282249653
13282249662
13282249685
13282249689
13282249710
13282249735
13282249736
13282249737
13282249780
13282249786
13282249796
13282249825
13282249836
13282249853
13282249860
13282249915
13282249925
13282249965
13282271519
13285740016
13285740028
13285740029
13285740030
13285740031
13285740081
13285740082
13285740085
13285740152
13285740173
13285740223
13285740227
13285740229
13285740265
13285740272
13285740298
13285740317
13285740329
13285740336
13285740358
13285740363
13285740370
13285740373
13285740375
13285740376
13285740378
13285740380
13285740383
13285740503
13285740552
13285740582
13285740583
13285740587
13285740591
13285740730
13285740753
13285740763
13285740772
13285740783
13285740801
13285740836
13285740839
13285740889
13285740906
13285740913
13285740935
13285740970
13285740971
13285740972
13285740973
13285740975
13285740976
13285740978
13285740980
13285740981
13285740982
13285740983
13285740985
13285740986
13285740991
13285740992
13285740995
13285740996
13285741005
13285741013
13285741015
13285741016
13285741017
13285741018
13285741019
13285741020
13285741025
13285741029
13285741036
13285741038
13285741052
13285741053
13285741056
13285741058
13285741059
13285741063
13285741067
13285741068
13285741069
13285741072
13285741073
13285741075
13285741076
13285741078
13285741080
13285741081
13285741082
13285741083
13285741085
13285741087
13285741089
13285741090
13285741091
13285741092
13285741096
13285741097
13285741098
13285741126
13285741129
13285741131
13285741132
13285741135
13285741139
13285741150
13285741152
13285741156
13285741157
13285741159
13285741160
13285741161
13285741163
13285741165
13285741167
13285741171
13285741172
13285741173
13285741175
13285741176
13285741180
13285741186
13285741187
13285741189
13285741190
13285741193
13285741196
13285741197
13285741198
13285741201
13285741205
13285741217
13285741296
13285741315
13285741328
13285741356
13285741360
13285741361
13285741362
13285741365
13285741367
13285741368
13285741370
13285741372
13285741373
13285741375
13285741376
13285741378
13285741380
13285741383
13285741385
13285741387
13285741389
13285741390
13285741392
13285741396
13285741397
13285741398
13285741501
13285741502
13285741506
13285741507
13285741509
13285741510
13285741513
13285741518
13285741523
13285741526
13285741527
13285741528
13285741529
13285741530
13285741532
13285741536
13285741537
13285741538
13285741620
13285741715
13285741728
13285741770
13285741829
13285741838
13285741907
13285741913
13285741918
13285741926
13285741928
13285741929
13285741930
13285741931
13285741935
13285741937
13285741951
13285741952
13285741956
13285741958
13285741959
13285741960
13285741962
13285741963
13285741976
13285741979
13285741986
13285742025
13285742029
13285742079
13285742083
13285742219
13285742231
13285742252
13285742258
13285742267
13285742278
13285742312
13285742313
13285742317
13285742319
13285742325
13285742327
13285742328
13285742329
13285742331
13285742335
13285742336
13285742337
13285742338
13285742339
13285742350
13285742352
13285742356
13285742361
13285742369
13285742370
13285742372
13285742373
13285742376
13285742379
13285742380
13285742385
13285742386
13285742390
13285742397
13285742398
13285742501
13285742502
13285742503
13285742505
13285742508
13285742515
13285742573
13285742595
13285742603
13285742612
13285742615
13285742617
13285742618
13285742619
13285742620
13285742627
13285742631
13285742632
13285742705
13285742813
13285742829
13285742871
13285742923
13285742928
13285742937
13285742991
13285743158
13285743179
13285743182
13285743206
13285743212
13285743237
13285743318
13285743328
13285743369
13285743559
13285743562
13285743578
13285743580
13285743587
13285743593
13285743595
13285743610
13285743620
13285743630
13285743679
13285743680
13285743710
13285743715
13285743718
13285743720
13285743736
13285743759
13285743768
13285743769
13285743770
13285743778
13285743780
13285743783
13285743793
13285743809
13285743810
13285743813
13285743828
13285743851
13285743852
13285743853
13285743929
13285743960
13285743965
13285743975
13285743980
13285743997
13285745013
13285745019
13285745061
13285745121
13285745138
13285745150
13285745163
13285745216
13285745237
13285745253
13285745262
13285745265
13285745271
13285745273
13285745275
13285745278
13285745279
13285745283
13285745285
13285745289
13285745295
13285745303
13285745319
13285745338
13285745587
13285745615
13285745620
13285745623
13285745629
13285745631
13285745680
13285745706
13285745715
13285745735
13285745736
13285745785
13285745802
13285745808
13285745815
13285745838
13285745861
13285745867
13285745871
13285745889
13285745891
13285745913
13285745918
13285745920
13285745923
13285745925
13285745938
13285745957
13285745989
13285745992
13285745996
13285746050
13285746052
13285746062
13285746079
13285746118
13285746162
13285746178
13285746180
13285746185
13285746187
13285746205
13285746328
13285746361
13285746381
13285746382
13285746389
13285746395
13285746512
13285746539
13285746576
13285746603
13285746637
13285746651
13285746703
13285746715
13285746739
13285746753
13285746898
13285747003
13285747036
13285747038
13285747068
13285747107
13285747125
13285747135
13285747139
13285747151
13285747167
13285747175
13285747238
13285747270
13285747271
13285747286
13285747352
13285747383
13285747387
13285747392
13285747527
13285747528
13285747562
13285747703
13285747732
13285747781
13285747826
13285747827
13285747836
13285747850
13285747872
13285747885
13285747891
13285748020
13285748071
13285748127
13285748156
13285748162
13285748172
13285748176
13285748225
13285748231
13285748358
13285748639
13285748650
13285748656
13285748660
13285748662
13285748663
13285748665
13285748667
13285748672
13285748673
13285748676
13285748679
13285748681
13285748683
13285748685
13285748687
13285748689
13285748698
13285748713
13285748718
13285748723
13285748725
13285748726
13285748728
13285748735
13285748752
13285748756
13285748758
13285748769
13285748771
13285748781
13285748786
13285748792
13285748807
13285748809
13285748823
13285748831
13285748832
13285748835
13285748836
13285748838
13285748871
13285748872
13285748879
13285748895
13285748909
13285748915
13285748917
13285748932
13285748936
13285748937
13285748938
13285748956
13285748959
13285748960
13285748961
13285748962
13285748963
13285748965
13285748970
13285748980
13285748981
13285748982
13285748983
13285748992
13285749003
13285749007
13285749013
13285749016
13285749017
13285749021
13285749023
13285749025
13285749026
13285749029
13285749030
13285749031
13285749032
13285749037
13285749038
13285749039
13285749051
13285749053
13285749057
13285749059
13285749061
13285749062
13285749063
13285749065
13285749067
13285749070
13285749072
13285749075
13285749078
13285749079
13285749080
13285749085
13285749086
13285749087
13285749089
13285749092
13285749101
13285749102
13285749103
13285749105
13285749106
13285749112
13285749117
13285749125
13285749126
13285749127
13285749128
13285749131
13285749132
13285749136
13285749137
13285749138
13285749139
13285749151
13285749152
13285749153
13285749156
13285749157
13285749161
13285749162
13285749163
13285749165
13285749167
13285749169
13285749170
13285749175
13285749178
13285749179
13285749182
13285749185
13285749189
13285749195
13285749196
13285749202
13285749203
13285749205
13285749206
13285749209
13285749213
13285749215
13285749216
13285749217
13285749218
13285749219
13285749223
13285749225
13285749227
13285749230
13285749232
13285749236
13285749237
13285749250
13285749251
13285749253
13285749256
13285749257
13285749259
13285749260
13285749263
13285749267
13285749270
13285749271
13285749272
13285749278
13285749280
13285749281
13285749282
13285749295
13285749297
13285749298
13285749310
13285749353
13285749361
13285749367
13285749508
13285749509
13285749512
13285749517
13285749518
13285749519
13285749552
13285749553
13285749556
13285749558
13285749560
13285749561
13285749568
13285749569
13285749570
13285749571
13285749573
13285749601
13285749662
13285749671
13285749710
13285749730
13285749732
13285749735
13285749736
13285749752
13285749756
13285749768
13285749781
13285749782
13285749785
13285749793
13285749795
13285749798
13285749802
13285749803
13285749806
13285749827
13285749836
13285749851
13285749863
13285749875
13285749879
13285749895
13285840023
13285840035
13285840081
13285840118
13285840137
13285840152
13285840180
13285840182
13285840186
13285840198
13285840206
13285840271
13285840293
13285840295
13285840307
13285840318
13285840371
13285840389
13285840502
13285840507
13285840535
13285840539
13285840582
13285840657
13285840662
13285840692
13285840693
13285840732
13285840757
13285840763
13285840769
13285840792
13285840832
13285840862
13285840865
13285840885
13285840938
13285840953
13285840957
13285840963
13285840967
13285840970
13285840972
13285840973
13285840986
13285840987
13285841032
13285841051
13285841070
13285841096
13285841172
13285841350
13285841373
13285841386
13285841393
13285841396
13285841397
13285841505
13285841518
13285841537
13285841559
13285841658
13285841667
13285841689
13285841753
13285841760
13285841781
13285841795
13285841801
13285841831
13285841878
13285841895
13285841910
13285841915
13285841916
13285842168
13285842257
13285842306
13285842335
13285842339
13285842350
13285842353
13285842360
13285842369
13285842370
13285842371
13285842379
13285842508
13285842557
13285842638
13285842671
13285842696
13285842762
13285842769
13285842770
13285842773
13285842776
13285842782
13285842797
13285842812
13285842879
13285842891
13285842897
13285842902
13285842910
13285842926
13285842937
13285842956
13285842986
13285843027
13285843075
13285843085
13285843087
13285843095
13285843097
13285843102
13285843106
13285843138
13285843173
13285843185
13285843328
13285843356
13285843393
13285843595
13285843596
13285843597
13285843885
13285843906
13285843918
13285843932
13285845260
13285845287
13285845307
13285845310
13285845361
13285845362
13285845372
13285845587
13285845589
13285845593
13285845608
13285845685
13285845703
13285845739
13285845768
13285845783
13285845791
13285845793
13285845863
13285845896
13285845918
13285845925
13285845927
13285845936
13285845965
13285846039
13285846092
13285846093
13285846107
13285846157
13285846159
13285846173
13285846186
13285846192
13285846217
13285846221
13285846308
13285846317
13285846318
13285846331
13285846350
13285846371
13285846373
13285846376
13285846378
13285846513
13285846519
13285846525
13285846526
13285846529
13285846530
13285846535
13285846582
13285846587
13285846720
13285846728
13285846729
13285846739
13285846750
13285846757
13285846760
13285846763
13285846772
13285846778
13285846785
13285846873
13285846882
13285846892
13285846896
13285846902
13285846903
13285846909
13285846917
13285846919
13285846920
13285847079
13285847098
13285847102
13285847120
13285847127
13285847129
13285847157
13285847159
13285847191
13285847229
13285847256
13285847335
13285847372
13285847385
13285847386
13285847387
13285847527
13285847551
13285847553
13285847562
13285847565
13285847582
13285847601
13285847613
13285847619
13285847629
13285847691
13285847692
13285847697
13285847698
13285847709
13285847727
13285847739
13285847763
13285847827
13285847912
13285847919
13285847939
13285847952
13285847980
13285847985
13285847991
13285847996
13285847998
13285848003
13285848015
13285848016
13285848037
13285848068
13285848069
13285848070
13285848071
13285848073
13285848139
13285848153
13285848261
13285848293
13285848296
13285848297
13285848303
13285848308
13285848319
13285848371
13285848390
13285848593
13285848625
13285848672
13285848702
13285848713
13285848739
13285848750
13285848752
13285848762
13285848768
13285848769
13285848771
13285848792
13285848805
13285848807
13285848936
13285848965
13285849025
13285849105
13285849109
13285849130
13285849159
13285849185
13285849197
13285849218
13285849220
13285849230
13285849235
13285849236
13285849269
13285849272
13285849286
13285849287
13285849295
13285849296
13285849297
13285849301
13285849305
13285849308
13285849318
13285849320
13285849325
13285849327
13285849329
13285849331
13285849332
13285849350
13285849358
13285849360
13285849362
13285849363
13285849367
13285849395
13285849506
13285849531
13285849550
13285849553
13285849561
13285849568
13285849573
13285849578
13285849590
13285849592
13285849613
13285849615
13285849651
13285849710
13285849713
13285849717
13285849719
13285849736
13285849770
13285849773
13285849813
13285849816
13285849829
13285849850
13285849891
13285849913
13285849935
13285849962
13285849971
13285849976
13285849983
13291900286
13291900383
13291900397
13291900792
13291900812
13291900873
13291901326
13291901561
13291901781
13291901871
13291901907
13291901931
13291902037
13291902038
13291902115
13291903023
13291903071
13291903552
13291903571
13291903713
13291905275
13291905890
13291905937
13291905962
13291906051
13291906103
13291906173
13291906593
13291906737
13291906765
13291906825
13291906876
13291906971
13291907137
13291907201
13291907383
13291907652
13291907662
13291907681
13291907835
13291908130
13291908297
13291908367
13291908697
13291908839
13291908956
13291908962
13291908976
13291909173
13291909308
13291909326
13291909369
13291909857
13291940026
13291940032
13291940053
13291940071
13291940081
13291940089
13291940091
13291940127
13291940129
13291940132
13291940159
13291940161
13291940162
13291940183
13291940190
13291940192
13291940193
13291940195
13291940197
13291940213
13291940216
13291940219
13291940225
13291940236
13291940237
13291940239
13291940250
13291940251
13291940253
13291940257
13291940258
13291940260
13291940261
13291940273
13291940276
13291940278
13291940279
13291940282
13291940286
13291940291
13291940293
13291940295
13291940296
13291940297
13291940312
13291940326
13291940328
13291940329
13291940336
13291940338
13291940350
13291940351
13291940352
13291940357
13291940359
13291940360
13291940363
13291940365
13291940372
13291940376
13291940381
13291940385
13291940389
13291940390
13291940391
13291940397
13291940398
13291940402
13291940421
13291940431
13291940432
13291940436
13291940437
13291940451
13291940452
13291940453
13291940463
13291940468
13291940472
13291940473
13291940475
13291940481
13291940482
13291940483
13291940485
13291940487
13291940493
13291940495
13291940496
13291940497
13291940503
13291940509
13291940531
13291940537
13291940551
13291940561
13291940563
13291940568
13291940571
13291940587
13291940589
13291940590
13291940596
13291940610
13291940635
13291940638
13291940639
13291940650
13291940651
13291940653
13291940659
13291940672
13291940679
13291940687
13291940695
13291940721
13291940735
13291940736
13291940737
13291940739
13291940750
13291940751
13291940752
13291940758
13291940762
13291940767
13291940771
13291940779
13291940785
13291940786
13291940798
13291940807
13291940813
13291940820
13291940827
13291940831
13291940832
13291940838
13291940850
13291940851
13291940853
13291940856
13291940858
13291940865
13291940867
13291940869
13291940892
13291940901
13291940932
13291940938
13291940962
13291940969
13291940970
13291940982
13291940995
13291941017
13291941025
13291941051
13291941058
13291941061
13291941067
13291941070
13291941072
13291941086
13291941093
13291941129
13291941136
13291941151
13291941186
13291941201
13291941239
13291941250
13291941252
13291941256
13291941259
13291941263
13291941267
13291941268
13291941271
13291941273
13291941279
13291941282
13291941285
13291941289
13291941290
13291941293
13291941307
13291941309
13291941310
13291941312
13291941317
13291941328
13291941339
13291941352
13291941353
13291941357
13291941362
13291941363
13291941365
13291941369
13291941373
13291941375
13291941381
13291941386
13291941393
13291941397
13291941405
13291941421
13291941423
13291941425
13291941436
13291941451
13291941453
13291941457
13291941459
13291941463
13291941465
13291941468
13291941469
13291941470
13291941471
13291941472
13291941473
13291941480
13291941485
13291941487
13291941493
13291941503
13291941509
13291941510
13291941521
13291941527
13291941528
13291941531
13291941535
13291941536
13291941553
13291941557
13291941560
13291941561
13291941569
13291941571
13291941573
13291941580
13291941581
13291941585
13291941586
13291941587
13291941590
13291941591
13291941592
13291941593
13291941602
13291941605
13291941612
13291941617
13291941618
13291941621
13291941627
13291941637
13291941650
13291941651
13291941652
13291941653
13291941667
13291941671
13291941690
13291941702
13291941706
13291941712
13291941715
13291941716
13291941726
13291941730
13291941731
13291941735
13291941737
13291941739
13291941750
13291941753
13291941756
13291941759
13291941763
13291941770
13291941772
13291941773
13291941775
13291941778
13291941779
13291941782
13291941783
13291941791
13291941792
13291941796
13291941798
13291941802
13291941805
13291941809
13291941821
13291941826
13291941829
13291941837
13291941850
13291941856
13291941862
13291941870
13291941872
13291941930
13291941931
13291941938
13291941951
13291941956
13291941957
13291941958
13291941967
13291941969
13291941980
13291942007
13291942025
13291942037
13291942039
13291942051
13291942059
13291942061
13291942070
13291942071
13291942072
13291942076
13291942080
13291942081
13291942085
13291942086
13291942091
13291942095
13291942101
13291942102
13291942110
13291942115
13291942117
13291942120
13291942126
13291942132
13291942152
13291942162
13291942163
13291942165
13291942182
13291942183
13291942186
13291942187
13291942193
13291942201
13291942208
13291942215
13291942230
13291942231
13291942251
13291942267
13291942273
13291942279
13291942281
13291942286
13291942287
13291942291
13291942293
13291942317
13291942318
13291942319
13291942350
13291942360
13291942363
13291942369
13291942372
13291942379
13291942382
13291942387
13291942389
13291942390
13291942395
13291942396
13291942401
13291942403
13291942406
13291942412
13291942416
13291942419
13291942426
13291942427
13291942432
13291942435
13291942436
13291942450
13291942451
13291942457
13291942459
13291942460
13291942468
13291942470
13291942471
13291942480
13291942483
13291942490
13291942503
13291942506
13291942507
13291942509
13291942512
13291942516
13291942517
13291942521
13291942523
13291942530
13291942537
13291942562
13291942563
13291942582
13291942587
13291942589
13291942591
13291942592
13291942595
13291942596
13291942601
13291942602
13291942605
13291942618
13291942620
13291942627
13291942629
13291942638
13291942650
13291942661
13291942667
13291942673
13291942681
13291942682
13291942683
13291942685
13291942687
13291942695
13291942701
13291942705
13291942706
13291942710
13291942723
13291942725
13291942728
13291942731
13291942736
13291942739
13291942752
13291942756
13291942763
13291942773
13291942776
13291942783
13291942791
13291942795
13291942796
13291942801
13291942802
13291942821
13291942823
13291942830
13291942852
13291942853
13291942857
13291942860
13291942863
13291942865
13291942870
13291942871
13291942878
13291942881
13291942883
13291942885
13291942893
13291942898
13291942919
13291942930
13291942931
13291942932
13291942936
13291942952
13291942957
13291942958
13291942959
13291942962
13291942971
13291942972
13291942973
13291942976
13291942979
13291942982
13291942989
13291942996
13291943002
13291943007
13291943009
13291943015
13291943016
13291943017
13291943018
13291943021
13291943023
13291943027
13291943029
13291943032
13291943037
13291943038
13291943050
13291943052
13291943053
13291943060
13291943061
13291943069
13291943076
13291943081
13291943085
13291943089
13291943092
13291943097
13291943098
13291943101
13291943105
13291943125
13291943130
13291943132
13291943157
13291943159
13291943160
13291943163
13291943167
13291943169
13291943170
13291943180
13291943190
13291943192
13291943196
13291943197
13291943203
13291943216
13291943217
13291943218
13291943220
13291943221
13291943227
13291943230
13291943239
13291943256
13291943257
13291943270
13291943275
13291943279
13291943282
13291943287
13291943297
13291943302
13291943306
13291943312
13291943325
13291943327
13291943329
13291943351
13291943352
13291943356
13291943357
13291943362
13291943370
13291943371
13291943372
13291943373
13291943376
13291943382
13291943386
13291943389
13291943392
13291943397
13291943416
13291943426
13291943461
13291943462
13291943490
13291943501
13291943502
13291943505
13291943506
13291943509
13291943510
13291943515
13291943517
13291943529
13291943530
13291943532
13291943563
13291943572
13291943573
13291943575
13291943576
13291943581
13291943585
13291943591
13291943596
13291943597
13291943613
13291943616
13291943617
13291943618
13291943619
13291943628
13291943629
13291943630
13291943632
13291943635
13291943637
13291943638
13291943650
13291943652
13291943658
13291943659
13291943667
13291943671
13291943673
13291943679
13291943680
13291943682
13291943701
13291943706
13291943709
13291943715
13291943719
13291943720
13291943725
13291943728
13291943736
13291943738
13291943752
13291943756
13291943759
13291943760
13291943762
13291943770
13291943775
13291943781
13291943782
13291943790
13291943795
13291943798
13291943801
13291943803
13291943805
13291943807
13291943812
13291943820
13291943821
13291943828
13291943835
13291943836
13291943837
13291943850
13291943853
13291943858
13291943860
13291943873
13291943875
13291943887
13291943893
13291943913
13291943916
13291943918
13291943920
13291943926
13291943927
13291943930
13291943936
13291943952
13291943963
13291943971
13291943976
13291943979
13291943982
13291943986
13291944026
13291944362
13291944376
13291944378
13291944380
13291944383
13291944385
13291944386
13291944501
13291944502
13291944515
13291944526
13291944538
13291944579
13291944617
13291944619
13291944632
13291944672
13291944689
13291944698
13291944701
13291944709
13291944715
13291944719
13291944720
13291944721
13291944723
13291944730
13291944759
13291944772
13291944781
13291944782
13291944805
13291944812
13291944816
13291944819
13291944853
13291944926
13291944927
13291944932
13291944935
13291944957
13291944968
13291944982
13291944985
13291945002
13291945010
13291945015
13291945017
13291945019
13291945023
13291945026
13291945027
13291945028
13291945032
13291945036
13291945057
13291945062
13291945063
13291945071
13291945072
13291945075
13291945076
13291945078
13291945080
13291945083
13291945085
13291945091
13291945097
13291945102
13291945105
13291945107
13291945116
13291945117
13291945121
13291945125
13291945127
13291945128
13291945131
13291945135
13291945136
13291945152
13291945157
13291945160
13291945162
13291945163
13291945165
13291945167
13291945168
13291945169
13291945170
13291945173
13291945175
13291945178
13291945179
13291945180
13291945181
13291945182
13291945183
13291945186
13291945187
13291945189
13291945196
13291945212
13291945216
13291945217
13291945230
13291945231
13291945237
13291945269
13291945272
13291945273
13291945275
13291945276
13291945280
13291945282
13291945287
13291945290
13291945295
13291945310
13291945312
13291945315
13291945316
13291945317
13291945320
13291945330
13291945331
13291945337
13291945352
13291945356
13291945362
13291945363
13291945365
13291945367
13291945370
13291945371
13291945372
13291945375
13291945378
13291945381
13291945382
13291945383
13291945386
13291945390
13291945392
13291945395
13291945396
13291945397
13291945492
13291945502
13291945507
13291945513
13291945516
13291945519
13291945527
13291945530
13291945536
13291945539
13291945560
13291945563
13291945571
13291945572
13291945575
13291945576
13291945578
13291945581
13291945582
13291945583
13291945589
13291945591
13291945593
13291945596
13291945597
13291945612
13291945619
13291945620
13291945623
13291945629
13291945631
13291945632
13291945637
13291945638
13291945639
13291945652
13291945653
13291945703
13291945705
13291945712
13291945713
13291945719
13291945723
13291945726
13291945729
13291945735
13291945737
13291945771
13291945772
13291945776
13291945785
13291945786
13291945790
13291945793
13291945795
13291945807
13291945831
13291945832
13291945837
13291945839
13291945862
13291945871
13291945873
13291945893
13291945895
13291945896
13291945897
13291945901
13291945923
13291945928
13291945950
13291945951
13291945958
13291945960
13291945975
13291945982
13291946013
13291946015
13291946021
13291946023
13291946025
13291946026
13291946028
13291946031
13291946056
13291946067
13291946081
13291946107
13291946117
13291946125
13291946126
13291946153
13291946159
13291946169
13291946170
13291946173
13291946180
13291946192
13291946195
13291946198
13291946205
13291946220
13291946287
13291946289
13291946317
13291946325
13291946337
13291946339
13291946352
13291946358
13291946361
13291946368
13291946381
13291946479
13291946503
13291946506
13291946513
13291946539
13291946576
13291946590
13291946591
13291946632
13291946673
13291946683
13291946701
13291946702
13291946703
13291946708
13291946709
13291946715
13291946717
13291946721
13291946727
13291946728
13291946730
13291946735
13291946738
13291946750
13291946752
13291946758
13291946760
13291946761
13291946762
13291946769
13291946773
13291946775
13291946778
13291946782
13291946786
13291946795
13291946801
13291946808
13291946810
13291946820
13291946821
13291946859
13291946875
13291946878
13291946891
13291946892
13291946897
13291946902
13291946903
13291946907
13291946910
13291946978
13291946983
13291946986
13291947019
13291947027
13291947028
13291947035
13291947051
13291947052
13291947069
13291947071
13291947089
13291947092
13291947103
13291947109
13291947115
13291947118
13291947129
13291947131
13291947138
13291947139
13291947173
13291947180
13291947181
13291947201
13291947236
13291947257
13291947289
13291947291
13291947292
13291947293
13291947307
13291947317
13291947325
13291947326
13291947353
13291947371
13291947389
13291947395
13291947397
13291947428
13291947471
13291947481
13291947516
13291947532
13291947561
13291947572
13291947589
13291947597
13291947659
13291947662
13291947680
13291947719
13291947739
13291947782
13291947801
13291947803
13291947817
13291947820
13291947821
13291947823
13291947835
13291947852
13291947856
13291947865
13291947869
13291947873
13291947903
13291947906
13291947915
13291947918
13291947921
13291947927
13291947931
13291947935
13291947939
13291947951
13291947960
13291947968
13291947992
13291947998
13291948023
13291948027
13291948029
13291948031
13291948032
13291948038
13291948051
13291948053
13291948070
13291948085
13291948128
13291948129
13291948150
13291948152
13291948159
13291948161
13291948163
13291948173
13291948183
13291948185
13291948189
13291948291
13291948301
13291948302
13291948305
13291948316
13291948317
13291948318
13291948319
13291948325
13291948350
13291948352
13291948356
13291948362
13291948363
13291948369
13291948376
13291948395
13291948396
13291948401
13291948410
13291948423
13291948425
13291948429
13291948431
13291948469
13291948492
13291948493
13291948502
13291948516
13291948523
13291948531
13291948575
13291948576
13291948581
13291948610
13291948612
13291948615
13291948617
13291948635
13291948637
13291948639
13291948652
13291948665
13291948676
13291948689
13291948713
13291948730
13291948736
13291948737
13291948751
13291948753
13291948759
13291948760
13291948795
13291948831
13291948913
13291948917
13291948957
13291948973
13291948976
13291948996
13291949017
13291949052
13291949073
13291949086
13291949102
13291949105
13291949108
13291949125
13291949126
13291949128
13291949135
13291949170
13291949173
13291949175
13291949227
13291949271
13291949430
13291949453
13291949773
13291949826
13291950454
13291950474
13291950741
13291950845
13291951404
13291951483
13291952442
13291952734
13291953491
13291954129
13291954301
13291954427
13291954603
13291954656
13291954756
13291954872
13291956487
13291956764
13291956824
13291956834
13291956924
13291956934
13291957124
13291957274
13291957404
13291957534
13291957634
13291957694
13291958084
13291958194
13291958224
13291958344
13291958364
13291958764
13291958874
13291958964
13291959054
13291959064
13291959274
13291959564
13291959574
13291959714
13291959742
13291990239
13291990865
13291991928
13291992387
13291992690
13291992853
13291993352
13291993606
13291993659
13291993675
13291993906
13291993958
13291994915
13291994917
13291994918
13291994923
13291995013
13291995408
13291995608
13291995720
13291995906
13291995972
13291996103
13291996128
13291996215
13291996536
13291996813
13291996817
13291997016
13291997026
13291997859
13291997875
13291998329
13291998691
13291998737
13295740013
13295740017
13295740019
13295740021
13295740026
13295740027
13295740035
13295740038
13295740039
13295740050
13295740051
13295740052
13295740057
13295740058
13295740059
13295740060
13295740062
13295740063
13295740065
13295740069
13295740072
13295740073
13295740075
13295740076
13295740080
13295740090
13295740093
13295740095
13295740102
13295740103
13295740112
13295740113
13295740115
13295740128
13295740129
13295740130
13295740132
13295740136
13295740137
13295740138
13295740150
13295740153
13295740156
13295740158
13295740159
13295740160
13295740165
13295740167
13295740169
13295740176
13295740181
13295740182
13295740185
13295740189
13295740190
13295740193
13295740195
13295740201
13295740203
13295740208
13295740213
13295740216
13295740219
13295740221
13295740223
13295740225
13295740226
13295740227
13295740229
13295740231
13295740232
13295740236
13295740252
13295740256
13295740257
13295740262
13295740270
13295740271
13295740272
13295740275
13295740281
13295740283
13295740287
13295740289
13295740302
13295740331
13295740337
13295740360
13295740361
13295740362
13295740363
13295740376
13295740383
13295740386
13295740389
13295740501
13295740503
13295740507
13295740508
13295740509
13295740510
13295740525
13295740527
13295740537
13295740560
13295740597
13295740598
13295740608
13295740610
13295740620
13295740635
13295740650
13295740657
13295740661
13295740665
13295740671
13295740672
13295740676
13295740679
13295740680
13295740681
13295740685
13295740689
13295740690
13295740691
13295740718
13295740723
13295740732
13295740735
13295740738
13295740739
13295740752
13295740753
13295740757
13295740762
13295740763
13295740767
13295740768
13295740771
13295740780
13295740782
13295740785
13295740787
13295740790
13295740792
13295740809
13295740812
13295740815
13295740816
13295740817
13295740820
13295740823
13295740827
13295740829
13295740859
13295740865
13295740870
13295740885
13295740891
13295740893
13295740895
13295740901
13295740910
13295740912
13295740923
13295740927
13295740930
13295740931
13295740936
13295740938
13295740939
13295740950
13295740951
13295740952
13295740953
13295740956
13295740957
13295740960
13295740961
13295740965
13295740967
13295740968
13295740972
13295741020
13295741021
13295741035
13295741056
13295741061
13295741069
13295741070
13295741071
13295741089
13295741090
13295741092
13295741098
13295741102
13295741126
13295741130
13295741131
13295741136
13295741152
13295741153
13295741156
13295741161
13295741167
13295741168
13295741171
13295741173
13295741176
13295741180
13295741181
13295741182
13295741183
13295741186
13295741191
13295741205
13295741220
13295741230
13295741236
13295741237
13295741238
13295741239
13295741250
13295741251
13295741253
13295741256
13295741257
13295741258
13295741259
13295741260
13295741261
13295741262
13295741265
13295741269
13295741270
13295741271
13295741272
13295741273
13295741278
13295741279
13295741281
13295741283
13295741285
13295741289
13295741290
13295741293
13295741296
13295741297
13295741298
13295741301
13295741302
13295741303
13295741306
13295741307
13295741308
13295741309
13295741312
13295741316
13295741323
13295741325
13295741326
13295741327
13295741328
13295741337
13295741339
13295741352
13295741356
13295741357
13295741360
13295741369
13295741370
13295741371
13295741375
13295741376
13295741381
13295741382
13295741383
13295741385
13295741387
13295741389
13295741391
13295741397
13295741501
13295741503
13295741505
13295741506
13295741508
13295741510
13295741512
13295741517
13295741519
13295741525
13295741527
13295741529
13295741532
13295741535
13295741536
13295741538
13295741539
13295741550
13295741552
13295741553
13295741556
13295741557
13295741560
13295741561
13295741562
13295741563
13295741565
13295741568
13295741569
13295741570
13295741571
13295741572
13295741575
13295741576
13295741578
13295741580
13295741581
13295741583
13295741585
13295741586
13295741587
13295741589
13295741590
13295741592
13295741593
13295741603
13295741605
13295741606
13295741607
13295741610
13295741612
13295741613
13295741615
13295741617
13295741623
13295741625
13295741629
13295741631
13295741635
13295741651
13295741652
13295741658
13295741667
13295741669
13295741670
13295741671
13295741673
13295741679
13295741681
13295741685
13295741692
13295741693
13295741696
13295741697
13295741703
13295741707
13295741712
13295741715
13295741726
13295741728
13295741729
13295741732
13295741738
13295741763
13295741769
13295741770
13295741773
13295741781
13295741786
13295741793
13295741795
13295741805
13295741806
13295741807
13295741810
13295741813
13295741815
13295741816
13295741820
13295741826
13295741830
13295741836
13295741853
13295741857
13295741868
13295741869
13295741870
13295741872
13295741873
13295741875
13295741878
13295741880
13295741883
13295741886
13295741891
13295741892
13295741896
13295741897
13295741898
13295741905
13295741907
13295741915
13295741920
13295741921
13295741923
13295741925
13295741926
13295741928
13295741932
13295741935
13295741936
13295741937
13295741950
13295741951
13295741952
13295741953
13295741957
13295741958
13295741959
13295741960
13295741963
13295742026
13295742038
13295742057
13295742059
13295742068
13295742076
13295742082
13295742083
13295742097
13295742115
13295742120
13295742125
13295742135
13295742137
13295742150
13295742162
13295742163
13295742168
13295742169
13295742171
13295742172
13295742173
13295742179
13295742219
13295742232
13295742237
13295742252
13295742257
13295742259
13295742260
13295742265
13295742268
13295742269
13295742271
13295742273
13295742282
13295742285
13295742305
13295742307
13295742308
13295742309
13295742310
13295742312
13295742315
13295742316
13295742317
13295742318
13295742320
13295742325
13295742331
13295742335
13295742338
13295742351
13295742357
13295742358
13295742359
13295742362
13295742363
13295742376
13295742378
13295742382
13295742386
13295742515
13295742527
13295742529
13295742532
13295742535
13295742536
13295742538
13295742539
13295742551
13295742559
13295742565
13295742568
13295742571
13295742573
13295742576
13295742578
13295742579
13295742581
13295742582
13295742590
13295742593
13295742612
13295742613
13295742618
13295742628
13295742635
13295742663
13295742665
13295742667
13295742670
13295742672
13295742673
13295742676
13295742680
13295742681
13295742683
13295742685
13295742687
13295742692
13295742693
13295742696
13295742698
13295742702
13295742705
13295742706
13295742709
13295742712
13295742716
13295742717
13295742719
13295742720
13295742721
13295742726
13295742728
13295742731
13295742737
13295742739
13295742751
13295742752
13295742753
13295742757
13295742758
13295742759
13295742761
13295742762
13295742763
13295742778
13295742781
13295742782
13295742783
13295742785
13295742790
13295742791
13295742795
13295742797
13295742806
13295742808
13295742813
13295742815
13295742817
13295742819
13295742821
13295742823
13295742825
13295742826
13295742827
13295742831
13295742835
13295742836
13295742837
13295742839
13295742850
13295742851
13295742852
13295742853
13295742857
13295742859
13295742861
13295742863
13295742865
13295742869
13295742870
13295742871
13295742872
13295742875
13295742879
13295742880
13295742883
13295742887
13295742891
13295742892
13295742895
13295742896
13295742897
13295742898
13295742901
13295742903
13295742906
13295742907
13295742908
13295742910
13295742912
13295742916
13295742917
13295742918
13295742919
13295742921
13295742923
13295742925
13295742926
13295742927
13295742928
13295742930
13295742931
13295742932
13295742935
13295742936
13295742937
13295742939
13295742952
13295742953
13295742956
13295742957
13295742958
13295742959
13295742960
13295742961
13295742962
13295742963
13295742969
13295742970
13295742971
13295742972
13295742973
13295742975
13295742976
13295742979
13295742980
13295742981
13295742982
13295742983
13295742985
13295742986
13295742989
13295742990
13295742991
13295742993
13295742995
13295742996
13295742997
13295743001
13295743002
13295743005
13295743007
13295743010
13295743015
13295743016
13295743017
13295743018
13295743020
13295743021
13295743026
13295743027
13295743028
13295743031
13295743035
13295743037
13295743038
13295743039
13295743050
13295743051
13295743052
13295743053
13295743056
13295743057
13295743058
13295743060
13295743061
13295743062
13295743063
13295743065
13295743067
13295743068
13295743070
13295743071
13295743072
13295743075
13295743076
13295743079
13295743080
13295743081
13295743082
13295743083
13295743085
13295743097
13295743101
13295743102
13295743105
13295743107
13295743108
13295743109
13295743115
13295743117
13295743118
13295743120
13295743121
13295743126
13295743136
13295743139
13295743150
13295743151
13295743152
13295743156
13295743157
13295743159
13295743160
13295743161
13295743165
13295743167
13295743169
13295743173
13295743175
13295743176
13295743178
13295743179
13295743180
13295743181
13295743185
13295743187
13295743189
13295743191
13295743192
13295743196
13295743198
13295743201
13295743202
13295743203
13295743205
13295743206
13295743207
13295743208
13295743209
13295743212
13295743213
13295743215
13295743216
13295743217
13295743219
13295743220
13295743221
13295743225
13295743226
13295743227
13295743228
13295743229
13295743230
13295743231
13295743235
13295743237
13295743238
13295743239
13295743250
13295743252
13295743253
13295743256
13295743257
13295743259
13295743260
13295743261
13295743262
13295743263
13295743267
13295743269
13295743270
13295743272
13295743273
13295743276
13295743278
13295743281
13295743282
13295743283
13295743287
13295743289
13295743290
13295743291
13295743292
13295743305
13295743306
13295743307
13295743309
13295743310
13295743312
13295743315
13295743352
13295743358
13295743359
13295743362
13295743363
13295743380
13295743391
13295743396
13295743501
13295743505
13295743508
13295743512
13295743513
13295743519
13295743526
13295743527
13295743550
13295743580
13295743589
13295743605
13295743606
13295743609
13295743610
13295743612
13295743613
13295743615
13295743616
13295743617
13295743618
13295743620
13295743623
13295743625
13295743626
13295743627
13295743629
13295743630
13295743631
13295743632
13295743637
13295743638
13295743639
13295743650
13295743651
13295743652
13295743657
13295743662
13295743665
13295743667
13295743670
13295743671
13295743672
13295743673
13295743675
13295743681
13295743682
13295743683
13295743685
13295743686
13295743687
13295743689
13295743691
13295743693
13295743695
13295743697
13295743701
13295743703
13295743709
13295743713
13295743720
13295743750
13295743753
13295743756
13295743759
13295743760
13295743763
13295743768
13295743780
13295743783
13295743785
13295743791
13295743792
13295743795
13295743796
13295743797
13295743798
13295743806
13295743807
13295743808
13295743809
13295743810
13295743812
13295743815
13295743816
13295743817
13295743820
13295743821
13295743823
13295743825
13295743827
13295743829
13295743831
13295743832
13295743850
13295743851
13295743852
13295743853
13295743856
13295743857
13295743859
13295743861
13295743868
13295743869
13295743870
13295743873
13295743890
13295743891
13295743897
13295743902
13295743907
13295743910
13295743920
13295743921
13295743923
13295743927
13295743928
13295743931
13295743935
13295743956
13295743959
13295743970
13295743971
13295743972
13295743975
13295743976
13295743978
13295743981
13295743982
13295743985
13295743986
13295743992
13295743996
13295744227
13295744572
13295744602
13295745019
13295745023
13295745053
13295745056
13295745068
13295745069
13295745073
13295745079
13295745081
13295745083
13295745085
13295745086
13295745095
13295745097
13295745125
13295745128
13295745161
13295745165
13295745168
13295745169
13295745172
13295745179
13295745180
13295745181
13295745183
13295745187
13295745189
13295745190
13295745191
13295745193
13295745195
13295745216
13295745217
13295745219
13295745221
13295745228
13295745230
13295745231
13295745232
13295745235
13295745239
13295745250
13295745251
13295745253
13295745258
13295745260
13295745262
13295745276
13295745279
13295745281
13295745285
13295745287
13295745296
13295745298
13295745306
13295745308
13295745309
13295745315
13295745317
13295745318
13295745319
13295745320
13295745323
13295745329
13295745361
13295745378
13295745382
13295745508
13295745523
13295745530
13295745612
13295745626
13295745630
13295745638
13295745660
13295745720
13295745805
13295745809
13295745813
13295745817
13295745823
13295745825
13295745829
13295745831
13295745837
13295745838
13295745839
13295745850
13295745857
13295745859
13295745860
13295745861
13295745867
13295745868
13295745870
13295745871
13295745873
13295745879
13295745881
13295745882
13295745889
13295745892
13295745905
13295745910
13295745912
13295745916
13295745918
13295745920
13295745926
13295745927
13295745939
13295745951
13295745953
13295745958
13295745960
13295745963
13295745965
13295745972
13295745973
13295745976
13295745978
13295745983
13295745989
13295745991
13295745993
13295746003
13295746015
13295746023
13295746028
13295746030
13295746039
13295746052
13295746053
13295746068
13295746069
13295746072
13295746073
13295746089
13295746093
13295746102
13295746105
13295746106
13295746108
13295746109
13295746115
13295746118
13295746120
13295746129
13295746131
13295746135
13295746136
13295746160
13295746180
13295746189
13295746197
13295746198
13295746207
13295746213
13295746216
13295746217
13295746219
13295746220
13295746223
13295746230
13295746232
13295746237
13295746256
13295746258
13295746259
13295746260
13295746268
13295746275
13295746278
13295746281
13295746289
13295746293
13295746296
13295746303
13295746310
13295746318
13295746335
13295746338
13295746350
13295746369
13295746381
13295746395
13295746501
13295746508
13295746509
13295746530
13295746558
13295746561
13295746563
13295746572
13295746578
13295746579
13295746583
13295746590
13295746602
13295746605
13295746636
13295746671
13295746685
13295746691
13295746693
13295746702
13295746705
13295746706
13295746710
13295746712
13295746713
13295746728
13295746730
13295746750
13295746751
13295746759
13295746769
13295746779
13295746780
13295746792
13295746810
13295746816
13295746821
13295746835
13295746836
13295746852
13295746860
13295746881
13295746883
13295746891
13295746892
13295746895
13295746896
13295746918
13295746928
13295746930
13295746958
13295746963
13295747023
13295747061
13295747065
13295747073
13295747172
13295747193
13295747202
13295747207
13295747212
13295747213
13295747216
13295747217
13295747218
13295747221
13295747226
13295747229
13295747230
13295747235
13295747236
13295747238
13295747239
13295747251
13295747252
13295747253
13295747256
13295747257
13295747259
13295747262
13295747263
13295747265
13295747267
13295747270
13295747271
13295747275
13295747283
13295747306
13295747308
13295747315
13295747316
13295747323
13295747328
13295747330
13295747331
13295747332
13295747335
13295747357
13295747361
13295747362
13295747363
13295747367
13295747368
13295747398
13295747505
13295747506
13295747507
13295747508
13295747509
13295747510
13295747512
13295747513
13295747515
13295747516
13295747517
13295747519
13295747521
13295747523
13295747525
13295747526
13295747527
13295747528
13295747530
13295747532
13295747535
13295747536
13295747537
13295747538
13295747539
13295747550
13295747553
13295747558
13295747559
13295747560
13295747565
13295747585
13295747606
13295747670
13295747672
13295747673
13295747675
13295747680
13295747685
13295747686
13295747687
13295747690
13295747692
13295747695
13295747697
13295747701
13295747702
13295747703
13295747705
13295747706
13295747708
13295747709
13295747710
13295747712
13295747713
13295747715
13295747716
13295747720
13295747721
13295747727
13295747729
13295747730
13295747731
13295747736
13295747737
13295747738
13295747739
13295747750
13295747758
13295747760
13295747761
13295747762
13295747763
13295747768
13295747783
13295747786
13295747787
13295747790
13295747791
13295747792
13295747793
13295747795
13295747796
13295747801
13295747802
13295747803
13295747806
13295747807
13295747809
13295747810
13295747812
13295747813
13295747815
13295747816
13295747817
13295747821
13295747825
13295747828
13295747829
13295747830
13295747831
13295747832
13295747835
13295747836
13295747837
13295747838
13295747839
13295747850
13295747851
13295747852
13295747856
13295747857
13295747858
13295747859
13295747860
13295747861
13295747862
13295747863
13295747865
13295747868
13295747869
13295747872
13295747875
13295747879
13295747880
13295747881
13295747882
13295747885
13295747890
13295747891
13295747893
13295747895
13295747896
13295747897
13295747901
13295747902
13295747905
13295747906
13295747907
13295747909
13295747910
13295747913
13295747916
13295747917
13295747920
13295747921
13295747923
13295747925
13295747926
13295747927
13295747928
13295747930
13295747932
13295747935
13295747936
13295747937
13295747938
13295747939
13295747950
13295747951
13295747952
13295747953
13295747956
13295747957
13295747960
13295747961
13295747962
13295747963
13295747965
13295747967
13295747968
13295747971
13295747972
13295747975
13295747976
13295747980
13295747982
13295747983
13295747985
13295747991
13295747992
13295747993
13295747995
13295748001
13295748002
13295748005
13295748010
13295748013
13295748015
13295748016
13295748017
13295748019
13295748020
13295748021
13295748023
13295748025
13295748027
13295748029
13295748030
13295748031
13295748032
13295748035
13295748036
13295748037
13295748039
13295748050
13295748052
13295748053
13295748057
13295748058
13295748061
13295748062
13295748065
13295748068
13295748069
13295748071
13295748072
13295748073
13295748075
13295748076
13295748097
13295748257
13295748263
13295748291
13295748297
13295748352
13295748380
13295748507
13295748508
13295748617
13295748670
13295748680
13295748958
13295749103
13295749158
13295749168
13295749237
13295749239
13295749259
13295749272
13295749291
13295749303
13295749305
13295749309
13295749319
13295749320
13295749323
13295749327
13295749328
13295749332
13295749337
13295749351
13295749356
13295749359
13295749360
13295749362
13295749363
13295749367
13295749368
13295749371
13295749381
13295749391
13295749510
13295749535
13295749539
13295749550
13295749560
13295749561
13295749563
13295749565
13295749570
13295749581
13295749590
13295749591
13295749592
13295749593
13295749609
13295749620
13295749621
13295749623
13295749625
13295749627
13295749629
13295749635
13295749636
13295749637
13295749663
13295749679
13295749710
13295749712
13295749713
13295749717
13295749725
13295749726
13295749731
13295749735
13295749752
13295749753
13295749759
13295749761
13295749763
13295749767
13295749769
13295749770
13295749780
13295749801
13295749805
13295749806
13295749807
13295749812
13295749816
13295749827
13295749830
13295749836
13295749852
13295749857
13295749861
13295749869
13295749870
13295749885
13295840020
13295840029
13295840035
13295840037
13295840038
13295840039
13295840053
13295840061
13295840069
13295840087
13295840089
13295840091
13295840092
13295840096
13295840097
13295840107
13295840119
13295840126
13295840128
13295840130
13295840131
13295840132
13295840136
13295840153
13295840158
13295840159
13295840165
13295840176
13295840178
13295840181
13295840183
13295840189
13295840191
13295840195
13295840201
13295840206
13295840212
13295840213
13295840218
13295840221
13295840223
13295840226
13295840228
13295840231
13295840236
13295840237
13295840238
13295840239
13295840253
13295840260
13295840263
13295840265
13295840267
13295840270
13295840273
13295840276
13295840282
13295840285
13295840286
13295840289
13295840290
13295840293
13295840295
13295840302
13295840309
13295840310
13295840316
13295840327
13295840351
13295840353
13295840357
13295840358
13295840363
13295840365
13295840368
13295840385
13295840386
13295840392
13295840509
13295840510
13295840513
13295840519
13295840521
13295840530
13295840531
13295840537
13295840556
13295840557
13295840560
13295840562
13295840569
13295840573
13295840579
13295840581
13295840582
13295840585
13295840590
13295840592
13295840593
13295840598
13295840608
13295840612
13295840627
13295840632
13295840657
13295840658
13295840662
13295840667
13295840672
13295840673
13295840685
13295840692
13295840701
13295840717
13295840719
13295840720
13295840732
13295840735
13295840736
13295840738
13295840753
13295840756
13295840760
13295840767
13295840769
13295840771
13295840778
13295840779
13295840780
13295840782
13295840786
13295840791
13295840801
13295840812
13295840819
13295840823
13295840831
13295840832
13295840835
13295840839
13295840852
13295840853
13295840859
13295840861
13295840869
13295840872
13295840873
13295840879
13295840895
13295840897
13295840907
13295840918
13295840927
13295840931
13295840932
13295840935
13295840936
13295840952
13295840957
13295840959
13295840968
13295840969
13295840982
13295840987
13295840993
13295841005
13295841013
13295841015
13295841017
13295841018
13295841019
13295841020
13295841025
13295841035
13295841050
13295841051
13295841059
13295841062
13295841065
13295841072
13295841075
13295841083
13295841086
13295841089
13295841097
13295841109
13295841137
13295841152
13295841153
13295841157
13295841161
13295841162
13295841163
13295841168
13295841171
13295841172
13295841173
13295841181
13295841202
13295841207
13295841223
13295841231
13295841235
13295841237
13295841239
13295841253
13295841259
13295841262
13295841269
13295841270
13295841279
13295841283
13295841287
13295841291
13295841295
13295841305
13295841306
13295841315
13295841323
13295841325
13295841332
13295841337
13295841339
13295841353
13295841361
13295841363
13295841367
13295841375
13295841378
13295841380
13295841382
13295841385
13295841386
13295841387
13295841390
13295841392
13295841395
13295841396
13295841503
13295841508
13295841509
13295841513
13295841516
13295841517
13295841521
13295841539
13295841562
13295841565
13295841568
13295841575
13295841576
13295841578
13295841581
13295841591
13295841592
13295841593
13295841595
13295841609
13295841610
13295841619
13295841620
13295841630
13295841636
13295841637
13295841638
13295841657
13295841659
13295841692
13295841696
13295841703
13295841705
13295841721
13295841728
13295841729
13295841730
13295841738
13295841756
13295841760
13295841772
13295841779
13295841781
13295841795
13295841798
13295841819
13295841820
13295841823
13295841832
13295841836
13295841838
13295841839
13295841851
13295841852
13295841856
13295841859
13295841860
13295841862
13295841867
13295841872
13295841873
13295841879
13295841886
13295841889
13295841891
13295841893
13295841896
13295841898
13295841902
13295841910
13295841915
13295841918
13295841920
13295841925
13295841926
13295841929
13295841937
13295841950
13295841956
13295841958
13295841962
13295841963
13295841983
13295841985
13295842015
13295842021
13295842031
13295842056
13295842058
13295842075
13295842086
13295842089
13295842095
13295842102
13295842106
13295842113
13295842118
13295842119
13295842167
13295842168
13295842189
13295842190
13295842196
13295842197
13295842203
13295842205
13295842208
13295842212
13295842213
13295842235
13295842237
13295842238
13295842261
13295842262
13295842268
13295842303
13295842305
13295842308
13295842331
13295842350
13295842363
13295842369
13295842379
13295842381
13295842387
13295842390
13295842396
13295842397
13295842398
13295842503
13295842507
13295842513
13295842515
13295842521
13295842526
13295842527
13295842532
13295842535
13295842536
13295842539
13295842551
13295842553
13295842562
13295842569
13295842571
13295842573
13295842576
13295842587
13295842612
13295842616
13295842621
13295842627
13295842629
13295842631
13295842636
13295842650
13295842663
13295842672
13295842675
13295842685
13295842698
13295842703
13295842706
13295842707
13295842708
13295842710
13295842717
13295842719
13295842720
13295842723
13295842726
13295842770
13295842793
13295842797
13295842805
13295842807
13295842813
13295842893
13295842896
13295842897
13295842970
13295843005
13295843021
13295843023
13295843025
13295843031
13295843032
13295843037
13295843058
13295843069
13295843070
13295843089
13295843092
13295843101
13295843105
13295843107
13295843108
13295843112
13295843121
13295843129
13295843130
13295843139
13295843150
13295843161
13295843167
13295843169
13295843170
13295843179
13295843181
13295843182
13295843183
13295843185
13295843186
13295843191
13295843197
13295843203
13295843205
13295843207
13295843216
13295843218
13295843251
13295843261
13295843269
13295843270
13295843271
13295843272
13295843273
13295843276
13295843281
13295843286
13295843289
13295843291
13295843297
13295843298
13295843309
13295843371
13295843393
13295843502
13295843505
13295843506
13295843512
13295843551
13295843556
13295843558
13295843560
13295843565
13295843575
13295843578
13295843581
13295843587
13295843597
13295843602
13295843605
13295843618
13295843632
13295843639
13295843651
13295843653
13295843662
13295843667
13295843673
13295843690
13295843693
13295843703
13295843709
13295843717
13295843729
13295843736
13295843739
13295843751
13295843753
13295843761
13295843772
13295843776
13295843781
13295843881
13295843886
13295843928
13295844362
13295844479
13295844601
13295844723
13295844776
13295844852
13295844916
13295845071
13295845138
13295845158
13295845168
13295845230
13295845231
13295845235
13295845531
13295845713
13295845791
13295845992
13295846078
13295846168
13295846221
13295846687
13295846708
13295846836
13295847065
13295847175
13295847573
13295847681
13295847782
13295847920
13295847959
13295848168
13295848332
13295848368
13295848398
13295848521
13295848752
13295848820
13295848826
13295848916
13295848920
13295848937
13295848938
13295848953
13295849129
13295849213
13295849368
13295849673
13295849681
13295849687
13295849758
13296814368
13296814378
13296814554
13296815484
13296815774
13296828203
15557011397
15557080157
15557082569
15557088725
15557089253
15557091578
15557095623
15557098073
15557413389
15557413797
15557421025
15557421172
15557421372
15557421376
15557421732
15557426271
15557427056
15557428762
15557430169
15557431306
15557431953
15557432627
15557435323
15557435832
15557438559
15558201330
15558219177
15558223138
15558225703
15558225903
15558257072
15558260352
15558270325
15558270837
15558271263
15558271370
15558271523
15558271625
15558272035
15558272173
15558272908
15558275310
15558275679
15558276013
15558276280
15558276731
15558277105
15558277183
15558277960
15558278571
15558278723
15558279071
15558279126
15558309523
15558329231
15558360657
15558360739
15558361296
15558362673
15558362695
15558362730
15558362813
15558366175
15558367501
15558372081
15558375812
15558391063
15558392331
15558412671
15558425137
15558425197
15558429726
15558429761
15558429805
15558437162
15558437375
15606610027
15606610279
15606610757
15606611572
15606611732
15606611792
15606612331
15606612561
15606612597
15606612706
15606612827
15606613075
15606613215
15606613281
15606613289
15606613383
15606613527
15606613570
15606613617
15606613637
15606613671
15606613701
15606613825
15606613829
15606613830
15606613875
15606615129
15606615139
15606615321
15606615681
15606615731
15606615750
15606615912
15606615917
15606616251
15606616359
15606616383
15606616386
15606617190
15606617350
15606617719
15606617761
15606617762
15606618152
15606618297
15606618392
15606618572
15606618751
15606618973
15606619031
15606619210
15606619227
15606619317
15606619381
15606619670
15606619890
15657820572
15657820651
15657821207
15657821230
15657821382
15657821620
15657821963
15657821981
15657822175
15657822621
15657822756
15657823193
15657823918
15657825021
15657825079
15657825090
15657825236
15657825607
15657825651
15657825703
15657825851
15657826057
15657826235
15657826386
15657826553
15657826736
15657827082
15657827528
15657827537
15657827816
15657827831
15657827861
15657828959
15657828995
15657829252
15657829313
15657829368
15657870275
15657871507
15657872671
15657872982
15658217551
15658217895
15658223981
15658230377
15658230755
15658231099
15658231522
15658231822
15658231877
15658232022
15658232577
15658232611
15658232677
15658232755
15658232800
15658233122
15658233755
15658233855
15658235033
15658235100
15658235199
15658235611
15658236122
15658236255
15658237355
15658237677
15658239055
15658239655
15658239811
15658250155
15658250233
15658250322
15658250577
15658250677
15658251711
15658251755
15658251811
15658251822
15658252065
15658252155
15658252311
15658252322
15658253011
15658253077
15658253133
15658253500
15658255011
15658255122
15658255299
15658255322
15658255377
15658255677
15658255911
15658256133
15658257200
15658257255
15658258577
15658258733
15658259277
15658259377
15658270065
15658270165
15658270170
15658270251
15658270258
15658270289
15658270305
15658270307
15658270935
15658271095
15658271535
15658271578
15658271706
15658272053
15658272071
15658273035
15658273102
15658273251
15658273290
15658273672
15658273725
15658273736
15658275183
15658275719
15658275778
15658275973
15658276158
15658276295
15658276835
15658276875
15658276918
15658276931
15658276953
15658276970
15658276973
15658276992
15658277115
15658277218
15658277259
15658277301
15658277321
15658277596
15658277637
15658277687
15658277802
15658277925
15658277952
15658278302
15658278637
15658278656
15658278851
15658278991
15658279076
15658279212
15658279215
15658279253
15658279536
15658279768
15658290255
15658290611
15658290733
15658291911
15658292122
15658292322
15658292355
15658292511
15658292633
15658292755
15658293511
15658293633
15658293655
15658293755
15658293822
15658293877
15658293955
15658295133
15658295322
15658295611
15658295700
15658295833
15658295922
15658296011
15658296033
15658296055
15658296122
15658296133
15658296155
15658296233
15658296277
15658296700
15658296711
15658296922
15658296955
15658297022
15658297122
15658297211
15658297533
15658297622
15658297800
15658297811
15658298233
15658298533
15658298622
15658298711
15658298977
15658299511
15658299522
15658299611
15658373756
15658380135
15658381071
15658381270
15658381695
15658382397
15658382517
15658382586
15658383179
15658383280
15658383306
15658385269
15658385325
15658385392
15658385982
15658386129
15658386705
15658386931
15658387109
15658387350
15658387371
15658387387
15658387593
15658387621
15658387683
15658387903
15658389023
15658389136
15658389329
15658389525
15658389551
15658420745
15658421254
15658421440
15658421554
15658422404
15658422443
15658423274
15658424363
15658424467
15658424475
15658424772
15658424867
15658424915
15658425034
15658425543
15658426045
15658463220
15669100635
15669101262
15669101329
15669101535
15669101697
15669101720
15669101761
15669101770
15669101787
15669101951
15669102190
15669102372
15669102506
15669102531
15669102713
15669102792
15669102953
15669103516
15669103523
15669103980
15669105167
15669105190
15669105321
15669105367
15669105619
15669105769
15669105981
15669106270
15669106306
15669106679
15669106756
15669107189
15669107573
15669107587
15669107638
15669108187
15669108351
15669108519
15669108572
15669109531
15669120572
15669120796
15669121038
15669121051
15669121072
15669121863
15669121928
15669122510
15669123126
15669123589
15669123796
15669123815
15669123851
15669123852
15669123871
15669123937
15669125056
15669125256
15669125605
15669125770
15669126069
15669126325
15669126563
15669127190
15669127203
15669127316
15669127393
15669127950
15669127965
15669129768
15669175058
15669180358
15669180363
15669180758
15669181283
15669181395
15669181516
15669181537
15669181590
15669181603
15669181675
15669181710
15669181905
15669182328
15669182351
15669182510
15669182620
15669182706
15669182786
15669182939
15669183036
15669183237
15669183287
15669183563
15669183580
15669185073
15669185192
15669185271
15669185373
15669185591
15669185723
15669186173
15669186375
15669186736
15669186801
15669187128
15669187165
15669187170
15669187230
15669187285
15669187320
15669187561
15669187813
15669187829
15669188129
15669188385
15669189007
15669189021
15669189031
15669189152
15669189321
15669189536
15669189636
15669189781
15669189820
15669200025
15669212371
15669213620
15669216206
15669222268
15669281901
15669282583
17606741809
17606745171
17606745439
17606747482
17606748104
17682362204
17682363483
17682364106
17682370894
17682371465
17682371504
17682371648
17682371649
17682372554
17682373704
17682374384
17682374423
17682374475
17682375184
17682450387
17682450583
17682450872
17682451731
17682451871
17682452169
17682453139
17682453162
17682453981
17682454887
17682455890
17682456141
17682456404
17682458075
17682458501
17682459571
17682459635
18606861563
18606879561
18657410285
18657415330
18657416079
18657416302
18657417256
18657426219
18657432905
18657435953
18657437562
18657438153
18657453563
18658210355
18658210511
18658211377
18658211655
18658211699
18658211955
18658212033
18658212311
18658213055
18658213533
18658213600
18658215677
18658216033
18658216539
18658216799
18658216855
18658217055
18658217122
18658217233
18658217500
18658217622
18658217833
18658217933
18658218022
18658218077
18658218122
18658218133
18658218322
18658218922
18658218955
18658219033
18658219077
18658219722
18658219811
18658230863
18658232623
18658418006
18658427192
18658429367
18658429761
18667423073
18667427519
18667427965
34802637068
50145847299