17520488635
17620418167
13265849250
13113678398
13163726740
17665235026
13113697257
17620458071
13148804536
17603017680
17665273952
18529557448
17688962572
17665312103
17520493582
13247620267
13163724654
18529559473
13149924950
13128787163
17620457163
13247640756
17520459756
13149943146
17520458157
13148822486
13247645923
13113679126
17688775837
17620319517
13189783750
13128751850
13247647927
17603071856
17688958043
13149928742
13128916795
13163716243
17620327735
13247617932
13168730382
13149904249
13247647523
13148818697
13247627357
13113676921
13128986371
18529561748
13128732026
13113697312
13113637531
13149942493
13163715640
17688753036
13148800458
18575681404
18682078935
13128971236
13113676605
16675558234
17512053276
13128917103
13113672276
17665478672
13149902994
17665319679
13242080273
13113685591
13148844095
15626527192
13247613587
13168731519
17688936213
13148854632
17620336070
18529555467
13113671937
13113650283
17665227307
13149929047
13149920347
13168767713
13249398530
13113651538
17688706317
17665211071
13163723048
13128725903
13148844762
13247609573
18676799303
17620425389
18529558748
17620419137
13247646831
13247617325
17512036709
13113653267
17512051367
13168786271
13113650351
13128752182
13149921403
13128769890
13148811478
17620386281
13128957180
13040847530
17607556735
13168733817
13148891471
17620443072
17603085517
18529567841
18603023097
18529555847
18512601764
17665360183
13148827593
13163710464
13113671782
13128913029
13168792175
13247629706
13168739517
17665396590
13163728304
17603078636
17520452632
13168723361
13113672209
17688714473
13128733265
17512095831
13113651687
17666137706
17688759638
17665469530
13113671926
17688162190
13247647239
17688714825
13128793032
13113671632
17688798173
13148854439
13149922148
13148827591
13128781691
13113676020
18529567849
13149912406
18529533140
17607617283
18512609845
13148817327
18529559417
13113690170
18665333029
18529557949
13128718375
17520482732
17512013830
18529567342
13128797125
13113672665
17688707316
16625120846
17688713496
13113678897
18512606649
13247629767
13128917581
13113639713
13149943840
13148809461
13113679280
13128703613
17688900589
16675558604
17665255069
17620449206
13149949884
17620313703
13128782157
13163718474
18529534047
13128793523
13128936117
17688567102
13265840183
18529514352
17603013587
17688954504
13168755101
13128759272
13113673967
17620459579
13068731695
13128736792
17620397621
13113635897
18512608364
18682295089
18512609048
13113676920
13247640167
13113673071
13168775106
17665272795
13148819458
13113671703
13148817212
13163727604
13113652351
13128728170
13113678087
17620453161
13113672950
17620375301
13128909271
13247648351
17688757129
13128795672
18529526749
13148813751
13113673503
13265847737
13129527921
13128737627
13247641905
13148829405
13113612975
17688901797
17665482613
18529567046
18529563147
13025423530
13113653385
13113625091
13149908994
13247616270
17520497861
13265841550
18529557645
13149927634
13113672901
13113677616
13148815438
13113676331
13149903949
16675558847
13128910360
13066905361
17512067603
17603063085
18575527704
13128927163
13149904060
13128792057
13247621073
13247617357
13149903240
16675558840
13113675179
17620335786
17620356167
13113677663
17665479252
18529557487
13148804396
17688951942
17688971061
17620336905
17620392783
13266592103
16675559649
18529545752
16625166172
13149942994
13145822572
13148819271
13113673212
17620486591
17512032815
18680302793
13066926045
17620399382
17665215272
17620367828
13049326705
17665320165
17688562706
13149945140
13149927468
17620375562
13168789307
17512092570
13113680562
17520491375
17620428670
18588434208
17620453026
17688954634
17665463175
13148817663
13148814237
17620378230
13113638519
17620459182
18512606894
18512606540
13128760062
13247649805
13247613067
13128773250
17620332762
18512605814
13128721936
13113652605
13113672337
13247640797
17603019032
17688831197
13113672259
13148801475
13148816070
13113679136
17665253635
13168779063
13247649135
18529540675
13247649375
17688750879
18529545907
13168763802
17688535502
13149924280
13113672601
18512604341
13247641613
18512608546
13113678170
17603045891
13145810187
13113671363
17607616063
13149911542
17665357152
18575524335
13149920471
13148813178
18512601748
17620363906
13149910747
13128722930
13113683951
13149903346
13247609067
17665321575
17512053910
13247625672
13068717653
17512068130
13148808472
13113675639
16675556984
13168703812
17512043950
13113685160
18512607274
16675556745
13149936342
13128918069
18512603145
13163718246
13163718741
13128907057
18512605941
13113679730
18682169583
17688762171
18529567347
13148827015
17620313703
17620352856
18529557246
17688958302
17665272930
13149912175
17620336529
18512602845
17512051082
13247642853
18512608947
13149914216
17620322372
13113676952
18529527346
18676759170
17603098150
13149944324
16625122140
13148817212
13113678772
13128719557
17512067625
13265603460
17688903175
18576401786
17520492390
18512601664
13247649261
13163711264
17688729589
13128935037
13148848430
18529546706
13247622537
17620327631
13148806406
18520893045
13266718157
17665213252
13149942894
13128709613
13168796971
18529062047
16675557614
13168765695
17665368915
17665487917
13265849285
17688757005
13148898478
13163716214
13113671932
13113630357
17688719553
13148804608
13149924915
13128752676
18512603342
13149922741
13128727539
17603071573
17603058397
18529557487
17665317290
17603083912
13113651801
18665857081
17688714741
13149937664
13149928420
13128729062
17666138810
17620429287
13128927261
13148804925
18529514783
17520459387
13148824220
17620370952
13148824395
13148822117
18529546307
13128737065
17688796905
13247646260
17512021790
17603065785
13247643125
17620440363
13148891476
13247649661
13128911659
17512069397
17620447902
17620458306
13149920943
13168738317
18529555447
17665277195
13113678326
13027929061
16675556945
13149945647
13113671829
18512606740
13128701730
17665489065
13148804107
13113678685
13163715734
13128786309
17512099781
13113623179
13128951035
13113678725
18675580380
18512600541
13247612739
17512082531
18512609644
18529547738
18575521476
17620425187
17665322176
16675558149
13149944695
17620420356
18529554979
17607553137
13113676590
17688961269
13149949342
13148824957
17620403826
13128782913
17688792492
18529527346
13163717940
13149926479
13149907840
18529527470
17520453869
13113675937
17620337612
18576436648
13128762551
13163726784
13149944547
18566700879
13113675067
17620356253
13113615779
13265848279
17688971781
17603045891
18682295280
13247640372
13148829495
17512065271
13113679673
17688790978
18529543107
13128953187
13247617823
13247642902
17688796905
13247640367
17603072629
13128731571
17688900876
17520452765
13128796137
18665857920
13113652172
17603017826
18512602344
17512067712
13128798695
17603023952
17512065860
13148855462
17620427591
13265848307
13148828779
17688903239
18676788532
13128913532
17688953992
13128723352
17688839089
13145817973
17688757957
17603072897
13168796532
17688956202
13113677680
13168713279
13247629871
17688739446
17665320682
17688159135
13068717653
17665395693
15602931057
13148854529
13128718215
13113677959
18529526243
13128757262
18529565741
17512077579
13113677807
16675559540
17620380367
13113652303
13247647810
13149900469
13149924871
17620447581
17620483297
13148818797
13128725903
17620308792
13149903024
17688953608
13128781052
17512057903
17620402537
13149946495
13148819057
18529567342
17688902096
17665396590
13148804196
13148854852
17688721786
13113678730
13265601409
17665470951
13128710993
18675561637
13058106275
13128798356
13149921450
13247628157
13247648951
17620445602
17688793813
13149935704
13113673970
17603080783
16675556554
16675559044
17665203076
13148821607
18512602724
18512604164
17665396136
16675557543
17620331790
13128936597
17665237121
13058124743
17620337536
16675559148
13148854078
13247649759
17520485821
13113678507
17666131173
13113652316
17607619867
13113676010
13149944547
17688966857
13128731162
17520489279
13247647351
13113685721
13148894702
13145822137
17603010259
17512068202
18575688724
13149923430
13247645231
13149949074
13168786539
17665482760
13148818459
13128956557
13128917287
17620411703
17665202671
17620323709
18529554870
17620485792
13128959651
16675559440
17688933101
16675557124
13113675778
13148848492
18529524539
18512604604
13148827689
13168713267
13265415937
13113679825
18676795706
13267125315
13149928214
17666139067
13113677623
18588477385