13058170657
13058170682
13058173029
13058175063
13058175650
13058176532
13058176795
13058177532
13058178693
13058179261
13066959782
13068710819
13113680217
13128811375
13128811736
13128823026
13128823261
13128827103
13128830752
13128856030
13128858037
13128870960
13128876679
13128879576
13128879760
13129576592
13129587921
13138172783
13148813061
13148817391
13148832559
13148832585
13148833208
13148836658
13148853780
13148855352
13148859309
13148895703
13148896657
13265802036
13265837121
13266572973
13266716387
13266727526
13266822975
13266825381
13266828973
15602930857
15602959387
15602959681
15603028712
15622812867
15622813935
17503058571
17512015730
17512022376
17512025632
17512027689
17512028205
17512029015
17512032189
17512033879
17512038723
17512038956
17512039351
17512053387
17512058627
17512060353
17512066285
17512068578
17512069271
17512070167
17512071295
17512072607
17512072630
17512073576
17512073936
17512075310
17512075712
17512076093
17512081353
17512082585
17512082620
17512082751
17512083865
17512086079
17512086839
17512087501
17512087917
17512088752
17512089356
17512091592
17512092923
17512093720
17512097126
17512099315
17512099827
17520483823
17603015179
17603015536
17603016509
17603017265
17603017605
17603021067
17603021371
17603021893
17603029792
17603066385
17603068297
17603071582
17603072913
17603073269
17603073972
17607552650
17607559063
17607610579
17607673791
17607675783
17620305923
17620306183
17620309531
17620320557
17620321562
17620321657
17620327297
17620358237
17620362539
17620380569
17620385715
17620386579
17620389585
17620391835
17620393856
17620397853
17665210352
17665213753
17665213765
17665213805
17665217389
17665218569
17665238209
17665261801
17665265817
17665268251
17665275317
17665275831
17665277385
17665279653
17665308291
17665320861
17665326051
17665326763
17665327203
17665329605
17665331830
17665332932
17665335127
17665351781
17665356152
17665359167
17665368107
17665369802
17665383085
17665385607
17665467271
17666135385
17688151693
17688152872
17688163256
17688536376
17688537310
17688560537
17688562563
17688568071
17688703295
17688713632
17688713912
17688731361
17688732051
17688761927
17688767592
17688913726
17688917106
17688917316
17688917572
17688917859
17688923790
17688925936
17688926920
17688935817
17688936152
17688955305
17688958372
17688967351
17688967973
17688971075
17688972175
17688979256
18503024934
18503025864
18503063904
18503070151
18503077634
18512602134
18512602194
18512602504
18512602694
18512603474
18512603564
18512603604
18512603974
18512604124
18512604274
18512604794
18512604904
18512605641
18512605734
18512605904
18512606804
18512606943
18512607174
18512607214
18512607284
18512607384
18512607424
18512607894
18512608134
18512608140
18512608674
18512608942
18512609142
18512609147
18512609214
18512609344
18512609554
18520801063
18520802145
18520814542
18520815402
18520829544
18520839474
18520842925
18520847970
18520853573
18520861139
18520865325
18520869762
18520873054
18520891824
18520896924
18520899170
18520899815
18529062054
18529062074
18529062684
18529062745
18529063087
18529063504
18529063529
18529063576
18529063587
18529063844
18529064264
18529064594
18529064645
18529064704
18529064840
18529064941
18529064974
18529065084
18529065174
18529065243
18529065341
18529065349
18529065542
18529065614
18529065847
18529066481
18529066544
18529066942
18529067062
18529067231
18529067349
18529067423
18529067842
18529067846
18529068414
18529068424
18529069412
18529069874
18529074863
18529075391
18529075410
18529080954
18529081473
18529081479
18529081649
18529081942
18529082034
18529082183
18529082343
18529082472
18529082493
18529082495
18529082532
18529082765
18529082942
18529083076
18529083423
18529083472
18529083493
18529083547
18529083785
18529084013
18529084051
18529084087
18529084112
18529084197
18529084305
18529084323
18529084325
18529084367
18529084375
18529084392
18529084453
18529084461
18529084632
18529084661
18529084701
18529084710
18529084726
18529084730
18529084764
18529084781
18529084852
18529084953
18529085045
18529085272
18529085416
18529085449
18529085495
18529085584
18529085849
18529085867
18529086450
18529086491
18529086783
18529086947
18529086961
18529087046
18529087209
18529087264
18529087439
18529087446
18529087462
18529087471
18529087481
18529087523
18529087623
18529087671
18529088304
18529088454
18529089143
18529089214
18529089407
18529089426
18529089465
18529089517
18529089574
18529089584
18529089601
18529089617
18529089861
18529089867
18529090594
18529091594
18529091735
18529093624
18529094475
18529096357
18529096714
18529509701
18529514241
18529516941
18529526047
18529532141
18529532414
18529534435
18529537045
18529538245
18529538462
18529540631
18529546532
18529550491
18529550494
18529551403
18529551480
18529551934
18529552043
18529552450
18529553462
18529553514
18529554143
18529554151
18529554253
18529554481
18529554613
18529554631
18529554694
18529554906
18529556047
18529556246
18529556403
18529558054
18529558247
18529558304
18529558490
18529558547
18529559847
18529564234
18529564354
18529564634
18529564642
18529565284
18529566247
18529567042
18529567640
18529568064
18529569244
18529570893
18529571402
18529571412
18529571417
18529571496
18529572461
18529572483
18529573016
18529573432
18529574015
18529574073
18529574153
18529574176
18529574195
18529574361
18529574407
18529574609
18529574731
18529574817
18529574927
18529575031
18529575170
18529576403
18529576416
18529576489
18529578421
18529578457
18529578493
18529579412
18529579491
18529580264
18529583946
18565607044
18565624271
18565635731
18565694174
18565714853
18565718434
18565720047
18565726293
18565733074
18565736744
18565739735
18565765837
18565779173
18565780294
18565792864
18565794047
18565798404
18565814245
18565815824
18565829747
18565837531
18565841061
18565861874
18565876314
18565893825
18566205364
18566212941
18566252812
18566261791
18566270403
18566712445
18566712452
18566712741
18566712947
18566713047
18566713076
18566713189
18566713792
18566713951
18566714025
18566714067
18566714081
18566714125
18566714457
18566714526
18566714617
18566714639
18566714781
18566714813
18566714859
18566715309
18566715482
18566716903
18566717290
18566717416
18566717457
18566717493
18566717801
18566718493
18566730015
18566730246
18566731459
18566731460
18566731480
18566731549
18566731562
18566731794
18566732434
18566732453
18566732460
18566732794
18566732804
18566732945
18566732964
18566733147
18566733246
18566734034
18566734072
18566734107
18566734210
18566734323
18566734495
18566734653
18566734657
18566734834
18566735034
18566735241
18566735481
18566735644
18566736142
18566736251
18566736421
18566736754
18566736784
18566737246
18566737481
18566737594
18566737924
18566738142
18566738463
18566738497
18566739405
18566739481
18566752710
18575508064
18575510784
18575521659
18575523041
18575525743
18575526301
18575529632
18575529821
18575532251
18575539104
18575561603
18575586821
18575595834
18575672594
18575672641
18575676264
18575680344
18575681923
18575681944
18575683204
18575686795
18575691573
18575694347
18575694574
18575694843
18575697642
18575697952
18576403519
18576406297
18576438954
18576493057
18576712164
18576714702
18576716254
18576723753
18576730284
18576730654
18576739374
18576753297
18576785904
18576794147
18588206317
18588463953
18588469115
18588951744
18588953749
18588954983
18588962414
18589027821
18589030747
18589031943
18589034964
18589053544
18589055621
18594233925
18594235697
18594260371
18594260965
18594261271
18594261390
18594261570
18594262132
18594262591
18594263025
18594263291
18594263817
18594265021
18594265217
18594265537
18594265905
18594267106
18594267207
18594267351
18594267580
18594267671
18594268176
18594268297
18594268315
18594268702
18594268723
18594268967
18594269301
18594269601
18594275606
18594276119
18594276982
18594277356
18594279525
18594282167
18594282350
18594282720
18594282795
18594283072
18594283092
18594285091
18594285292
18594285671
18594286232
18594286385
18594286539
18594286576
18594286597
18594286795
18594287032
18594287051
18594287353
18594287583
18594288363
18594288707
18594288735
18594288937
18594289203
18598005024
18598005079
18598005173
18598005423
18598005424
18598005436
18598005463
18598005469
18598005485
18598005534
18598005541
18598005573
18598005602
18598006047
18598007251
18598007261
18598007291
18598007327
18598007412
18598007426
18598007437
18598007441
18598007450
18598007461
18598007469
18598007482
18598007492
18598007503
18598007547
18598007641
18598007642
18598007646
18598007740
18598007762
18598007802
18598008267
18598008271
18598008273
18598008340
18598008427
18598008436
18598008439
18598008791
18598008944
18598009141
18598009145
18598009252
18598010741
18598011062
18598011544
18598011641
18598011744
18598012454
18598012764
18598012834
18598012941
18598013294
18598013742
18598013754
18598014204
18598014544
18598015664
18598015804
18598016064
18598016447
18598016741
18598016754
18598017074
18598017204
18598017344
18598017834
18598017954
18598018774
18598019244
18598019414
18598019745
18598020954
18598022624
18598022704
18598023714
18598023964
18598023984
18598024654
18598026054
18598026334
18598026454
18598026584
18598027134
18598028014
18598046694
18598085842
18598085846
18598085894
18598085974
18598086041
18598086121
18598086144
18598086254
18598086285
18598086325
18598086348
18598086370
18598086414
18598086423
18598086426
18598086435
18598086439
18598086447
18598086634
18598086651
18598086694
18598086774
18598086775
18598086837
18598086849
18598086892
18598086904
18598086912
18598086941
18598086946
18598086967
18598086971
18598087034
18598087064
18598087114
18598087140
18598087145
18598087146
18598087147
18598087159
18598087164
18598087232
18598087234
18598087262
18598087292
18598087294
18598087343
18598087346
18598087347
18598087353
18598087393
18598087402
18598087405
18598087421
18598087432
18598087435
18598087441
18598087446
18598087459
18598087464
18598087470
18598087472
18598087474
18598087481
18598087516
18598087604
18598087605
18598087614
18598087634
18598087642
18598087674
18598087735
18598087743
18598087785
18598087849
18598087859
18598087904
18598087917
18598087931
18598087945
18598087949
18598087951
18598087972
18598088044
18598088144
18598088145
18598088409
18598088416
18598088420
18598088450
18598088451
18598088463
18598088486
18598088514
18598088541
18598088542
18598088549
18598088624
18598088737
18598088741
18598088915
18598088934
18598088984
18598089041
18598089134
18598089145
18598089184
18598089204
18598089217
18598089248
18598089302
18598089307
18598089346
18598089354
18598089442
18598089454
18598089481
18598089502
18598089570
18598089594
18598089614
18598089634
18598089647
18598089714
18598089749
18598089751
18598089752
18598089783
18598089914
18598089940
18598089945
18598089952
18598089954
18598089974
18598090274
18598090284
18598090344
18598090584
18598090634
18598090764
18598090774
18598090784
18598091154
18598091167
18598091269
18598091275
18598091302
18598091304
18598091332
18598091373
18598091375
18598091394
18598091396
18598091406
18598091418
18598091450
18598091454
18598091456
18598091464
18598091490
18598091513
18598091524
18598091542
18598091554
18598091574
18598091594
18598091644
18598091679
18598091691
18598091706
18598091710
18598091729
18598091741
18598091747
18598091752
18598091791
18598091795
18598091802
18598091841
18598091854
18598091864
18598091924
18598091942
18598092047
18598092084
18598092101
18598092107
18598092175
18598092190
18598092197
18598092344
18598092354
18598092361
18598092394
18598092403
18598092423
18598092440
18598092470
18598092473
18598092475
18598092570
18598092573
18598092644
18598092654
18598092690
18598092728
18598092736
18598092764
18598092847
18598092930
18598092935
18598093105
18598093107
18598093114
18598093141
18598093152
18598093180
18598093192
18598093248
18598093273
18598093372
18598093417
18598093419
18598093421
18598093423
18598093439
18598093447
18598093458
18598093464
18598093467
18598093527
18598093548
18598093575
18598093582
18598093634
18598093644
18598093675
18598093687
18598093701
18598093704
18598093740
18598093742
18598093745
18598093751
18598093760
18598093784
18598093801
18598093834
18598093871
18598093874
18598093901
18598093941
18598094074
18598094091
18598094092
18598094126
18598094132
18598094139
18598094151
18598094173
18598094182
18598094205
18598094227
18598094230
18598094246
18598094254
18598094270
18598094272
18598094276
18598094309
18598094332
18598094345
18598094357
18598094375
18598094402
18598094421
18598094468
18598094476
18598094478
18598094496
18598094529
18598094534
18598094550
18598094572
18598094584
18598094608
18598094642
18598094643
18598094647
18598094652
18598094656
18598094671
18598094687
18598094692
18598094702
18598094725
18598094740
18598094745
18598094756
18598094781
18598094782
18598094786
18598094790
18598094792
18598094813
18598094821
18598094827
18598094843
18598094850
18598094864
18598094897
18598094903
18598094937
18598094957
18598094962
18598094969
18598094997
18598095074
18598095076
18598095103
18598095124
18598095172
18598095244
18598095246
18598095292
18598095344
18598095356
18598095390
18598095425
18598095429
18598095453
18598095472
18598095485
18598095507
18598095573
18598095604
18598095614
18598096037
18598096047
18598096049
18598096053
18598096064
18598096147
18598096157
18598096164
18598096240
18598096241
18598096257
18598096287
18598096325
18598096357
18598096360
18598096364
18598096374
18598096402
18598096404
18598096410
18598096416
18598096418
18598096435
18598096463
18598096493
18598096494
18598096501
18598096509
18598096514
18598096531
18598096554
18598096564
18598096574
18598096624
18598096649
18598096674
18598096694
18598096815
18598096846
18598096945
18598096954
18598097034
18598097134
18598097145
18598097147
18598097149
18598097414
18598097432
18598097446
18598097461
18598097483
18598097494
18598097544
18598097634
18598097637
18598097640
18598097662
18598097680
18598097684
18598097685
18598097712
18598097783
18598097820
18598097834
18598098172
18598098247
18598098248
18598098257
18598098267
18598098284
18598098343
18598098349
18598098440
18598098446
18598098454
18598099334
18598099364
18598099387
18598099401
18598099402
18598099412
18598099415
18598099440
18598099454
18598099485
18598099743
18598099747
18598099794
18598249125
18598264056
18598267347
18598267674
18598268546
18603011834
18603014534
18603015742
18603063694
18603074764
18617019735
18617027945
18617029734
18617075342
18617077547
18617081044
18617084274
18617084767
18617095043
18617100435
18617102384
18617107346
18617115044
18617124716
18617134594
18617142951
18617150892
18617167294
18617168514
18617169534
18617169724
18620303724
18620314703
18620314705
18620314864
18620325245
18620327451
18620355241
18620361574
18620362451
18620368514
18620373284
18620374540
18620377834
18620384714
18620387464
18620389141
18620394184
18620396904
18664310893
18664316051
18664317217
18664317815
18664342903
18664347535
18664392067
18664397963
18664570592
18664911782
18664917691
18664920670
18664951850
18664959651
18665305794
18665313404
18665314745
18665316174
18665316351
18665317644
18665325614
18665326945
18665332925
18665338143
18665363184
18665367604
18665368124
18665369547
18665372312
18665374467
18665374648
18665374825
18665379034
18665385724
18665813904
18665814613
18665815264
18665815440
18665815794
18665817964
18665826192
18665854962
18665869552
18665870154
18665874034
18665874094
18665879214
18665891714
18665897374
18665923578
18665924014
18665960861
18665975644
18665982641
18665983754
18675510264
18675513954
18675514042
18675515064
18675518294
18675526471
18675530541
18675535494
18675535914
18675537730
18675542097
18675563594
18675567874
18675569373
18675586734
18675594204
18675597834
18676364364
18676368790
18676382394
18676383916
18676384806
18676385547
18676386482
18676387427
18676391874
18676393847
18676399587
18676685794
18676693414
18676729097
18676749972
18676778981
18676779124
18676799659
18680301524
18680304174
18680311424
18680311474
18680312847
18680314784
18680315467
18680316954
18680319473
18680337238
18680347261
18680348165
18680349379
18680357534
18680357843
18680361497
18680361547
18680362421
18680362474
18680364124
18680369744
18680371491
18680373924
18680374071
18680375154
18680377043
18680377554
18680394171
18680397114
18680665074
18680674294
18680675412
18681453667
18681459295
18681475121
18681475125
18681478759
18681483651
18681493202
18681513794
18681519704
18681521904
18681532404
18681542087
18681543802
18681546352
18681548932
18681567240
18681567394
18681571743
18681571859
18681595874
18681596272
18682014214
18682016074
18682032944
18682054324
18682067807
18682069214
18682071454
18682075315
18682106946
18682114934
18682128934
18682159437
18682164932
18682165124
18682165414
18682170342
18682175144
18682177658
18682179042
18682179374
18682179574
18682196424
18682197636
18682205137
18682240957
18682278034
18682305574
18682306924
18682322547
18682346981
18682347539
18682366589
18682392747
18682411302
18682415279
18682427183
18682427617
18682433780
18682471570
18682475897
18682479105
18682479327
18682483971
18682490773
18688734974
18689200853
18689210264
18689214265
18689214764
18689224027
18689229259
18689229843
18689460261
18689460862
18689477137
