13004801672
13004803087
13004805825
13004806719
13004810507
13004811387
13004811697
13004814350
13004817205
13004817573
13004821181
13004821373
13004823039
13004823159
13004824081
13004825297
13004825723
13004825913
13004828470
13004829469
13004836073
13004837187
13004837671
13004838363
13004838365
13004843716
13004845078
13004850245
13004852329
13004853516
13004854967
13004855975
13004856640
13004861852
13004862102
13004869061
13004869821
13004873863
13004876302
13004879823
13004885871
13004891091
13004896340
13015811395
13015811593
13015813690
13015821769
13015831428
13015833049
13015836406
13015840973
13015841738
13015841760
13015842063
13015846209
13015847537
13015847867
13015849470
13015851147
13015857715
13015859798
13015862593
13015867125
13015869741
13015872518
13015876426
13015879156
13015886235
13024803617
13024803826
13024807738
13024809318
13024812860
13024812913
13024813067
13024814170
13024815273
13024816725
13024816891
13024817129
13024818673
13024820297
13024820890
13024821013
13024823991
13024826978
13024827620
13024828031
13024828067
13024828319
13024837295
13024837732
13024838738
13024839216
13024840182
13024840367
13024840656
13024840658
13024841957
13024843237
13024843638
13024845721
13024846929
13024848920
13024849109
13024850198
13024850970
13024853160
13024853920
13024856323
13024856361
13024859565
13024860065
13024861157
13024862109
13024863039
13024863563
13024866395
13024868045
13024868348
13024868527
13024869137
13024869593
13024870637
13024871905
13024872063
13024872635
13024873807
13024876058
13024876297
13024876531
13024878372
13024881720
13024881853
13024882152
13024887175
13024889195
13024890632
13024891326
13024891621
13024891701
13024891842
13024892693
13024893109
13024894553
13024899496
13024899792
13030940702
13030942360
13030942849
13030942878
13030943107
13030944843
13030947306
13030947429
13030971841
13030972590
13030973685
13030975805
13030982041
13030985346
13030988946
13030992672
13030993872
13030997342
13044542197
13044543976
13044545857
13044546039
13044547359
13044549186
13044560638
13044561152
13044562563
13044562683
13044563170
13044563841
13044565152
13044565862
13044569179
13045954782
13045955897
13045956291
13045956672
13045957817
13046961873
13046961891
13046962901
13046963967
13046965076
13046966216
13046967783
13046968085
13046968313
13046968907
13046969020
13046970750
13046975618
13046978230
13046979127
13046979312
13046979932
13046983071
13046984776
13046984812
13046986061
13046987138
13046987443
13046994368
13046995391
13046996580
13046997059
13055320536
13055322646
13055324541
13055325216
13055325756
13055334906
13055465392
13055466197
13055468516
13055475632
13055476270
13055476310
13055477491
13055479165
13055627740
13055637681
13055637740
13055638759
13055641580
13055648946
13055649607
13055649936
13055653902
13055660495
13055661490
13055670942
13055807815
13055817037
13055950143
13055952813
13067020057
13067023563
13067035293
13067038076
13067041385
13067041562
13067042593
13067042602
13067042673
13067042890
13067043820
13067043968
13067046769
13067048871
13067049271
13067049312
13067052276
13067053942
13067056623
13067057969
13067059847
13067063575
13067063645
13067063781
13067065572
13067073686
13067078297
13067082532
13067084857
13067087975
13067091752
13067096148
13067097926
13067124412
13067126347
13067130072
13067131197
13067132980
13067137325
13067139835
13067140178
13067141630
13067142305
13067142737
13067143265
13067145361
13067147203
13067148662
13067151205
13067155327
13067160260
13067161425
13067166503
13067169083
13067170172
13067173145
13067187163
13067191485
13067191597
13067193671
13067197242
13067471958
13067473152
13067477043
13067479295
13067479502
13067480239
13067480893
13067480956
13067481830
13067483130
13067485707
13067486396
13067486753
13067486843
13067486938
13067487046
13067488120
13067488560
13067488673
13067490173
13067490725
13067491967
13067491978
13067492320
13067493081
13067493107
13067495692
13067496293
13067496371
13067496529
13067496812
13067497261
13067498073
13074900535
13074900675
13074902573
13074902681
13074902735
13074903091
13074905062
13074906443
13074906937
13074908761
13074908903
13074909335
13074911627
13074912607
13074913206
13074913270
13074913605
13074914482
13074915621
13074915715
13074917657
13074918815
13074919073
13074921802
13074922501
13074925037
13074926705
13074926746
13074926802
13074926932
13074927386
13074928632
13074930571
13074931936
13074932281
13074933150
13074933515
13074935702
13074938129
13074939576
13074939732
13074939862
13074951090
13074951579
13074952312
13074952685
13074955179
13074956396
13074957348
13074958710
13074958961
13074959209
13074959341
13074961805
13074962780
13074963363
13074964967
13074965131
13074965392
13074968225
13074969150
13074969205
13074970582
13074971508
13074972861
13074973449
13074976058
13074976863
13074977280
13074978203
13074979142
13074979291
13074979682
13074984407
13074985516
13074985960
13074987830
13074991623
13074992370
13074993207
13074995763
13074995902
13074996397
13074996790
13074998351
13101442535
13101465071
13105079138
13105096293
13107802128
13107813908
13107819763
13107826197
13107829968
13107832726
13107837938
13107842017
13107852127
13107853165
13107860609
13107863108
13107891198
13110721691
13110746817
13110748251
13110827602
13110946518
13110947038
13110948926
13110956191
13110961326
13123017327
13124472353
13159010582
13159016815
13159020732
13159033275
13159035723
13159043937
13159048790
13159086802
13163913095
13163936730
13163945370
13163947621
13163952173
13163955067
13178091693
13178211753
13178325762
13178365793
13178367219
13194061336
13194062901
13194067136
13194068252
13205066308
13205068481
13205074095
13205074647
13205075098
13205078979
13215060243
13215068462
13215073946
13215074637
13215075042
13215953236
13225951646
13225957098
13225959087
13225984127
13235959041
13255008148
13255954763
13275954646
13285014286
13285017445
13285038041
13285045120
13285994953
13290886283
13290889403
13295005239
13295024720
15505953892
15505959743
15506951962
15506952585
15506953212
15506953907
15506954209
15506958039
15506958165
15506958170
15506958292
15506958320
15506958630
15506959326
15506959817
15559002943
15559004752
15559016269
15559034753
15559042445
15559049329
15559071592
15559072473
15559072863
15559073120
15559076203
15559087842
15559094531
15559094602
15559125157
15559128402
15559141871
15559147583
15559147986
15559156938
15559163947
15559165243
15559168295
15559173208
15559176507
15559176785
15559180286
15559523807
15559544013
15559560250
15559563107
15559571412
15559573827
15559579409
15559584270
15605003781
15605041331
15605047317
15605049098
15605049681
15605958793
15606035162
15606080141
15606083265
15606084509
15606960449
15606961379
15606962136
15606963810
15606966352
15606983073
15606983112
15606986297
15606987901
15659052113
15659052615
15659059650
15659063349
15659063761
15659071571
15659072873
15659073810
15659073986
15659079263
15659079627
15659085563
15659086153
15659093783
15659203197
15659205801
15659207617
15659209701
15659215307
15659215616
15659216062
15659216912
15659217013
15659218917
15659219706
15659232917
15659238565
15659239187
15659470320
15659470457
15659471635
15659471708
15659473163
15659476256
15659476289
15659477301
15659478095
15659479036
15659479790
15659480463
15659481612
15659482365
15659485021
15659485796
15659485975
15659488560
15659489920
15659491150
15659495806
15659496031
15659496127
15659497237
15659506132
15659508773
15659510093
15659510642
15659514132
15659515263
15659516132
15659516772
15659602717
15659608502
15659609051
15659609442
15659708326
15659709137
15659710972
15659713921
15659714269
15659716337
15659716512
15659716529
15659717213
15659718571
15659723413
15659724647
15659725021
15659727169
15659728176
15659855746
15659856973
15659861087
15659862507
15659862965
15659868102
15659868150
15659874128
15659877816
15659878625
15659879352
15659881930
15659889681
15695955641
16605950143
16605950341
16605950834
16605951408
16605951490
16605951604
16605953769
16605954153
16605954325
16605954335
16605954395
16605954554
16605955494
16605957374
16605957704
16605957938
16605959447
16659224231
16659224237
16659224286
17605956828
17606010492
17606015340
17606018641
17606024481
17606025368
17606028656
17606029439
17606031565
17606031720
17606032297
17606035546
17606037995
17606038240
17689352637
17689352776
17689353072
17689353121
17689354228
17689355009
17689355906
17689356087
17689357223
17689357802
17689358508
17689358743
17689359079
17689359548
17689359685
17689361206
17689361751
17689361951
17689363385
17689364036
17689364480
17689365346
17689367358
17689367423
17689368712
17689372078
17689372242
17689372368
17689373278
17689375738
17689375871
17689378696
17689378843
17689470551
17689471250
17689471348
17689474835
17689475346
17689475378
17689475823
17689478326
17689478593
17689480560
17689481517
17689482652
17689482830
17689483613
17689484785
17689490287
17689493407
17689494025
17689494701
17689494730
17689495701
17689670958
17689671275
17689672128
17689673193
17689677181
17689682147
17689684089
17689685407
17689686258
17689686725
17689687923
17689687953
17689688189
17689690471
17689692883
17689693463
17689694650
17689694781
17689696418
17689697046
17689698361
17689698503
17689699407
17689960378
17689960838
17689963298
17689964541
17689968943
18558699517
18558937060
18558945420
18558947637
18558953010
18558953242
18558954348
18558962581
18558964229
18558968313
18558974872
18558974910
18558975870
18558977375
18558977376
18558979831
18558981471
18558982753
18558983620
18558984059
18558986317
18558988413
18558989486
18558994829
18559055412
18559057038
18559058362
18559473465
18559473612
18559473621
18559473685
18559485181
18559487160
18559491737
18559491835
18559496382
18559496440
18559514639
18559516209
18559518563
18559527253
18559528019
18559533927
18559541440
18559545373
18559549028
18559559328
18559560763
18559568138
18559568278
18559569553
18559571306
18559578457
18559580196
18559580632
18559580747
18605045326
18605049808
18605958549
18606032375
18606032549
18606037851
18606952645
18606953693
18606957385
18606957503
18606964670
18606965091
18606980353
18606983760
18649942561
18649942603
18649943302
18649947296
18649948396
18649948975
18649954180
18649955741
18649956632
18649957709
18649959640
18649960285
18649961153
18649961443
18649963952
18649969003
18649969860
18649971508
18649971967
18649973843
18649974193
18649975102
18649978935
18650290891
18650291037
18650297352
18650297415
18650593860
18650595793
18650597087
18650597643
18650673406
18650674240
18650676387
18650676392
18650678743
18650901273
18650907791
18650914661
18650917590
18659011296
18659013547
18659014392
18659017353
18659018375
18659020402
18659025231
18659025347
18659026310
18659027783
18659033082
18659035461
18659040531
18659041543
18659045397
18659046976
18659048665
18659053648
18659068293
18659070129
18659072208
18659072709
18659073918
18659073927
18659074806
18659078251
18659081938
18659081947
18659084413
18659085347
18659401302
18659401503
18659402591
18659402723
18659403238
18659405671
18659406327
18659407719
18659409379
18659409552
18659409832
18659500185
18659510160
18659511976
18659512585
18659516751
18659522197
18659523761
18659524869
18659537862
18659539627
18659540961
18659541342
18659547148
18659547303
18659548453
18659548497
18659549151
18659557081
18659560953
18659567489
18659569871
18659570793
18659582217
18659594432
18659705460
18659707912
18659708017
18659708027
18659708825
18659712426
18659718312
18659720967
18659723713
18659726183
18659729645
18659732613
18659732662
18659734852
18659734872
18659735480
18659736910
18659740227
18659743865
18659746310
18659746359
18659748017
18659800241
18659802569
18659813548
18659815470
18659815943
18659819762
18659825680
18659826062
18659826902
18659827376
18659829510
18659838696
18659838967
18659840132
18659842395
18659902596
18659902856
18659903261
18659905940
18659909431
18659915726
18659926647
18659928137
18659929725
18694710467
18694710478
18694711610
18694712167
18694713079
18694713813
18694714980
18694715572
18694715607
18694715806
18694716629
18694716720
18694718005
18694718182
18694718359
18694718850
18694719058
18694719106
18694719242
18694719476
18694719751
18695640579
18695641856
18695641857
18695643432
18695648072
18695648141
18695649927
18695650721
18695658691
18695658735
18695659780
18695661243
18698342409
18698342873
18698343318
18698347081
18698347391
18698347860
18698348707
18698349085
18698349427
18698353291
18698353650
18698354543
18698357710
18698361182
18698364139
18698368263
18698371292
18698372530
18698374661
18698375651
18698378353
18698380675
18698387460
18698390145