18506272427
18506270496
18506269264
18506269214
18506268764
18506268140
18506267849
18506267843
18506266497
18506266471
18506266402
18506266245
18506266204
18506264756
18506264584
18506264409
18506264191
18506264039
18506263052
18506262284
18506261694
18506257002
18506256953
18506255972
18506255792
18506253961
18506252156
18506249761
18506249601
18506249097
18506247553
18506247365
18506247356
18506247281
18506247275
18506247079
18506247017
18506246897
18506246617
18506246613
18506246089
18506245380
18506243653
18506243581
18506242853
18506242621
18506242309
18506241809
18506241356
18506241051
18506240267
18506240237
18506239651
18506239472
18506239044
18506238224
18506238176
18506238094
18506237540
18506236049
18506235837
18506234965
18506234703
18506234391
18506234386
18506234309
18506233704
18506233475
18506233297
18506233184
18506232243
18506232114
18506231742
18506231435
18506231409
18506231147
18506224960
18506219701
18506216832
18506213803
18506206891
18506206702
18506198495
18506198354
18506197925
18506197854
18506197430
18506197114
18506194812
18506194630
18506194593
18506194431
18506194430
18506194263
18506194243
18506193421
18506193415
18506192790
18506192644
18506192461
18506192431
18506192249
18506192195
18506191449
18506186354
18506180672
18506179151
18506173035
18506171081
18506169443
18506169294
18506169217
18506168943
18506168542
18506167594
18506167043
18506164541
18506164276
18506163429
18506163075
18506162546
18506160354
18506157302
18506151071
18506150394
18506149934
18506149684
18506149351
18506148920
18506148419
18506148232
18506148175
18506147834
18506147659
18506147292
18506147246
18506147236
18506146974
18506146912
18506146847
18506146774
18506146436
18506146382
18506145135
18506143621
18506143295
18506143149
18506141865
18506141051
18506137071
18506136735
18506135734
18506129774
18506126271
18506125742
18506124460
18506124310
18506124092
18506123976
18506119674
18506118379
18506118024
18506116824
18506116546
18506115374
18506114965
18506114652
18506108021
18501573272
18501572870
17625809824
17625809483
17625809465
17625808334
17625807952
17625807835
17625807305
17625807240
17625807064
17625806946
17625806732
17625806304
17625806274
17625806049
17625805340
17625805019
17625804572
17625803851
17625803121
17625803097
17625803061
17625802564
17625801484
17625801272
17625800654
17625799814
17625799312
17625796318
17625794936
17625794094
17625793829
17625793524
17625789416
17625788546
17625788482
17625785627
17625759774
17625758638
17625758356
17625757407
17625756224
17625754552
17625754072
17625753292
17625753064
17625753048
17625752479
17625752309
17625750574
17625748049
17625747728
17625747435
17625746101
17625745142
17625743984
17625742984
17625742776
17625740696
17625740569
17625729948
17625729740
17625729724
17625729441
17625728754
17625728749
17625727423
17625727104
17625726340
17625726104
17625724679
17625724565
17625724515
17625724484
17625724372
17625724356
17625724278
17625724263
17625723794
17625723482
17625721543
17625720491
17625720043
17625719597
17625719553
17625718532
17625718109
17625718054
17625717591
17625717482
17625717446
17625717215
17625717031
17625716120
17625715048
17625714749
17625714538
17625714328
17625714081
17625713953
17625712824
17625712448
17625712406
17625711574
17625711240
17625710934
17625710735
17625710492
17625710040
17625705385
17625705247
17625704829
17625704697
17625703980
17625703543
17625702094
17625700978
17625678174
17625649650
17625649509
17625649430
17625649374
17625649224
17625648945
17625648742
17625648320
17625648072
17625648014
17625647867
17625647851
17625647794
17625647478
17625647324
17625646874
17625646157
17625645971
17625645870
17625645358
17625645248
17625645167
17625645082
17625644576
17625643896
17625643746
17625643725
17625643603
17625643560
17625643414
17625643165
17625642524
17625642282
17625641961
17625641635
17625640674
17625640262
17625640091
17625640067
17625638247
17625637704
17625625849
17625621864
17625609581
17625609373
17625609134
17625608143
17625607932
17625607884
17625607844
17625606470
17625605948
17625605048
17625604969
17625604807
17625604773
17625604771
17625604629
17625604625
17625604596
17625604482
17625604156
17625603534
17625603501
17625603481
17625603370
17625603173
17625601732
17625601709
17625594152
17625569427
17625568480
17625568409
17625566174
17625565471
17625563849
17625563476
17625562047
17625560647
17625560542
17625560460
17625560340
17625529342
17625528953
17625527964
17625524676
17625524538
17625524510
17625524394
17625523359
17625523091
17625521694
17625521531
17625520172
17625514369
17625394683
17625394351
17625392041
17625389443
17625385827
17625385614
17625385478
17625384806
17625383294
17625383216
17625382761
17625382729
17625382710
17625382074
17625382035
17625381405
17625381245
17625380357
17625324073
17625306904
17625301254
17625297307
17625269544
17625268264
17625268045
17625267046
17625266945
17625266481
17625265615
17625264896
17625264832
17625264102
17625264051
17625263750
17625263624
17625263524
17625262144
17625261471
17625260754
17625128493
17601595052
17601497652
17601495385
17601495124
17601493809
17601490464
17601487956
17601487375
17601478347
17601472861
17601471289
17601469806
17601468975
17601468752
17601467909
17601467442
17601467316
17601466709
17601465725
17601465260
17601465094
17601464596
17601461543
17601460463
17601460262
17601460085
17601459013
17601454486
17601439409
17601433931
17601432834
17601432563
17601431408
17506196095
17506187810
17506185161
17506169724
17506168647
17506168250
17506167802
17506165891
17506165747
17506164780
17506164653
17506164580
17506164425
17506164160
17506164101
17506163943
17506162454
17505124014
17505123624
15506293075
15506154489
13291167445
13151163804
13151163424