13081711675
13081711695
13124291674
13124291814
13154170674
13154171672
13154172804
13154173014
13154176793
13154178027
13154178102
13154178105
13154178265
13154178317
13154178326
13154178391
13154178416
13154178469
13154178512
13154178571
13154178591
13154178653
13154178671
13154178753
13154178795
13154179053
13154179130
13154179175
13154179205
13154179215
13154179217
13154179263
13154179265
13154179276
13154179301
13154179307
13154179325
13154179326
13154179507
13154179573
13154179607
13154179612
13154179623
13154179637
13154179673
13154179701
13154179719
13154179720
13154179735
13154179736
13154179753
13154179826
13154179837
15504071429
15504179063
15504179241
15541701297
15541701419
15541701463
15541701745
15541701753
15541702731
15541702851
15541702963
15541702972
15541703481
15541703652
15541703726
15541703731
15541703842
15541703872
15541703873
15541704296
15541704572
15541704609
15541704629
15541704839
15541704850
15541704871
15541704873
15541704891
15541704903
15541704925
15541704962
15541705061
15541705107
15541705140
15541705141
15541705143
15541705149
15541705192
15541705235
15541705263
15541705291
15541705293
15541705302
15541705307
15541705362
15541705376
15541705381
15541705409
15541705412
15541705413
15541705415
15541705425
15541705426
15541705452
15541705460
15541705462
15541705463
15541705472
15541705473
15541705475
15541705481
15541705482
15541705486
15541705490
15541705491
15541705492
15541705497
15541705617
15541705632
15541705641
15541705642
15541705682
15541705712
15541705719
15541705729
15541705732
15541705740
15541705743
15541705748
15541705749
15541705803
15541705831
15541705840
15541705847
15541705893
15541705902
15541705903
15541705932
15541705940
15541705943
15541705945
15541705946
15541705971
15541705983
15541706031
15541706045
15541706047
15541706137
15541706141
15541706142
15541706147
15541706149
15541706183
15541706192
15541706215
15541706240
15541706241
15541706243
15541706245
15541706249
15541706302
15541706305
15541706313
15541706341
15541706342
15541706346
15541706392
15541706402
15541706407
15541706409
15541706416
15541706419
15541706420
15541706421
15541706425
15541706438
15541706442
15541706447
15541706459
15541706471
15541706473
15541706475
15541706482
15541706485
15541706492
15541706495
15541706496
15541706507
15541706535
15541706537
15541706572
15541706573
15541706593
15541706713
15541706721
15541706739
15541706741
15541706743
15541706792
15541706793
15541706827
15541706830
15541706853
15541706857
15541706872
15541706893
15541706935
15541706940
15541706945
15541706973
15541707031
15541707032
15541707091
15541707106
15541707132
15541707142
15541707143
15541707153
15541707160
15541707162
15541707203
15541707231
15541707236
15541707246
15541707251
15541707253
15541707261
15541707305
15541707327
15541707329
15541707340
15541707341
15541707342
15541707343
15541707346
15541707361
15541707382
15541707392
15541707396
15541707405
15541707406
15541707409
15541707412
15541707413
15541707415
15541707423
15541707425
15541707435
15541707436
15541707451
15541707452
15541707453
15541707462
15541707463
15541707465
15541707486
15541707487
15541707497
15541707501
15541707503
15541707540
15541707541
15541707546
15541707549
15541707592
15541707601
15541707613
15541707623
15541707625
15541707631
15541707641
15541707642
15541707643
15541707682
15541707691
15541707692
15541707832
15541707835
15541707841
15541707842
15541707843
15541707845
15541707847
15541707903
15541707931
15541707940
15541707943
15541707951
15541707962
15541708043
15541708132
15541708137
15541708140
15541708146
15541708173
15541708175
15541708242
15541708243
15541708253
15541708272
15541708275
15541708301
15541708302
15541708315
15541708342
15541708361
15541708372
15541708375
15541708397
15541708401
15541708409
15541708412
15541708419
15541708429
15541708430
15541708436
15541708437
15541708438
15541708445
15541708460
15541708462
15541708469
15541708473
15541708475
15541708492
15541708493
15541708496
15541708537
15541708562
15541708563
15541708571
15541708573
15541708630
15541708642
15541708649
15541708703
15541708716
15541708729
15541708741
15541708742
15541708925
15541708932
15541708937
15541708943
15541709031
15541709042
15541709052
15541709071
15541709073
15541709132
15541709140
15541709145
15541709147
15541709149
15541709153
15541709173
15541709175
15541709220
15541709237
15541709240
15541709246
15541709249
15541709260
15541709261
15541709271
15541709273
15541709301
15541709302
15541709347
15541709351
15541709352
15541709362
15541709371
15541709372
15541709375
15541709423
15541709453
15541709460
15541709472
15541709473
15541709475
15541709476
15541709502
15541709523
15541709531
15541709546
15541709547
15541709549
15541709627
15541709641
15541709642
15541709643
15541709647
15541709657
15541709675
15541709683
15541709713
15541709721
15541709742
15541709746
15541709752
15541709761
15541709763
15541709841
15541709861
15541711047
15541720140
15541720141
15541720245
15541720264
15541720341
15541720352
15541720364
15541720379
15541720394
15541720431
15541720435
15541720452
15541720454
15541720462
15541720463
15541720471
15541720483
15541720487
15541720494
15541720597
15541720640
15541720734
15541720764
15541720784
15541720854
15541720864
15541720873
15541720874
15541720894
15541720931
15541720954
15541720957
15541721034
15541721048
15541721054
15541721064
15541721084
15541721273
15541721364
15541721380
15541721430
15541721434
15541721454
15541721476
15541721480
15541721483
15541721485
15541721502
15541721503
15541721574
15541721584
15541721594
15541721604
15541721694
15541721754
15541721784
15541721842
15541721843
15541721862
15541721874
15541721904
15541721943
15541722094
15541722104
15541722164
15541722403
15541722410
15541722452
15541722470
15541722473
15541722492
15541722504
15541722574
15541722584
15541722594
15541722734
15541722834
15541722843
15541722934
15541723046
15541723064
15541723094
15541723149
15541723164
15541723291
15541723295
15541723462
15541723464
15541723494
15541723640
15541723684
15541723724
15541723740
15541723743
15541723762
15541723864
15541723894
15541723904
15541723964
15541724023
15541724034
15541724046
15541724047
15541724052
15541724053
15541724082
15541724102
15541724105
15541724152
15541724154
15541724196
15541724197
15541724213
15541724214
15541724260
15541724264
15541724273
15541724281
15541724291
15541724304
15541724314
15541724381
15541724459
15541724463
15541724473
15541724482
15541724530
15541724534
15541724590
15541724591
15541724605
15541724621
15541724623
15541724641
15541724681
15541724690
15541724697
15541724704
15541724719
15541724721
15541724723
15541724730
15541724732
15541724736
15541724754
15541724762
15541724782
15541724792
15541724793
15541724804
15541724813
15541724832
15541724861
15541724864
15541724867
15541724872
15541724892
15541724893
15541724894
15541724902
15541724960
15541725031
15541725041
15541725084
15541725094
15541725142
15541725194
15541725241
15541725364
15541725374
15541725392
15541725394
15541725401
15541725429
15541725462
15541725473
15541725490
15541725492
15541725732
15541725742
15541725784
15541725792
15541725804
15541725814
15541725834
15541725894
15541726034
15541726054
15541726094
15541726173
15541726201
15541726247
15541726290
15541726324
15541726394
15541726431
15541726473
15541726481
15541726484
15541726504
15541726524
15541726714
15541726794
15541726841
15541726842
15541726951
15541726984
15541727014
15541727019
15541727031
15541727036
15541727053
15541727063
15541727065
15541727135
15541727205
15541727253
15541727342
15541727354
15541727394
15541727403
15541727405
15541727410
15541727435
15541727449
15541727480
15541727482
15541727483
15541727594
15541727614
15541727623
15541727641
15541727642
15541727683
15541727854
15541727953
15541728041
15541728051
15541728053
15541728072
15541728074
15541728103
15541728140
15541728143
15541728154
15541728214
15541728265
15541728293
15541728314
15541728317
15541728370
15541728374
15541728390
15541728414
15541728442
15541728541
15541728564
15541728592
15541728625
15541728709
15541728734
15541728914
15541728954
15541729013
15541729015
15541729032
15541729034
15541729107
15541729154
15541729184
15541729254
15541729274
15541729314
15541729361
15541729372
15541729401
15541729403
15541729404
15541729430
15541729431
15541729436
15541729451
15541729452
15541729462
15541729463
15541729470
15541729472
15541729473
15541729483
15541729510
15541729534
15541729541
15541729574
15541729672
15541729724
15541729734
15541729741
15541729760
15541729814
15541729834
15541729835
15541729854
15541730143
15541730491
15541730542
15541730647
15541730749
15541730792
15541730942
15541731402
15541731642
15541731647
15541731842
15541731942
15541732412
15541732493
15541732541
15541732547
15541732741
15541732743
15541732745
15541732941
15541732947
15541733642
15541734291
15541734719
15541734871
15541736740
15541737041
15541738049
15541738429
15541738476
15541739462
15541740135
15541740136
15541740137
15541740143
15541740151
15541740173
15541740183
15541740187
15541740205
15541740237
15541740239
15541740242
15541740243
15541740245
15541740247
15541740253
15541740271
15541740275
15541740283
15541740287
15541740297
15541740312
15541740329
15541740341
15541740342
15541740347
15541740349
15541740351
15541740356
15541740357
15541740360
15541740361
15541740362
15541740367
15541740372
15541740375
15541740376
15541740381
15541740382
15541740387
15541740391
15541740392
15541740429
15541740435
15541740436
15541740439
15541740451
15541740452
15541740461
15541740465
15541740467
15541740469
15541740473
15541740475
15541740476
15541740479
15541740481
15541740482
15541740485
15541740486
15541740487
15541740492
15541740493
15541740529
15541740532
15541740537
15541740541
15541740542
15541740560
15541740561
15541740571
15541740573
15541740593
15541740597
15541740632
15541740641
15541740643
15541740651
15541740652
15541740653
15541740657
15541740659
15541740670
15541740671
15541740672
15541740673
15541740683
15541740691
15541740692
15541740693
15541740702
15541740726
15541740732
15541740736
15541740741
15541740749
15541740752
15541740761
15541740791
15541740792
15541740793
15541740795
15541740796
15541740813
15541740835
15541740847
15541740850
15541740851
15541740852
15541740862
15541740872
15541740873
15541740891
15541740902
15541740937
15541740943
15541740945
15541740951
15541740957
15541740961
15541740971
15541740972
15541740973
15541740976
15541740981
15541741037
15541741039
15541741042
15541741046
15541741049
15541741052
15541741056
15541741063
15541741065
15541741072
15541741073
15541741075
15541741079
15541741082
15541741083
15541741091
15541741092
15541741095
15541741232
15541741237
15541741240
15541741245
15541741250
15541741257
15541741260
15541741271
15541741273
15541741275
15541741276
15541741279
15541741280
15541741281
15541741283
15541741293
15541741295
15541741301
15541741302
15541741307
15541741325
15541741327
15541741340
15541741342
15541741348
15541741356
15541741362
15541741367
15541741370
15541741371
15541741372
15541741375
15541741376
15541741380
15541741381
15541741382
15541741387
15541741392
15541741395
15541741397
15541741402
15541741405
15541741408
15541741420
15541741425
15541741430
15541741435
15541741437
15541741438
15541741443
15541741451
15541741453
15541741462
15541741463
15541741472
15541741473
15541741482
15541741483
15541741486
15541741487
15541741492
15541741493
15541741495
15541741523
15541741530
15541741531
15541741537
15541741538
15541741540
15541741563
15541741571
15541741576
15541741591
15541741592
15541741612
15541741613
15541741620
15541741621
15541741630
15541741632
15541741639
15541741641
15541741642
15541741643
15541741645
15541741651
15541741670
15541741672
15541741679
15541741693
15541741795
15541741805
15541741830
15541741835
15541741839
15541741842
15541741845
15541741850
15541741863
15541741892
15541741902
15541741921
15541741927
15541741935
15541741940
15541741942
15541741943
15541741946
15541741951
15541741953
15541741957
15541741965
15541742041
15541742052
15541742061
15541742063
15541742075
15541742079
15541742083
15541742085
15541742093
15541742136
15541742143
15541742153
15541742156
15541742160
15541742162
15541742165
15541742167
15541742175
15541742176
15541742183
15541742190
15541742192
15541742196
15541742313
15541742315
15541742350
15541742357
15541742387
15541742391
15541742392
15541742402
15541742403
15541742407
15541742409
15541742419
15541742437
15541742452
15541742457
15541742463
15541742473
15541742475
15541742479
15541742483
15541742497
15541742503
15541742510
15541742528
15541742530
15541742537
15541742546
15541742547
15541742563
15541742571
15541742572
15541742573
15541742582
15541742591
15541742593
15541742597
15541742602
15541742613
15541742615
15541742638
15541742640
15541742643
15541742647
15541742649
15541742653
15541742670
15541742673
15541742675
15541742691
15541742695
15541742715
15541742719
15541742723
15541742730
15541742738
15541742740
15541742753
15541742760
15541742761
15541742763
15541742783
15541742796
15541742802
15541742805
15541742809
15541742815
15541742820
15541742841
15541742845
15541742846
15541742847
15541742849
15541742850
15541742851
15541742863
15541742869
15541742872
15541742892
15541742896
15541742907
15541742910
15541742912
15541742913
15541742915
15541742932
15541742935
15541742940
15541742941
15541742943
15541742947
15541742957
15541742961
15541742962
15541742972
15541742973
15541743025
15541743027
15541743029
15541743045
15541743046
15541743047
15541743049
15541743051
15541743052
15541743057
15541743061
15541743062
15541743071
15541743076
15541743079
15541743105
15541743106
15541743109
15541743127
15541743129
15541743140
15541743142
15541743146
15541743147
15541743152
15541743153
15541743161
15541743162
15541743165
15541743169
15541743173
15541743175
15541743176
15541743180
15541743190
15541743193
15541743195
15541743205
15541743209
15541743237
15541743240
15541743242
15541743251
15541743252
15541743257
15541743261
15541743267
15541743271
15541743273
15541743276
15541743290
15541743291
15541743293
15541743295
15541743297
15541743401
15541743402
15541743406
15541743409
15541743410
15541743412
15541743415
15541743441
15541743461
15541743462
15541743467
15541743470
15541743476
15541743480
15541743483
15541743486
15541743492
15541743493
15541743495
15541743496
15541743501
15541743503
15541743506
15541743507
15541743529
15541743562
15541743563
15541743571
15541743573
15541743582
15541743587
15541743592
15541743605
15541743607
15541743619
15541743625
15541743641
15541743645
15541743649
15541743653
15541743659
15541743672
15541743691
15541743701
15541743702
15541743703
15541743705
15541743712
15541743715
15541743716
15541743725
15541743726
15541743740
15541743741
15541743742
15541743748
15541743751
15541743752
15541743760
15541743782
15541743785
15541743793
15541743796
15541743812
15541743825
15541743829
15541743835
15541743840
15541743842
15541743847
15541743849
15541743852
15541743857
15541743870
15541743873
15541743875
15541743891
15541743893
15541743897
15541743905
15541743913
15541743915
15541743920
15541743921
15541743927
15541743931
15541743946
15541743947
15541743950
15541743951
15541743952
15541743962
15541743965
15541743970
15541743971
15541743975
15541743986
15541744016
15541744021
15541744026
15541744031
15541744049
15541744052
15541744053
15541744059
15541744061
15541744062
15541744063
15541744072
15541744073
15541744079
15541744082
15541744086
15541744093
15541744105
15541744127
15541744132
15541744137
15541744143
15541744146
15541744152
15541744153
15541744159
15541744167
15541744180
15541744183
15541744186
15541744201
15541744203
15541744240
15541744272
15541744293
15541744296
15541744297
15541744305
15541744306
15541744310
15541744312
15541744313
15541744342
15541744347
15541744350
15541744351
15541744352
15541744362
15541744370
15541744372
15541744375
15541744382
15541744386
15541744387
15541744390
15541744391
15541744392
15541744395
15541744396
15541744397
15541744506
15541744531
15541744532
15541744536
15541744537
15541744538
15541744542
15541744579
15541744591
15541744592
15541744597
15541744603
15541744605
15541744613
15541744617
15541744619
15541744620
15541744621
15541744625
15541744627
15541744635
15541744640
15541744651
15541744652
15541744653
15541744687
15541744691
15541744692
15541744697
15541744703
15541744709
15541744730
15541744732
15541744735
15541744738
15541744750
15541744752
15541744753
15541744762
15541744783
15541744786
15541744792
15541744801
15541744807
15541744810
15541744812
15541744817
15541744823
15541744825
15541744826
15541744831
15541744835
15541744837
15541744847
15541744850
15541744860
15541744871
15541744892
15541744897
15541744902
15541744910
15541744917
15541744923
15541744931
15541744937
15541744938
15541744951
15541744952
15541744961
15541744962
15541744963
15541744965
15541744967
15541744971
15541744973
15541744976
15541744986
15541745013
15541745017
15541745023
15541745027
15541745029
15541745031
15541745036
15541745037
15541745039
15541745046
15541745049
15541745063
15541745071
15541745072
15541745073
15541745093
15541745095
15541745102
15541745103
15541745107
15541745109
15541745126
15541745130
15541745132
15541745140
15541745143
15541745146
15541745149
15541745160
15541745167
15541745170
15541745172
15541745190
15541745191
15541745192
15541745231
15541745237
15541745241
15541745249
15541745260
15541745261
15541745263
15541745271
15541745273
15541745283
15541745290
15541745291
15541745293
15541745295
15541745297
15541745301
15541745307
15541745325
15541745329
15541745340
15541745346
15541745349
15541750431
15541750462
15541751841
15541753482
15541753493
15541753872
15541760463
15541760467
15541760491
15541760593
15541760743
15541760935
15541760947
15541760971
15541761041
15541761430
15541761462
15541761479
15541761542
15541761594
15541761734
15541761741
15541761742
15541762146
15541762403
15541762473
15541762482
15541762495
15541762795
15541762847
15541762873
15541762971
15541763072
15541763471
15541763472
15541763475
15541763641
15541763742
15541763841
15541763842
15541763843
15541763894
15541763944
15541764053
15541764247
15541764349
15541764351
15541764631
15541764673
15541764683
15541764692
15541764702
15541764712
15541764739
15541764743
15541764750
15541764753
15541764781
15541765042
15541765372
15541765381
15541765391
15541765429
15541765742
15541765743
15541765932
15541766475
15541767045
15541767049
15541767142
15541767213
15541767263
15541767301
15541767361
15541767423
15541767451
15541767462
15541767469
15541767481
15541767482
15541767593
15541767951
15541768013
15541768173
15541768349
15541768392
15541768403
15541768452
15541768462
15541768652
15541768723
15541769102
15541769302
15541780143
15541780243
15541780249
15541780341
15541780361
15541780443
15541780463
15541780642
15541780951
15541781364
15541781392
15541781403
15541781404
15541781427
15541781454
15541781462
15541781483
15541781492
15541781504
15541781532
15541781762
15541782041
15541782153
15541782352
15541782371
15541782372
15541782405
15541782409
15541782451
15541782476
15541782593
15541782642
15541782673
15541782740
15541782741
15541782742
15541782937
15541782942
15541783051
15541783419
15541783471
15541783473
15541783476
15541783491
15541783630
15541783702
15541783712
15541783762
15541784025
15541784127
15541784136
15541784163
15541784203
15541784207
15541784215
15541784237
15541784251
15541784253
15541784271
15541784305
15541784306
15541784307
15541784351
15541784397
15541784435
15541784571
15541784591
15541784613
15541784615
15541784671
15541784725
15541784726
15541784761
15541784792
15541784901
15541784931
15541784932
15541784936
15541784952
15541784962
15541785042
15541785047
15541785103
15541785340
15541785371
15541785381
15541785402
15541785412
15541785740
15541785791
15541785793
15541785947
15541786031
15541786042
15541786043
15541786053
15541786146
15541786149
15541786243
15541786247
15541786310
15542851840
15542851843
15542852149
15542852470
15542852613
15542852741
15542852943
15542853426
15542853470
15542853475
15542853487
15542853492
15542853495
15542853501
15542853502
15542853541
15542853570
15542853571
15542853615
15542853621
15542853649
15542853652
15542853670
15542853675
15542853701
15542853705
15542853741
15542853742
15542853745
15542853762
15542853802
15542853803
15542853861
15542853863
15542854019
15542854023
15542854026
15542854036
15542854042
15542854059
15542854061
15542854082
15542854092
15542854093
15542854103
15542854125
15542854127
15542854161
15542854162
15542854167
15542854173
15542854182
15542854196
15542854197
15542854201
15542854217
15542854263
15542854279
15542854305
15542854307
15542854370
15542854372
15542854381
15542854427
15542854457
15542854470
15542854482
15542854530
15542854532
15542854537
15542854539
15542854573
15542854592
15542854602
15542854610
15542854613
15542854621
15542854693
15542854705
15542854741
15542854761
15542854792
15542854807
15542854840
15542854873
15542854907
15542854931
15542854951
15542854961
15542854975
15542854976
15542855174
15542855402
15542855461
15542855491
15542855641
15542855702
15542855903
15542856037
15542856053
15542856071
15542856073
15542856140
15542856371
15542856492
15542856493
15542856571
15542856592
15542856741
15542856952
15542857082
15542857160
15542857192
15542857193
15542857361
15542857406
15542857410
15542857436
15542857443
15542857451
15542857465
15542857469
15542857471
15542857472
15542857479
15542857482
15542857491
15542857492
15542857541
15542857613
15542857621
15542857932
15542857951
15542858145
15542858146
15542858351
15542858391
15542858431
15542858461
15542858473
15542858491
15542858493
15542858497
15542858647
15542858741
15542858743
15542858746
15542859031
15542859046
15542859057
15542859132
15542859147
15542859172
15542859271
15542859273
15542859405
15542859407
15542859461
15542859462
15542859472
15542859473
15542859476
15542859483
15542859547
15542859642
15542859651
15542859672
15542859713
15542859742
15542859762
15542860291
15542860643
15542860647
15542860847
15542860940
15542861045
15542861047
15542861073
15542861242
15542861249
15542861253
15542861279
15542861297
15542861349
15542861370
15542861390
15542861406
15542861435
15542861437
15542861451
15542861453
15542861467
15542861470
15542861482
15542861497
15542861532
15542861547
15542861582
15542861647
15542861675
15542861705
15542861741
15542861742
15542861743
15542861746
15542861749
15542861764
15542861792
15542861793
15542861843
15542861845
15542861940
15542861943
15542861947
15542862043
15542862437
15542862451
15542862615
15542862723
15542862740
15542863021
15542863462
15542863743
15542863802
15542863841
15542870845
15542870941
15542871407
15542871450
15542872351
15542872463
15542872491
15542873482
15542873641
15542873840
15542874261
15542874362
15542874573
15542874705
15542874719
15542875493
15542875749
15542875940
15542876047
15542876140
15542876193
15542876371
15542878261
15542878275
15542878402
15566350274
15566350674
15566350764
15566350964
15566351420
15566351754
15566351874
15566352064
15566352384
15566352504
15566352594
15566352764
15566352804
15566354274
15566354394
15566354513
15566354602
15566354603
15566354681
15566354705
15566354741
15566354760
15566354785
15566354791
15566354810
15566354813
15566354823
15566354829
15566354842
15566354870
15566354892
15566354961
15566355024
15566355421
15566355490
15566356148
15566356412
15566356462
15566356470
15566357041
15566357082
15566357124
15566357194
15566357349
15566357364
15566357405
15566357407
15566357412
15566357413
15566357437
15566357450
15566357462
15566357534
15566357642
15566357913
15566357941
15566357971
15566358042
15566358054
15566358314
15566358414
15566358420
15566358452
15566358461
15566358493
15566358640
15566358643
15566358731
15566358741
15566359076
15566359143
15566359162
15566359167
15566359241
15566359342
15566359413
15566359443
15566359453
15566359472
15566359475
15566359541
15566359672
15566359740
15566359843
15566360643
15566362475
15566364370
15566364792
15566364901
15566367952
15566368542
15566368741
15566371096
15566371951
15566372651
15566372830
15566372950
15566373052
15566373251
15566373591
15566373952
15566375381
15566375619
15566375731
15566376932
15566376975
15566378305
15566379153
15566379852
15640704873
15640706304
15640707591
15640708349
15640708401
15640715412
15640716472
15640716473
15640716514
15640716943
15640745634
15640745694
15640745724
15640745814
15640745934
15640746154
15640746274
15640746304
15640790143
15640790148
15640790152
15640790163
15640790243
15640790342
15640790347
15640790361
15640790546
15640790632
15640790645
15640790647
15640790840
15640790845
15640790957
15640791063
15640791237
15640791270
15640791292
15640791297
15640791302
15640791307
15640791325
15640791326
15640791329
15640791341
15640791346
15640791362
15640791370
15640791372
15640791375
15640791392
15640791395
15640791397
15640791402
15640791403
15640791406
15640791420
15640791421
15640791425
15640791426
15640791437
15640791438
15640791439
15640791440
15640791442
15640791447
15640791451
15640791459
15640791460
15640791461
15640791463
15640791470
15640791472
15640791475
15640791476
15640791479
15640791480
15640791482
15640791483
15640791485
15640791486
15640791490
15640791492
15640791496
15640791530
15640791531
15640791538
15640791540
15640791541
15640791544
15640791546
15640791571
15640791590
15640791592
15640791596
15640791605
15640791620
15640791621
15640791630
15640791631
15640791643
15640791647
15640791651
15640791692
15640791693
15640791705
15640791725
15640791732
15640791735
15640791740
15640791742
15640791753
15640791760
15640791761
15640791762
15640791763
15640791782
15640791793
15640791795
15640791806
15640791826
15640791830
15640791843
15640791844
15640791845
15640791847
15640791862
15640791873
15640791903
15640791935
15640791941
15640791945
15640791947
15640791963
15640792031
15640792032
15640792035
15640792039
15640792043
15640792049
15640792052
15640792053
15640792057
15640792063
15640792065
15640792141
15640792145
15640792146
15640792147
15640792162
15640792171
15640792175
15640792301
15640792302
15640792307
15640792312
15640792362
15640792365
15640792370
15640792371
15640792375
15640792391
15640792395
15640792401
15640792402
15640792410
15640792413
15640792416
15640792421
15640792431
15640792436
15640792437
15640792443
15640792450
15640792451
15640792452
15640792467
15640792475
15640792476
15640792481
15640792482
15640792491
15640792493
15640792495
15640792503
15640792529
15640792537
15640792539
15640792541
15640792546
15640792563
15640792571
15640792579
15640792582
15640792587
15640792591
15640792593
15640792597
15640792605
15640792613
15640792615
15640792630
15640792631
15640792632
15640792641
15640792642
15640792645
15640792649
15640792650
15640792673
15640792675
15640792691
15640792697
15640792703
15640792705
15640792715
15640792716
15640792731
15640792732
15640792736
15640792738
15640792747
15640792748
15640792752
15640792753
15640792763
15640792781
15640792790
15640792791
15640792817
15640792823
15640792830
15640792837
15640792841
15640792847
15640792851
15640792852
15640792903
15640792941
15640792942
15640792943
15640792945
15640792957
15640792971
15640792983
15640793021
15640793047
15640793049
15640793052
15640793061
15640793062
15640793063
15640793082
15640793097
15640793105
15640793107
15640793125
15640793140
15640793143
15640793144
15640793147
15640793152
15640793153
15640793157
15640793160
15640793162
15640793163
15640793165
15640793170
15640793173
15640793175
15640793187
15640793203
15640793241
15640793246
15640793247
15640793251
15640793257
15640793260
15640793261
15640793263
15640793267
15640793270
15640793275
15640793287
15640793291
15640793295
15640793401
15640793402
15640793406
15640793409
15640793416
15640793426
15640793429
15640793430
15640793436
15640793437
15640793440
15640793441
15640793460
15640793463
15640793465
15640793470
15640793471
15640793472
15640793473
15640793476
15640793479
15640793480
15640793482
15640793483
15640793485
15640793486
15640793491
15640793492
15640793497
15640793506
15640793510
15640793512
15640793517
15640793526
15640793537
15640793540
15640793541
15640793542
15640793547
15640793573
15640793581
15640793582
15640793591
15640793592
15640793597
15640793602
15640793605
15640793613
15640793615
15640793617
15640793621
15640793623
15640793631
15640793641
15640793642
15640793643
15640793652
15640793670
15640793671
15640793675
15640793691
15640793702
15640793715
15640793716
15640793719
15640793723
15640793725
15640793726
15640793740
15640793741
15640793745
15640793752
15640793753
15640793762
15640793785
15640793791
15640793801
15640793802
15640793813
15640793820
15640793823
15640793841
15640793842
15640793843
15640793844
15640793846
15640793847
15640793849
15640793852
15640793865
15640793872
15640793873
15640793875
15640793892
15640793905
15640793920
15640793923
15640793942
15640793952
15640793957
15640793965
15640793973
15640793983
15640794013
15640794015
15640794017
15640794021
15640794023
15640794029
15640794031
15640794035
15640794037
15640794038
15640794039
15640794042
15640794045
15640794047
15640794051
15640794053
15640794059
15640794061
15640794063
15640794065
15640794081
15640794082
15640794091
15640794092
15640794093
15640794095
15640794107
15640794127
15640794129
15640794135
15640794137
15640794152
15640794153
15640794165
15640794167
15640794182
15640794183
15640794187
15640794192
15640794195
15640794201
15640794216
15640794217
15640794243
15640794263
15640794267
15640794271
15640794273
15640794275
15640794281
15640794285
15640794287
15640794295
15640794297
15640794301
15640794305
15640794306
15640794307
15640794310
15640794312
15640794313
15640794319
15640794340
15640794352
15640794357
15640794359
15640794361
15640794362
15640794363
15640794370
15640794372
15640794373
15640794376
15640794382
15640794386
15640794387
15640794391
15640794392
15640794395
15640794415
15640794424
15640794425
15640794429
15640794439
15640794451
15640794453
15640794470
15640794472
15640794473
15640794475
15640794483
15640794495
15640794501
15640794502
15640794503
15640794507
15640794512
15640794513
15640794517
15640794523
15640794529
15640794537
15640794539
15640794542
15640794583
15640794590
15640794591
15640794592
15640794601
15640794602
15640794603
15640794610
15640794613
15640794615
15640794617
15640794620
15640794623
15640794625
15640794627
15640794629
15640794632
15640794640
15640794642
15640794653
15640794670
15640794671
15640794675
15640794681
15640794682
15640794685
15640794691
15640794693
15640794695
15640794697
15640794701
15640794705
15640794706
15640794712
15640794713
15640794715
15640794719
15640794720
15640794729
15640794741
15640794743
15640794751
15640794752
15640794753
15640794760
15640794761
15640794762
15640794782
15640794783
15640794792
15640794793
15640794801
15640794802
15640794803
15640794805
15640794806
15640794807
15640794809
15640794813
15640794815
15640794819
15640794823
15640794827
15640794835
15640794836
15640794842
15640794843
15640794850
15640794856
15640794861
15640794865
15640794869
15640794871
15640794873
15640794891
15640794893
15640794903
15640794910
15640794920
15640794925
15640794927
15640794931
15640794932
15640794951
15640794952
15640794960
15640794961
15640794963
15640794973
15640794975
15640794981
15640794982
15640795013
15640795016
15640795032
15640795037
15640795039
15640795042
15640795043
15640795046
15640795062
15640795063
15640795072
15640795093
15640795103
15640795132
15640795147
15640795160
15640795162
15640795163
15640795173
15640795192
15640795201
15640795237
15640795244
15640795245
15640795247
15640795261
15640795263
15640795267
15640795271
15640795273
15640795291
15640795296
15640795302
15640795306
15640795307
15640795317
15640795329
15640795341
15640795342
15640795346
15640797034
15641720141
15641720143
15641720146
15641720381
15641720431
15641720435
15641720436
15641720437
15641720439
15641720457
15641720461
15641720475
15641720549
15641720741
15641720742
15641720743
15641720842
15641720947
15641721493
15641721540
15641721746
15641721846
15641722430
15641722461
15641722476
15641722741
15641723047
15641723051
15641723072
15641723147
15641723649
15641723742
15641723743
15641723844
15641724106
15641724125
15641724160
15641724161
15641724165
15641724391
15641724392
15641724413
15641724425
15641724459
15641724491
15641724492
15641724495
15641724512
15641724593
15641724605
15641724639
15641724643
15641724651
15641724701
15641724790
15641724813
15641724857
15641724902
15641724903
15641724930
15641724947
15641724952
15641724972
15641724975
15641725047
15641725471
15641725475
15641725476
15641725803
15641725841
15641726102
15641726132
15641726142
15641726495
15641726702
15641726841
15641726843
15641726941
15641727063
15641727153
15641727340
15641727452
15641727462
15641727541
15641727601
15641727603
15641727642
15641727842
15641727845
15641727931
15641727940
15641728041
15641728146
15641728240
15641728420
15641729142
15641729145
15641729146
15641729163
15641729307
15641729425
15641729436
15641729439
15641729463
15641729613
15641729762
15641730537
15641730643
15641730761
15641730935
15641730962
15641731405
15641731541
15641731593
15641731643
15641731792
15641732470
15641732692
15641732713
15641733429
15641733460
15641733841
15641734051
15641734095
15641734109
15641734167
15641734195
15641734382
15641734459
15641734627
15641734651
15641734730
15641734753
15641734827
15641734872
15641734895
15641734912
15641735263
15641735429
15641735463
15641735602
15641735749
15641736341
15641736426
15641736471
15641736571
15641736741
15641736942
15641737045
15641737061
15641737103
15641737423
15641737431
15641737469
15641737562
15641737641
15641737947
15641738342
15641738405
15641738412
15641738415
15641738416
15641738451
15641738461
15641738537
15641738541
15641738572
15641738610
15641738631
15641738643
15641738743
15641738746
15641738749
15641739176
15641739361
15641739401
15641739483
15641739492
15641739542
15641739547
15641739643
15641739647
15641739715
15641739741
15641739743
15641739745
15641739752
15641739763
15641739830
15641739842
15641764205
15641764713
15641764743
15641767452
15641768201
15641768964
15641769246
15641769354
15694172613
15694173702
15694173712
15694173802
15694173846
15694173947
15694174035
15694174129
15694174610
15694174670
15694174902
15694174951
15694176031
15694176141
15694176275
16604172504
16604172784
16604172804
16604173409
16604173574
16604173841
16604173942
16604174254
16604174574
16604174731
16604178451
16640701093
16640701094
16640701284
16640701294
16640701364
16640701374
16640701451
16640701453
16640701462
16640701463
16640701465
16640701481
16640701483
16640701491
16640701493
16640701570
16640701574
16640701594
16640701604
16640701647
16640701672
16640701684
16640701742
16640701749
16640701784
16640701794
16640701803
16640701824
16640701832
16640701842
16640701854
16640701873
16640702142
16640702164
16640702183
16640702184
16640702302
16640702352
16640702365
16640702392
16640702404
16640702437
16640702473
16640702476
16640702485
16640702497
16640702503
16640702504
16640702514
16640702541
16640702549
16640702597
16640702614
16640702634
16640702645
16640702647
16640702648
16640702649
16640702653
16640702657
16640702672
16640702703
16640702710
16640702714
16640702731
16640702740
16640702763
16640702781
16640702784
16640702851
16640702864
16640702901
16640702914
16640702941
16640702943
16640702946
16640702964
16640703014
16640703149
16640703197
16640703294
16640703464
16640703481
16640703482
16640703491
16640703492
16640703496
16640703497
16640703503
16640703541
16640703641
16640703642
16640703651
16640703671
16640703714
16640703715
16640703724
16640703726
16640703743
16640703752
16640703754
16640703794
16640703815
16640703824
16640703874
16640703914
16640703942
16640703943
16640703954
16640703974
16640704019
16640704063
16640704129
16640704194
16640704249
16640704253
16640704254
16640704259
16640704273
16640704283
16640704295
16640704361
16640704365
16640704367
16640704374
16640704391
16640704394
16640704397
16640704493
16640704514
16640704532
16640704534
16640704537
16640704573
16640704594
16640704614
16640704635
16640704691
16640704713
16640704724
16640704732
16640704742
16640704752
16640704753
16640704764
16640704781
16640704794
16640704831
16640704834
16640704863
16640704871
16640704904
16640704912
16640704913
16640704914
16640704931
16640704963
16640704965
16640706047
16640706147
16640706149
16640706193
16640706205
16640706214
16640706241
16640706247
16640706251
16640706324
16640706347
16640706349
16640706374
16640706382
16640706384
16640706415
16640706436
16640706438
16640706452
16640706457
16640706471
16640706483
16640706491
16640706495
16640706574
16640706584
16640706594
16640706713
16640706724
16640706725
16640706741
16640706742
16640706814
16640706824
16640706834
16640706842
16640706854
16640706914
16640706924
16640706941
16640706945
16640706947
16640707162
16640707183
16640707192
16640707391
16640707415
16640707429
16640707435
16640707481
16640707534
16640707624
16640707641
16640707814
16640707847
16640707934
16640707941
16640707943
16640708042
16640708134
16640708145
16640708149
16640708173
16640708194
16640708204
16640708214
16640708243
16640708247
16640708314
16640708374
16640708391
16640708397
16640708401
16640708405
16640708437
16640708460
16640708469
16640708473
16640708540
16640708564
16640708571
16640708634
16640708637
16640708641
16640708649
16640708652
16640708671
16640708694
16640708703
16640708714
16640708731
16640708741
16640708743
16640708792
16640708794
16640708914
16640708924
16640708934
16640708941
16640708942
16640708943
16640708951
16640708964
16640709014
16640709043
16640709054
16640709072
16640709104
16640709142
16640709143
16640709145
16640709147
16640709153
16640709154
16640709261
16640709274
16640709275
16640709302
16640709304
16640709314
16640709346
16640709347
16640709352
16640709354
16640709371
16640709382
16640709405
16640709412
16640709426
16640709435
16640709437
16640709453
16640709463
16640709464
16640709469
16640709471
16640709482
16640709540
16640709547
16640709564
16640709574
16640709584
16640709624
16640709632
16640709647
16640709651
16640709674
16640709714
16640709724
16640709732
16640709742
16640709751
16640709762
16640709854
16640709864
17614072542
17614073845
17614073874
17614073897
17614073923
17614074029
17614074034
17614074057
17614074157
17614074348
17614074349
17614074365
17614074426
17614074504
17614074653
17614074690
17614074691
17614074709
17614074726
17614074762
17614074820
17614074823
17614074837
17614074843
17614074873
17614075064
17614075142
17614075143
17614075237
17614075315
17614075376
17614075403
17614075492
17614075762
17614075784
17614075834
17614076173
17614076214
17614076275
17614076382
17614076439
17614076479
17614076537
17614076593
17614076732
17614076753
17614076940
17614076984
17614077143
17614077235
17614077294
17614077392
17614077431
17614077483
17614077542
17614077924
17614078047
17614078073
17614078243
17614078291
17614078431
17614078524
17614079043
17614079047
17614079053
17614079205
17614079375
17614079381
17614079537
17614079613
17614079632
17614079641
17614079649
17614079710
17614079720
17614079734
17614079742
17614079763
17614172764
17614172874
17614173641
17614173971
17614174124
17614178214
17624174024
17624174572
17624174604
17624174804
17640480347
17640480349
17640480475
17640480961
17640481403
17640482607
17640482653
17640482670
17640482946
17640483410
17640483503
17640483901
17640484197
17640484739
17640485146
17640485372
17640485471
17640485603
17640486037
17640486104
17640488475
17640489571
17640490240
17640490452
17640490454
17640490483
17640490673
17640490692
17640490732
17640491729
17640492053
17640492361
17640492564
17640492703
17640493065
17640493067
17640493081
17640493252
17640493270
17640493403
17640493541
17640493640
17640494592
17640495463
17640495701
17640495791
17640495864
17640495932
17640496043
17640496275
17640496487
17640496714
17640496753
17640496834
17640497014
17640497039
17640497251
17640497412
17640497419
17640497493
17640497594
17640497632
17640497947
17640498014
17640498412
17640498426
17640498563
17640499842
18504174612
18524170193
18524170243
18524170347
18524170362
18524170391
18524170479
18524170481
18524170591
18524170692
18524170941
18524170942
18524170943
18524171045
18524171054
18524171275
18524171302
18524171361
18524171631
18524171635
18524171802
18524171830
18524172541
18524172591
18524172641
18524172642
18524172645
18524172652
18524173072
18524173082
18524173246
18524173263
18524173275
18524173572
18524173761
18524173892
18524174019
18524174063
18524174095
18524174153
18524174219
18524174273
18524174295
18524174537
18524174591
18524174632
18524174793
18524174807
18524174853
18524174863
18524174951
18524175103
18524175139
18524175140
18524175246
18524175247
18524175263
18524175264
18524175273
18524175283
18524175307
18524175470
18524175746
18524175783
18524175831
18524175912
18524176192
18524176493
18524178462
18524610183
18524610342
18524610376
18524610391
18524610395
18524610479
18524610487
18524610548
18524610642
18524610672
18524610693
18524610744
18524610753
18524610783
18524610957
18524611310
18524611342
18524611343
18524611451
18524611467
18524611641
18524611647
18524611736
18524611945
18524611946
18524612056
18524612091
18524612103
18524612149
18524612176
18524612183
18524612405
18524612430
18524612459
18524612475
18524612506
18524612544
18524612659
18524612951
18524612973
18524613048
18524613072
18524613143
18524613162
18524613209
18524613250
18524613283
18524613437
18524613475
18524613476
18524613504
18524613540
18524613542
18524613670
18524613740
18524613752
18524613762
18524613785
18524613795
18524613862
18524613870
18524613891
18524613902
18524613947
18524614021
18524614031
18524614032
18524614053
18524614062
18524614073
18524614076
18524614084
18524614179
18524614194
18524614207
18524614237
18524614259
18524614272
18524614275
18524614283
18524614293
18524614295
18524614301
18524614371
18524614375
18524614515
18524614523
18524614530
18524614635
18524614639
18524614671
18524614721
18524614731
18524614732
18524614735
18524614737
18524614739
18524614756
18524614815
18524614839
18524614851
18524614857
18524614867
18524614872
18524614903
18524614942
18524614952
18524614960
18524615042
18524615063
18524615073
18524615149
18524615175
18524615230
18524615269
18524615306
18524615309
18524615342
18524615349
18524615408
18524615421
18524615470
18524615476
18524615490
18524615743
18524615745
18524615781
18524615793
18524615810
18524615841
18524615843
18524615893
18524615937
18524615943
18524615981
18524616032
18524616235
18524616240
18524616245
18524616259
18524616371
18524616394
18524616395
18524616421
18524616437
18524616452
18524616472
18524616490
18524616790
18524616792
18524616832
18524616872
18524616905
18524616957
18524617023
18524617031
18524617053
18524617136
18524617165
18524617193
18524617201
18524617235
18524617239
18524617240
18524617351
18524617391
18524617405
18524617426
18524617451
18524617460
18524617472
18524617475
18524617491
18524617507
18524617523
18524617549
18524617615
18524617623
18524617639
18524617640
18524617641
18524617691
18524617840
18524617841
18524617849
18524617901
18524618013
18524618025
18524618027
18524618041
18524618057
18524618073
18524618240
18524618260
18524618317
18524618342
18524618346
18524618376
18524618409
18524618430
18524618431
18524618460
18524618471
18524618476
18524618480
18524618492
18524618542
18524618741
18524618746
18524618795
18524618941
18524619013
18524619076
18524619083
18524619143
18524619150
18524619153
18524619316
18524619423
18524619452
18524619467
18524619537
18524619674
18524619726
18524619743
18524619745
18524619782
18524619837
18524619847
18524620143
18524620146
18524620172
18524620445
18524620461
18524620469
18524620542
18524620546
18524620563
18524620641
18524620743
18524620746
18524620843
18524620947
18524620951
18524621041
18524621051
18524621057
18524621071
18524621241
18524621261
18524621376
18524621447
18524621470
18524621472
18524621501
18524621541
18524621542
18524621635
18524621742
18524621751
18524621803
18524621831
18524621843
18524621865
18524621867
18524621913
18524621951
18524622041
18524622053
18524622057
18524622145
18524622503
18524622541
18524622563
18524622847
18524623042
18524623075
18524623173
18524623197
18524623602
18524623640
18524623940
18524623957
18524623975
18524624026
18524624043
18524624081
18524624101
18524624153
18524624173
18524624253
18524624259
18524624293
18524624302
18524624382
18524624536
18524624673
18524624691
18524624692
18524624782
18524624792
18524624850
18524624853
18524624870
18524624912
18524624930
18524624932
18524624951
18524624972
18524624982
18524625049
18524625072
18524625142
18524625146
18524625149
18524625348
18524625441
18524625461
18524625471
18524625491
18524625641
18524625742
18524625749
18524625901
18524626391
18524626425
18524626447
18524626473
18524626495
18524626503
18524626703
18524626743
18524626840
18524626913
18524626947
18524626954
18524627047
18524627081
18524627085
18524627139
18524627143
18524627216
18524627241
18524627247
18524627283
18524627305
18524627341
18524627350
18524627361
18524627392
18524627412
18524627413
18524627416
18524627441
18524627470
18524627581
18524627592
18524627593
18524627621
18524627815
18524627823
18524627845
18524627861
18524627941
18524628042
18524628047
18524628291
18524628350
18524628375
18524628403
18524628420
18524628435
18524628447
18524628459
18524628463
18524628472
18524628541
18524628719
18524628730
18524628903
18524628913
18524628942
18524629035
18524629047
18524629136
18524629144
18524629250
18524629283
18524629346
18524629347
18524629376
18524629382
18524629401
18524629409
18524629412
18524629435
18524629461
18524629473
18524629546
18524629572
18524629640
18524629643
18524629647
18524629671
18524629681
18524629710
18524629715
18524629835
18524629842
18524630141
18524630195
18524630196
18524630231
18524630281
18524630351
18524630361
18524630439
18524630451
18524630457
18524630471
18524630492
18524630541
18524630653
18524630673
18524630682
18524630743
18524630792
18524630815
18524630843
18524630869
18524630871
18524630935
18524630941
18524630942
18524630957
18524631042
18524631043
18524631067
18524631083
18524631242
18524631326
18524631402
18524631437
18524631459
18524631491
18524631538
18524631607
18524631630
18524631672
18524631695
18524631743
18524631749
18524631837
18524631940
18524631941
18524631950
18524631952
18524632047
18524632052
18524632057
18524632071
18524632408
18524632439
18524632460
18524632479
18524632483
18524632603
18524632670
18524632701
18524632731
18524632742
18524632807
18524632831
18524632845
18524632942
18524632970
18524633041
18524633097
18524633407
18524633492
18524633547
18524633849
18524633873
18524633973
18524634021
18524634027
18524634045
18524634072
18524634073
18524634092
18524634160
18524634195
18524634247
18524634291
18524634302
18524634359
18524634372
18524634437
18524634450
18524634501
18524634537
18524634573
18524634591
18524634671
18524634709
18524634723
18524634742
18524634809
18524634831
18524634840
18524634872
18524634905
18524634952
18524634961
18524635029
18524635031
18524635071
18524635083
18524635341
18524635347
18524635371
18524635415
18524635701
18524635730
18524635950
18524635961
18524636071
18524636149
18524636290
18524636295
18524636409
18524636437
18524636483
18524636491
18524636493
18524636534
18524636731
18524636740
18524636745
18524636791
18524636792
18524636891
18524636945
18524637013
18524637091
18524637109
18524637235
18524637291
18524637312
18524637320
18524637340
18524637351
18524637352
18524637392
18524637403
18524637437
18524637450
18524637451
18524637470
18524637531
18524637542
18524637602
18524637613
18524637915
18524637931
18524637944
18524637982
18524638037
18524638042
18524638209
18524638240
18524638342
18524638347
18524638425
18524638467
18524638470
18524638573
18524638645
18524638703
18524638741
18524638792
18524638942
18524639015
18524639173
18524639175
18524639231
18524639241
18524639347
18524639372
18524639387
18524639416
18524639430
18524639447
18524639452
18524639453
18524639461
18524639463
18524639473
18524639481
18524639501
18524639530
18524639631
18524639642
18524639815
18524639831
18524640143
18524640163
18524640265
18524640275
18524640349
18524640482
18524640592
18524640691
18524640746
18524640760
18524640842
18524641045
18524641053
18524641059
18524641076
18524641091
18524641309
18524641362
18524641371
18524641406
18524641420
18524641421
18524641537
18524641547
18524641630
18524641745
18524641747
18524641780
18524641796
18524641835
18524641902
18524641905
18524641941
18524642057
18524642145
18524642370
18524642391
18524642409
18524642453
18524642473
18524642541
18524642572
18524642647
18524642703
18524642709
18524642730
18524642740
18524642745
18524642947
18524643140
18524643157
18524643291
18524643297
18524643441
18524643482
18524643501
18524643641
18524643702
18524643703
18524643749
18524643835
18524643862
18524643926
18524643942
18524643945
18524644043
18524644051
18524644103
18524644172
18524644182
18524644193
18524644259
18524644317
18524644357
18524644367
18524644591
18524644612
18524644627
18524644659
18524644673
18524644735
18524644793
18524644801
18524644850
18524644892
18524644901
18524644976
18524644982
18524645037
18524645073
18524645147
18524645269
18524645305
18524645370
18524645381
18524645448
18524645461
18524645472
18524645483
18524645491
18524645649
18524645742
18524645832
18524645847
18524645873
18524645942
18524645983
18524646150
18524646153
18524646192
18524646523
18524646951
18524647016
18524647045
18524647059
18524647065
18524647085
18524647093
18524647197
18524647236
18524647241
18524647249
18524647261
18524647281
18524647326
18524647346
18524647429
18524647483
18524647513
18524647542
18524647632
18524647640
18524647803
18524647842
18524647843
18524647847
18524647940
18524648079
18524648136
18524648159
18524648173
18524648205
18524648391
18524648392
18524648412
18524648431
18524648491
18524648542
18524648621
18524648631
18524648635
18524648637
18524648643
18524648690
18524648701
18524648702
18524648710
18524648741
18524648795
18524648943
18524648951
18524648952
18524648957
18524649031
18524649032
18524649043
18524649140
18524649142
18524649146
18524649206
18524649230
18524649273
18524649351
18524649381
18524649382
18524649403
18524649632
18524649643
18524649720
18524649753
18524649847
18524649853
18524650175
18524650237
18524650241
18524650343
18524650362
18524650372
18524650431
18524650435
18524650483
18524650572
18524650573
18524650631
18524650937
18524651046
18524651241
18524651302
18524651327
18524651447
18524651490
18524651531
18524651649
18524651744
18524651747
18524651762
18524651792
18524651947
18524652079
18524652317
18524652472
18524652473
18524652541
18524652571
18524652740
18524652742
18524652743
18524652753
18524652804
18524652947
18524652960
18524653042
18524653171
18524653271
18524653401
18524653415
18524653497
18524653640
18524653741
18524653763
18524653791
18524653865
18524653940
18524653946
18524653970
18524654027
18524654032
18524654039
18524654061
18524654147
18524654219
18524654247
18524654270
18524654291
18524654295
18524654350
18524654463
18524654475
18524654476
18524654487
18524654492
18524654516
18524654732
18524654760
18524654762
18524654783
18524654819
18524654943
18524654967
18524655397
18524655412
18524655706
18524655743
18524655782
18524655846
18524655942
18524656241
18524656249
18524656347
18524656357
18524656409
18524656473
18524656483
18524656931
18524656932
18524656937
18524656942
18524656945
18524657026
18524657032
18524657085
18524657162
18524657163
18524657231
18524657247
18524657463
18524657480
18524657649
18524657823
18524657941
18524657944
18524657945
18524657946
18524657947
18524658173
18524658425
18524658450
18524658452
18524658491
18524658503
18524659017
18524659057
18524659182
18524659203
18524659207
18524659245
18524659273
18524659343
18524659349
18524659440
18524659452
18524659715
18524659741
18524659842
18524659843
18524661095
18524661509
18524661573
18524661803
18524662743
18524662761
18524663401
18524663957
18524664106
18524664197
18524664736
18524664741
18524664951
18524665402
18524667692
18524668475
18524668652
18524668942
18524669142
18604970651
18604974571
18604974612
18604975491
18604975493
18604976241
18604976841
18604977254
18604977546
18604977842
18604979362
18624170341
18624170394
18624170643
18624173146
18624173247
18624173843
18624176443
18624176704
18624176742
18624178054
18624178074
18624178745
18624179352
18624179574
18624560143
18624566241
18624566854
18624568431
18624568491
18624568541
18624569053
18624569054
18624569104
18624569472
18624569475
18624569643
18624569741
18624570375
18624571263
18624572149
18624572374
18624572640
18624574047
18624574051
18624574052
18624574057
18624574065
18624574067
18624574079
18624574087
18624574109
18624574145
18624574146
18624574152
18624574153
18624574156
18624574157
18624574197
18624574203
18624574206
18624574209
18624574215
18624574216
18624574217
18624574219
18624574247
18624574253
18624574267
18624574271
18624574273
18624574279
18624574283
18624574286
18624574287
18624574305
18624574341
18624574351
18624574371
18624574380
18624574395
18624574397
18624574531
18624574592
18624574610
18624574612
18624574625
18624574631
18624574632
18624574637
18624574642
18624574670
18624574681
18624574693
18624574695
18624574697
18624574701
18624574709
18624574710
18624574729
18624574731
18624574742
18624574791
18624574821
18624574871
18624574872
18624574907
18624575940
18624576041
18624576042
18624579041
18624579482
18624580541
18624580542
18624580753
18624581371
18624581402
18624581437
18624581451
18624581465
18624581470
18624581471
18624581497
18624581540
18624583061
18624583247
18624583671
18624583947
18624584021
18624584037
18624584053
18624584057
18624584061
18624584092
18624584107
18624584162
18624584193
18624584203
18624584209
18624584257
18624584307
18624584312
18624584341
18624584461
18624584531
18624584532
18624584541
18624584605
18624584621
18624584627
18624584701
18624584705
18624584720
18624584731
18624584732
18624584813
18624584903
18624584907
18624584923
18624584940
18624584941
18624585147
18624590847
18624592502
18624593847
18624595416
18624596501
18624597041
18624597093
18624597390
18624597426
18624597491
18640710549
18640711493
18640712547
18640712743
18640713745
18640713942
18640714372
18640715349
18640715749
18640716342
18640716347
18640718143
18640718451
18640718470
18640718652
18640719245
18640719346
18640736824
18640737240
18640737542
18640737584
18640737914
18640738294
18640738731
18640739054
18640739124
18640739541
18640739714
18640740174
18640740854
18640741438
18640742361
18640742847
18640743481
18640743502
18640743945
18640744372
18640744531
18640745264
18640745731
18640746427
18640747194
18640747240
18640747284
18640747394
18640747541
18640747940
18640748062
18640748423
18640749236
18640749265
18640749474
18640749745
18640749813
18640749824
18640751493
18640753740
18640753943
18640754082
18640754093
18640754872
18640756904
18640757401
18640757842
18640758476
18640759471
18640759614
18640760542
18640763047
18640765947
18640767241
18640767924
18640768349
18640768405
18640790467
18640790594
18640790641
18640790651
18640790864
18640791042
18640791063
18640791294
18640791364
18640791461
18640791462
18640791493
18640791541
18640791634
18640791743
18640791754
18640791802
18640792394
18640792403
18640793054
18640793094
18640793174
18640793436
18640794250
18640794537
18640794612
18640794634
18640794754
18640795031
18640795034
18640795041
18640795132
18640795146
18640795244
18640795247
18640795264
18640795304
18640795314
18640795341
18640795364
18640795474
18640795634
18640795640
18640795764
18640795784
18640795814
18640795904
18640795934
18640795974
18640795984
18640796254
18640796283
18640796304
18640796425
18640796514
18640796524
18640796534
18640796904
18640796947
18640797314
18640797324
18640797340
18640797351
18640797403
18640797442
18640797524
18640797540
18640797694
18640798014
18640798147
18640798194
18640798401
18640798462
18640798940
18640799674
18641701947
18641702804
18641707142
18641707146
18641707241
18641709247
18641709547
18641710647
18641710746
18641710941
18641710946
18641713240
18641713274
18641713549
18641713740
18641713754
18641713864
18641714501
18641714754
18641715746
18641715864
18641718435
18641719457
18641720374
18641720742
18641721046
18641721047
18641721241
18641721364
18641721647
18641722574
18641722947
18641723674
18641723740
18641723824
18641724074
18641724154
18641725467
18641725649
18641725743
18641725824
18641726154
18641726403
18641726754
18641727924
18641728403
18641730634
18641730743
18641731094
18641731241
18641731479
18641731504
18641731594
18641734694
18641735474
18641736294
18641738431
18641740931
18641742871
18641743640
18641743673
18641743725
18641743740
18641743742
18641743762
18641746014
18641747391
18641749461
18641752647
18641754783
18641756947
18641762491
18641764392
18641767106
18641781443
18641787694
23132330686
53836479743
92263512750