13008201729
13008201896
13008202157
13008202472
13008202752
13008202763
13008203571
13008203762
13008203973
13008204247
13008204318
13008204397
13008204532
13008204610
13008204703
13008205376
13008207157
13008208172
13008209142
13008209342
13008209473
13008281702
13008289741
13019886821
13019887162
13019897263
13019908653
13028200539
13028201265
13028201571
13028201573
13028201805
13028202537
13028203261
13028205097
13028205731
13028206037
13028207082
13028208562
13028280160
13028280962
13028282196
13028283607
13028283691
13043810383
13043810672
13043810683
13043810839
13043810875
13043810893
13043811052
13043811082
13043811290
13043811371
13043811386
13043811509
13043811526
13043811905
13043812071
13043812153
13043812305
13043812501
13043812713
13043812752
13043813053
13043813209
13043813276
13043813291
13043813502
13043813506
13043813539
13043813593
13043813683
13043813703
13043813726
13043813871
13043813873
13043813950
13043815038
13043815129
13043815169
13043815267
13043815373
13043815375
13043815862
13043815952
13043816032
13043816072
13043816135
13043816157
13043816193
13043816215
13043816287
13043816715
13043816821
13043816915
13043816921
13043816982
13043817093
13043817213
13043817257
13043817316
13043817319
13043817326
13043817329
13043817592
13043817595
13043817615
13043817763
13043817913
13043817921
13043818026
13043818179
13043818207
13043818253
13043818270
13043818579
13043819013
13043819183
13043819230
13043819253
13043819285
13043819530
13043819602
13043819720
13043819723
13043819831
13043819836
13043819853
13043820170
13043820231
13043820516
13043820519
13043820539
13043820631
13043820692
13043820751
13043820762
13043820851
13043820853
13043820951
13043820957
13043820963
13043821252
13043821370
13043821372
13043821392
13043821502
13043821530
13043821573
13043821637
13043821657
13043821715
13043821827
13043822091
13043822151
13043822512
13043822673
13043822912
13043822961
13043822970
13043822972
13043823065
13043823186
13043823187
13043823193
13043823261
13043823517
13043823573
13043823719
13043823807
13043823809
13043823851
13043823971
13043823973
13043824967
13043824976
13043825016
13043825021
13043825103
13043825137
13043825170
13043825190
13043825270
13043825301
13043825317
13043825392
13043825651
13043825712
13043825720
13043825739
13043825752
13043825873
13043825907
13043826073
13043826285
13043826301
13043826320
13043826327
13043826379
13043826390
13043826397
13043826710
13043826721
13043826735
13043826739
13043827013
13043827126
13043827180
13043827193
13043827201
13043827203
13043827317
13043827326
13043827613
13043827671
13043827681
13043827802
13043827926
13043827980
13043827983
13043828053
13043828093
13043828132
13043828153
13043828190
13043828197
13043828237
13043828502
13043828537
13043828563
13043828609
13043828652
13043828715
13043828913
13043828971
13043829013
13043829253
13043829286
13043829357
13043829390
13043829801
13043829802
13050750091
13050750613
13050751257
13050751932
13050752193
13050752851
13050752861
13050752907
13050753096
13050753172
13050753581
13050753697
13050753702
13050753972
13050755019
13050755236
13050756132
13050756439
13050756730
13050756820
13050757017
13050757093
13050758029
13050758071
13050758513
13050758529
13050758713
13050759062
13050759236
13050759351
13050759372
13050760291
13050760563
13050760751
13050760825
13050761583
13050761721
13050761731
13050762393
13050762593
13050762637
13050762673
13050762693
13050762731
13050762851
13050762927
13050763250
13050763279
13050763510
13050763561
13050763697
13050763721
13050763872
13050765701
13050765925
13050766581
13050767157
13050767283
13050767290
13050767362
13050768052
13050768129
13050768157
13050768162
13050768212
13050768293
13050768301
13050768502
13050768693
13050768735
13050769013
13050769073
13050769315
13050770812
13050773606
13050773732
13050773925
13050776502
13050776516
13050781071
13050781293
13050782685
13050783190
13050783265
13050783592
13050783759
13050783791
13050783792
13050785027
13050786075
13050786371
13050786712
13050786905
13050787562
13050787863
13050788593
13050789230
13050790162
13050790573
13050790763
13050790853
13050791703
13050792503
13050793613
13050796037
13050796483
13050796581
13050798532
13050799153
13065350956
13065353715
13065358193
13065361072
13065362693
13065362775
13065362812
13065368442
13065369276
13065369320
13065370653
13065371257
13065371657
13065371732
13065372132
13065372465
13065372652
13065373416
13065373601
13065375861
13065377201
13065377361
13065378320
13065378362
13065378906
13065379287
13065380162
13065382371
13065385267
13065386175
13065386207
13065386329
13065387031
13065387073
13065387092
13065389367
13065390127
13065391376
13065391762
13065392865
13065393102
13065393285
13065393510
13065394871
13065396195
13065397806
13065399702
13065399713
13081751703
13081752310
13081753157
13081754791
13081755760
13081755932
13081756713
13081757061
13081757162
13081757363
13081758061
13081758291
13081758631
13081760257
13081761796
13081762601
13081762913
13081763097
13081763153
13081763209
13081764720
13081764853
13081765391
13081766593
13081767326
13081767625
13081767930
13081768205
13081768603
13081769219
13081769232
13081769457
13081771382
13081772965
13081773497
13081773816
13081774053
13081774617
13081778309
13081779783
13081780193
13081780735
13081781083
13081781250
13081781273
13081782652
13081782937
13081783263
13081784692
13081786035
13081786175
13081786452
13081786502
13081788273
13124191270
13124191581
13124191587
13124192802
13124199865
13125671026
13125672351
13125675965
13125678221
13125681702
13125682813
13125686792
13125687239
13125687507
13125689051
13125689137
13125689650
13125690597
13125691601
13125698502
13130701387
13130701827
13130702152
13130702503
13130702531
13130702687
13130702902
13130702913
13130702936
13130702957
13130702965
13130703059
13130703179
13130703271
13130703632
13130703793
13130703853
13130705107
13130705351
13130705623
13130705627
13130705631
13130705793
13130705817
13130706592
13130706803
13130708375
13130709153
13130709235
13130709331
13130710972
13130710975
13130710982
13130711380
13130711639
13130711673
13130711832
13130711870
13130711913
13130712196
13130712570
13130712572
13130712573
13130712621
13130712751
13130713205
13130713652
13130713712
13130713856
13130713901
13130713952
13130713981
13130715361
13130715376
13130715613
13130715763
13130716307
13130716501
13130716523
13130716803
13130716807
13130717052
13130717092
13130718091
13130718097
13130718370
13130718523
13130718529
13130718573
13130718607
13130718692
13130718921
13130719185
13130719305
13130719532
13130719720
13130720182
13130720731
13130723163
13130727826
13130728053
13130729560
13130733981
13130736203
13130737607
13130737802
13130740185
13130740591
13130740957
13130742067
13130742397
13130746297
13130746301
13130749532
13130749571
13130752509
13130752801
13130752807
13130755235
13130756037
13130756832
13130757390
13130758051
13130758371
13130759726
13130759821
13130762803
13130767961
13134191872
13134192503
13134193902
13134197623
13134197839
13134198632
13147950171
13147950287
13147950291
13147950561
13147950713
13147950817
13147950835
13147950853
13147950865
13147950951
13147950953
13147950961
13147950972
13147951232
13147952719
13147952797
13147953193
13147953982
13147958703
13149790271
13149790631
13149795156
13149795175
13149796572
13154196370
13154196817
13154196830
13154197107
13154199517
13188451627
13188457137
13188462501
13188464346
13188464673
13188464905
13188465187
13188469105
13188469236
13188470213
13188470367
13188470761
13188472561
13188472920
13188475160
13188477095
13188477213
13188486283
13188487902
13188495690
13188496730
13188602661
13188602937
13188607823
13188609650
13188610531
13188610672
13188613075
13188615162
13188615783
13188616357
13188617602
13188619532
13188619703
13188619705
13188620786
13188632075
13188637950
13188641507
13188642187
13188642952
13188643160
13204191583
13204192947
13204193105
13204193162
13204195047
13224192563
13224193237
13224197619
13224198507
13234192139
13234192605
13234195872
13234240163
13234240187
13234240193
13234240265
13234240287
13234240297
13234240361
13234240376
13234240390
13234240397
13234240535
13234240635
13234240651
13234240653
13234240657
13234240671
13234240679
13234240682
13234240692
13234240693
13234240761
13234240795
13234240851
13234240932
13234240953
13234240972
13234241037
13234241053
13234241062
13234241095
13234241097
13234241252
13234241386
13234241576
13234241582
13234241603
13234241605
13234241637
13234241709
13234241731
13234241750
13234241753
13234241769
13234241791
13234241793
13234241796
13234241831
13234241832
13234241835
13234241839
13234241869
13234241870
13234241935
13234242035
13234242132
13234242151
13234242163
13234242178
13234242179
13234242356
13234242358
13234242370
13234242372
13234242382
13234242503
13234242563
13234242601
13234242609
13234242617
13234242671
13234242691
13234242712
13234242730
13234242830
13234242873
13234242953
13234242973
13234243019
13234243082
13234243083
13234243091
13234243102
13234243270
13234243273
13234243501
13234243581
13234243628
13234243657
13234243682
13234243716
13234243790
13234243852
13234243871
13234243873
13234243905
13234243965
13234243972
13234243973
13234243975
13234245026
13234245072
13234245083
13234245097
13234245126
13234245193
13234245195
13234245229
13234245290
13234245310
13234245330
13234245638
13234245703
13234245713
13234245726
13234245753
13234245782
13234245793
13234245912
13234245971
13234246073
13234246137
13234246139
13234246195
13234246301
13234246309
13234246379
13234246709
13234246807
13234246830
13234246920
13234246957
13234246982
13234249016
13234249026
13234249036
13234249057
13234249061
13234249152
13234249173
13234249310
13234249351
13234249376
13234249507
13234249653
13234249657
13234249671
13234249703
13234249735
13234249821
13236960172
13236960187
13236960573
13236960751
13236960782
13236960783
13236960871
13236961257
13236961375
13236961392
13236961395
13236961590
13236961625
13236961635
13236961637
13236961721
13236961759
13236961761
13236961830
13236961907
13236962037
13236962039
13236962063
13236962153
13236962843
13236963671
13236963726
13236963785
13236963826
13236963827
13236963957
13236965039
13236965103
13236965313
13236965732
13236965793
13236966293
13236966971
13236967063
13236967162
13236967501
13236967602
13236967647
13236968063
13236968239
13236968562
13236968569
13236968710
13236968715
13236968742
13236969371
13236969372
13236969461
13236969731
13236969748
13236969756
13238120183
13238120187
13238120195
13238120276
13238120343
13238120376
13238120593
13238120672
13238120679
13238120793
13238120925
13238120957
13238120976
13238121032
13238121075
13238121329
13238121593
13238121609
13238121652
13238121786
13238121967
13238121973
13238122087
13238122157
13238122473
13238122531
13238122563
13238122670
13238122720
13238122907
13238122917
13238123057
13238123203
13238123276
13238123505
13238123509
13238123720
13238123749
13238123941
13238123973
13238125067
13238125069
13238125297
13238125320
13238125361
13238125390
13238125610
13238125620
13238125762
13238125790
13238125831
13238125892
13238125901
13238125970
13238126053
13238126072
13238126273
13238126290
13238126341
13238126507
13238126532
13238126751
13238126790
13238126817
13238126820
13238126835
13238126857
13238126907
13238127025
13238127057
13238127082
13238127083
13238127130
13238127209
13238127230
13238127245
13238127291
13238127350
13238127509
13238127530
13238127840
13238127952
13238127973
13238127985
13238128197
13238128291
13238128307
13238128351
13238128359
13238128463
13238128591
13238128690
13238128715
13238128721
13238128735
13238128947
13238129037
13238129130
13238129205
13238129213
13238129251
13238129307
13238129506
13238129652
13238129753
13238129820
13238129852
13238220165
13238220279
13238220387
13238220571
13238220591
13238220681
13238220702
13238220760
13238220761
13238221128
13238221590
13238221703
13238221731
13238221763
13238221890
13238223147
13238223547
13238223651
13238223703
13238223736
13238223760
13238223793
13238223901
13238223917
13238224265
13238224693
13238225143
13238225681
13238225763
13238225836
13238226097
13238226193
13238226230
13238226287
13238226317
13238226403
13238227025
13238227127
13238227190
13238227193
13238227239
13238227295
13238227361
13238227642
13238227803
13238227805
13238227852
13238227905
13238227913
13238228027
13238228092
13238228362
13238228563
13238228965
13238229031
13238229075
13238229215
13238229216
13238229287
13238229375
13238229745
13238229813
13238930157
13238930187
13238930236
13238930257
13238930439
13238930510
13238930531
13238930573
13238930640
13238930691
13238930713
13238930751
13238930763
13238930782
13238930859
13238930927
13238930932
13238931076
13238931256
13238931257
13238931387
13238931482
13238931503
13238931509
13238931529
13238931532
13238931673
13238931705
13238931729
13238931752
13238931851
13238931875
13238931892
13238931906
13238931926
13238932089
13238932180
13238932306
13238932310
13238932317
13238932359
13238932492
13238932501
13238932507
13238932593
13238932601
13238932763
13238932920
13238932927
13238932963
13238933075
13238933179
13238933276
13238933561
13238933612
13238933621
13238933675
13238933719
13238933725
13238933753
13238935019
13238935039
13238935072
13238935236
13238935296
13238935313
13238935317
13238935325
13238935361
13238935372
13238935379
13238935612
13238935632
13238935637
13238935681
13238935703
13238935729
13238935731
13238935732
13238935812
13238935862
13238935961
13238935970
13238935972
13238936037
13238936052
13238936071
13238936139
13238936157
13238936159
13238936172
13238936179
13238936201
13238936205
13238936207
13238936230
13238936279
13238936319
13238936329
13238936352
13238936372
13238936381
13238936517
13238936571
13238936582
13238936592
13238936739
13238936793
13238936901
13238936917
13238936981
13238936982
13238937035
13238937036
13238937051
13238937062
13238937091
13238937092
13238937102
13238937120
13238937129
13238937131
13238937153
13238937193
13238937206
13238937261
13238937279
13238937295
13238937362
13238937395
13238937481
13238937493
13238937539
13238937572
13238937581
13238937590
13238937615
13238937693
13238937821
13238937857
13238937862
13238937957
13238938039
13238938102
13238938152
13238938236
13238938276
13238938291
13238938302
13238938325
13238938370
13238938541
13238938547
13238938605
13238938653
13238938705
13238939013
13238939062
13238939270
13238939531
13238939562
13238939605
13238939701
13238939702
13238939752
13238939781
13243950173
13243950176
13243950179
13243950259
13243950287
13243950351
13243950371
13243950617
13243950629
13243950757
13243950872
13243950925
13243951072
13243951076
13243951085
13243951093
13243951251
13243951256
13243951263
13243951861
13243951870
13243952067
13243952285
13243952687
13243952865
13243953019
13243953076
13243953095
13243953162
13243953180
13243953197
13243953235
13243953279
13243953713
13243953715
13243953859
13243953912
13243953915
13243953965
13243955016
13243955017
13243955019
13243955036
13243955037
13243955052
13243955061
13243955063
13243955071
13243955072
13243955076
13243955081
13243955082
13243955091
13243955093
13243955097
13243955103
13243955107
13243955125
13243955130
13243955131
13243955137
13243955160
13243955162
13243955163
13243955173
13243955180
13243955183
13243955193
13243955197
13243955209
13243955229
13243955230
13243955261
13243955263
13243955267
13243955269
13243955273
13243955276
13243955283
13243955287
13243955297
13243955301
13243955302
13243955309
13243955312
13243955316
13243955320
13243955360
13243955361
13243955367
13243955370
13243955373
13243955376
13243955381
13243955382
13243955392
13243955396
13243955397
13243955639
13243955786
13243955791
13243955835
13243955862
13243955901
13243955916
13243955982
13243956019
13243956105
13243956152
13243956170
13243956527
13243956731
13243956763
13243956793
13243956863
13243957283
13243957309
13243957573
13243957793
13243957926
13243957937
13243958010
13243958036
13243958053
13243958105
13243958217
13243958379
13243958502
13243958523
13243958573
13243958591
13243958601
13243958716
13243958719
13243958731
13243958903
13243959013
13243959027
13243959063
13243959179
13243959201
13243959212
13243959231
13243959282
13243959367
13243959376
13243959682
13243959712
13243959726
13243960138
13243960172
13243960196
13243960375
13243960562
13243960631
13243960671
13243960672
13243960675
13243960682
13243960781
13243960782
13243960832
13243960859
13243961051
13243961085
13243961297
13243961370
13243961376
13243961507
13243961525
13243961532
13243961571
13243961583
13243961597
13243961621
13243961629
13243961637
13243961710
13243961725
13243961729
13243961767
13243961937
13243961956
13243962065
13243962071
13243962075
13243962091
13243962153
13243962160
13243962163
13243962192
13243962310
13243962371
13243962375
13243962386
13243962531
13243962617
13243962630
13243962710
13243962782
13243962961
13243963057
13243963091
13243963105
13243963120
13243963126
13243963171
13243963179
13243963217
13243963251
13243963582
13243963819
13243963907
13243963925
13243965162
13243965193
13243965317
13243965392
13243966013
13243966052
13243966203
13243966271
13243966275
13243966309
13243966317
13243966501
13243966502
13243966531
13243966703
13243966802
13243966871
13243966901
13243966931
13243966935
13243967025
13243967029
13243967052
13243967537
13243967562
13243967591
13243967620
13243967637
13243967862
13243967912
13243967937
13243967961
13243968037
13243968057
13243968075
13243968091
13243968092
13243968102
13243968152
13243968170
13243968173
13243968197
13243968207
13243968212
13243968216
13243968239
13243968271
13243968295
13243968305
13243968326
13243968327
13243968375
13243968502
13243968536
13243968590
13243968632
13243968670
13243968717
13243968732
13243968783
13243968939
13243968961
13243969061
13243969073
13243969075
13243969138
13243969201
13243969207
13243969231
13243969259
13243969307
13243969319
13243969371
13243969507
13243969713
13243969725
13243969732
13243969736
13243969751
13243969795
13243969829
13274190192
13274190197
13274190237
13274190273
13274190279
13274190352
13274190363
13274190376
13274190380
13274190385
13274190532
13274190537
13274190561
13274190573
13274190593
13274190605
13274190653
13274190657
13274190683
13274190691
13274190693
13274190736
13274190781
13274190793
13274190796
13274190836
13274190837
13274190839
13274190853
13274190891
13274190893
13274190895
13274190930
13274190935
13274190937
13274190986
13274191062
13274191063
13274191069
13274191075
13274191083
13274191093
13274191251
13274191259
13274191260
13274191262
13274191263
13274191273
13274191279
13274191286
13274191305
13274191306
13274191329
13274191360
13274191365
13274191371
13274191375
13274191385
13274191506
13274191523
13274191536
13274191560
13274191580
13274191583
13274191587
13274191590
13274191593
13274191603
13274191620
13274191625
13274191627
13274191630
13274191632
13274191635
13274191650
13274191652
13274191653
13274191657
13274191671
13274191679
13274191681
13274191690
13274191693
13274191721
13274191732
13274191752
13274191753
13274191756
13274191763
13274191783
13274191785
13274191786
13274191790
13274191792
13274191796
13274191805
13274191809
13274191813
13274191820
13274191823
13274191831
13274191832
13274191836
13274191839
13274191856
13274191862
13274191863
13274191867
13274191869
13274191872
13274191873
13274191890
13274191893
13274191921
13274191967
13274192035
13274192039
13274192052
13274192057
13274192059
13274192061
13274192062
13274192067
13274192071
13274192081
13274192085
13274192093
13274192097
13274192107
13274192113
13274192130
13274192132
13274192135
13274192136
13274192152
13274192156
13274192157
13274192159
13274192163
13274192170
13274192175
13274192187
13274192193
13274192196
13274192257
13274192305
13274192307
13274192309
13274192315
13274192317
13274192329
13274192352
13274192359
13274192379
13274192397
13274192502
13274192506
13274192507
13274192510
13274192512
13274192536
13274192537
13274192539
13274192563
13274192582
13274192590
13274192591
13274192610
13274192617
13274192630
13274192631
13274192637
13274192651
13274192652
13274192653
13274192670
13274192671
13274192672
13274192675
13274192687
13274192692
13274192693
13274192701
13274192702
13274192703
13274192705
13274192706
13274192716
13274192720
13274192735
13274192736
13274192753
13274192769
13274192781
13274192791
13274192796
13274192802
13274192807
13274192815
13274192819
13274192825
13274192831
13274192832
13274192851
13274192856
13274192861
13274192862
13274192863
13274192865
13274192892
13274192896
13274192905
13274192910
13274192931
13274192950
13274192953
13274192956
13274192960
13274192963
13274192970
13274192973
13274193036
13274193052
13274193071
13274193075
13274193081
13274193096
13274193105
13274193162
13274193165
13274193172
13274193179
13274193187
13274193197
13274193209
13274193260
13274193261
13274193262
13274193263
13274193281
13274193291
13274193503
13274193506
13274193516
13274193519
13274193561
13274193572
13274193580
13274193596
13274193602
13274193603
13274193607
13274193609
13274193617
13274193620
13274193621
13274193651
13274193659
13274193671
13274193675
13274193681
13274193695
13274193697
13274193703
13274193706
13274193712
13274193725
13274193729
13274193750
13274193760
13274193791
13274193795
13274193796
13274193806
13274193807
13274193810
13274193816
13274193817
13274193820
13274193823
13274193835
13274193837
13274193852
13274193859
13274193861
13274193863
13274193870
13274193897
13274193902
13274193905
13274193910
13274193915
13274193925
13274193950
13274193952
13274193953
13274193961
13274193971
13274193972
13274193975
13274193982
13274195017
13274195021
13274195023
13274195025
13274195052
13274195062
13274195069
13274195072
13274195079
13274195082
13274195083
13274195087
13274195106
13274195163
13274195171
13274195173
13274195183
13274195191
13274195263
13274195270
13274195291
13274195293
13274195301
13274195302
13274195306
13274195310
13274195370
13274195371
13274195375
13274195395
13274195612
13274195620
13274195631
13274195639
13274195652
13274195680
13274195683
13274195692
13274195701
13274195706
13274195713
13274195720
13274195723
13274195731
13274195732
13274195739
13274195762
13274195763
13274195769
13274195782
13274195793
13274195802
13274195803
13274195807
13274195812
13274195813
13274195820
13274195827
13274195831
13274195832
13274195861
13274195862
13274195873
13274195897
13274195902
13274195905
13274195910
13274195926
13274195931
13274195935
13274195960
13274195961
13274195971
13274196013
13274196023
13274196027
13274196071
13274196091
13274196093
13274196135
13274196137
13274196150
13274196193
13274196197
13274196201
13274196205
13274196213
13274196215
13274196235
13274196253
13274196267
13274196273
13274196275
13274196287
13274196301
13274196302
13274196305
13274196312
13274196317
13274196352
13274196382
13274196391
13274196502
13274196523
13274196526
13274196527
13274196530
13274196572
13274196573
13274196583
13274196703
13274196709
13274196710
13274196712
13274196720
13274196721
13274196729
13274196731
13274196732
13274196739
13274196753
13274196792
13274196803
13274196807
13274196823
13274196825
13274196830
13274196832
13274196850
13274196872
13274196891
13274196927
13274196937
13274196950
13274196951
13274196953
13274196972
13274196981
13274196982
13274197013
13274197029
13274197053
13274197062
13274197063
13274197069
13274197081
13274197095
13274197102
13274197125
13274197126
13274197160
13274197165
13274197190
13274197215
13274197283
13274197291
13274197293
13274197301
13274197302
13274197315
13274197351
13274197352
13274197361
13274197370
13274197380
13274197395
13274197501
13274197513
13274197526
13274197531
13274197532
13274197560
13274197562
13274197573
13274197590
13274197613
13274197629
13274197631
13274197691
13274197802
13274197813
13274197821
13274197831
13274197853
13274197863
13274197865
13274197902
13274197952
13274197961
13274197962
13274198017
13274198037
13274198051
13274198061
13274198073
13274198079
13274198092
13274198105
13274198137
13274198153
13274198195
13274198201
13274198205
13274198209
13274198252
13274198253
13274198257
13274198263
13274198270
13274198293
13274198296
13274198315
13274198320
13274198365
13274198367
13274198370
13274198372
13274198392
13274198501
13274198503
13274198513
13274198526
13274198530
13274198563
13274198573
13274198579
13274198591
13274198625
13274198651
13274198679
13274198695
13274198710
13274198712
13274198729
13274198735
13274198750
13274198913
13274198927
13274198963
13274199013
13274199035
13274199037
13274199062
13274199063
13274199163
13274199251
13274199271
13274199275
13274199305
13274199317
13274199327
13274199352
13274199353
13274199367
13274199376
13274199506
13274199512
13274199526
13274199530
13274199560
13274199562
13274199573
13274199592
13274199615
13274199629
13274199652
13274199653
13274199672
13274199673
13274199702
13274199703
13274199712
13274199721
13274199726
13274199750
13274199751
13274199752
13274199760
13274199837
13284190161
13284190162
13284190172
13284190173
13284190187
13284190193
13284190195
13284190236
13284190253
13284190257
13284190259
13284190261
13284190265
13284190276
13284190287
13284190291
13284190297
13284190317
13284190371
13284190372
13284190383
13284190391
13284190397
13284190537
13284190539
13284190573
13284190582
13284190587
13284190590
13284190631
13284190652
13284190672
13284190673
13284190675
13284190679
13284190732
13284190736
13284190739
13284190751
13284190759
13284190763
13284190781
13284190792
13284190793
13284190835
13284190859
13284190862
13284190873
13284190875
13284190892
13284190893
13284190913
13284190935
13284190953
13284190965
13284190973
13284190983
13284191035
13284191051
13284191052
13284191059
13284191063
13284191065
13284191067
13284191071
13284191072
13284191083
13284191085
13284191103
13284191152
13284191225
13284191251
13284191252
13284191257
13284191269
13284191275
13284191281
13284191286
13284191287
13284191291
13284191293
13284191302
13284191307
13284191310
13284191327
13284191363
13284191365
13284191367
13284191379
13284191381
13284191395
13284191509
13284191523
13284191532
13284191536
13284191537
13284191562
13284191592
13284191602
13284191621
13284191629
13284191630
13284191650
13284191651
13284191672
13284191675
13284191693
13284191697
13284191712
13284191720
13284191730
13284191732
13284191739
13284191753
13284191763
13284191803
13284191832
13284191835
13284191850
13284191863
13284191893
13284191902
13284191965
13284191972
13284191975
13284192035
13284192037
13284192072
13284192075
13284192083
13284192091
13284192097
13284192102
13284192105
13284192106
13284192109
13284192150
13284192152
13284192156
13284192159
13284192162
13284192163
13284192165
13284192167
13284192170
13284192172
13284192175
13284192197
13284192209
13284192239
13284192273
13284192351
13284192361
13284192362
13284192365
13284192371
13284192372
13284192375
13284192380
13284192381
13284192502
13284192507
13284192512
13284192513
13284192536
13284192560
13284192572
13284192593
13284192602
13284192603
13284192610
13284192617
13284192621
13284192631
13284192652
13284192672
13284192673
13284192683
13284192687
13284192691
13284192692
13284192693
13284192695
13284192706
13284192723
13284192731
13284192732
13284192735
13284192751
13284192756
13284192759
13284192760
13284192761
13284192763
13284192780
13284192781
13284192791
13284192792
13284192803
13284192817
13284192836
13284192860
13284192879
13284192893
13284192905
13284192907
13284192910
13284192916
13284192931
13284192932
13284192937
13284192952
13284192953
13284192961
13284192963
13284192972
13284192975
13284192976
13284192985
13284193017
13284193023
13284193035
13284193037
13284193051
13284193053
13284193061
13284193071
13284193072
13284193075
13284193082
13284193087
13284193095
13284193097
13284193102
13284193105
13284193120
13284193125
13284193153
13284193156
13284193159
13284193162
13284193173
13284193185
13284193187
13284193206
13284193217
13284193251
13284193253
13284193257
13284193279
13284193283
13284193285
13284193295
13284193501
13284193503
13284193506
13284193562
13284193572
13284193581
13284193587
13284193590
13284193591
13284193602
13284193605
13284193627
13284193630
13284193651
13284193652
13284193653
13284193670
13284193671
13284193675
13284193692
13284193702
13284193703
13284193706
13284193710
13284193712
13284193732
13284193751
13284193753
13284193756
13284193759
13284193780
13284193795
13284193801
13284193803
13284193807
13284193812
13284193816
13284193819
13284193820
13284193826
13284193851
13284193859
13284193861
13284193863
13284193871
13284193872
13284193891
13284193892
13284193903
13284193910
13284193920
13284193925
13284193962
13284193965
13284193970
13284193973
13284193975
13284193982
13284195017
13284195029
13284195035
13284195062
13284195073
13284195079
13284195092
13284195093
13284195126
13284195135
13284195163
13284195169
13284195230
13284195236
13284195265
13284195271
13284195297
13284195302
13284195303
13284195305
13284195310
13284195316
13284195317
13284195327
13284195360
13284195362
13284195367
13284195370
13284195372
13284195373
13284195375
13284195391
13284195396
13284195397
13284195506
13284195602
13284195603
13284195610
13284195691
13284195692
13284195693
13284195702
13284195703
13284195707
13284195709
13284195710
13284195712
13284195713
13284195723
13284195731
13284195736
13284195737
13284195739
13284195760
13284195763
13284195781
13284195795
13284195806
13284195807
13284195817
13284195829
13284195830
13284195892
13284195902
13284195905
13284195907
13284195910
13284195912
13284195919
13284195923
13284195952
13284195961
13284195976
13284196013
13284196015
13284196027
13284196029
13284196031
13284196071
13284196072
13284196075
13284196091
13284196102
13284196173
13284196175
13284196176
13284196187
13284196203
13284196206
13284196217
13284196230
13284196235
13284196253
13284196259
13284196267
13284196271
13284196273
13284196275
13284196281
13284196293
13284196295
13284196297
13284196301
13284196305
13284196307
13284196310
13284196319
13284196327
13284196356
13284196357
13284196370
13284196375
13284196379
13284196382
13284196392
13284196395
13284196513
13284196529
13284196531
13284196539
13284196591
13284196701
13284196710
13284196721
13284196732
13284196791
13284196793
13284196812
13284196817
13284196831
13284196837
13284196839
13284196870
13284196873
13284196875
13284196891
13284196902
13284196907
13284196913
13284196920
13284196923
13284196935
13284196937
13284196960
13284196970
13284197015
13284197025
13284197027
13284197029
13284197035
13284197036
13284197039
13284197051
13284197053
13284197057
13284197062
13284197069
13284197073
13284197092
13284197105
13284197126
13284197152
13284197162
13284197165
13284197169
13284197182
13284197205
13284197206
13284197207
13284197231
13284197239
13284197256
13284197260
13284197283
13284197291
13284197292
13284197293
13284197301
13284197302
13284197309
13284197312
13284197316
13284197317
13284197325
13284197327
13284197331
13284197350
13284197351
13284197357
13284197376
13284197381
13284197502
13284197507
13284197536
13284197561
13284197562
13284197573
13284197583
13284197591
13284197592
13284197610
13284197619
13284197623
13284197632
13284197692
13284197785
13284197813
13284197816
13284197830
13284197831
13284197839
13284197852
13284197859
13284197860
13284197862
13284197905
13284197907
13284197913
13284197915
13284197916
13284197920
13284197923
13284197930
13284197931
13284197937
13284197950
13284197952
13284197960
13284197962
13284197963
13284197965
13284197967
13284198017
13284198025
13284198035
13284198037
13284198039
13284198051
13284198053
13284198097
13284198103
13284198105
13284198121
13284198130
13284198162
13284198179
13284198197
13284198209
13284198213
13284198217
13284198231
13284198252
13284198260
13284198271
13284198291
13284198297
13284198301
13284198305
13284198312
13284198325
13284198329
13284198350
13284198351
13284198379
13284198552
13284198593
13284198602
13284198620
13284198621
13284198627
13284198639
13284198652
13284198673
13284198692
13284198693
13284198705
13284198727
13284198729
13284198753
13284198913
13284198932
13284198936
13284198971
13284198972
13284199061
13284199063
13284199071
13284199072
13284199076
13284199162
13284199170
13284199172
13284199173
13284199175
13284199205
13284199235
13284199237
13284199256
13284199271
13284199351
13284199361
13284199372
13284199375
13284199376
13284199379
13284199503
13284199561
13284199563
13284199573
13284199605
13284199613
13284199617
13284199625
13284199651
13284199652
13284199692
13284199701
13284199702
13284199705
13284199731
13284199751
13284199763
13284199783
13284199817
13284199823
13284199831
15604190252
15604190297
15604190547
15604190635
15604192503
15604192947
15604194026
15604194290
15604194437
15604194865
15604195962
15604196215
15604196425
15604198030
15641900841
15641901437
15641901447
15641901462
15641901740
15641901847
15641902037
15641902238
15641902379
15641902439
15641902496
15641902841
15641902973
15641903041
15641903043
15641903046
15641903176
15641903410
15641903470
15641903472
15641903705
15641903743
15641903961
15641904053
15641904257
15641904295
15641904472
15641904653
15641904872
15641905472
15641905632
15641905683
15641905792
15641905842
15641905961
15641906015
15641906173
15641906372
15641906439
15641906791
15641906817
15641906972
15641907035
15641907249
15641907407
15641907502
15641907530
15641907582
15641907643
15641907849
15641908047
15641908142
15641908491
15641908745
15641909205
15641909270
15641909283
15641909453
15641910052
15641910586
15641910592
15641910657
15641910821
15641910875
15641910962
15641911076
15641911375
15641911590
15641911625
15641911902
15641912357
15641912370
15641912372
15641912507
15641912802
15641913583
15641913592
15641913682
15641913762
15641913782
15641913850
15641913857
15641915072
15641915652
15641915730
15641916581
15641916731
15641916873
15641917059
15641917081
15641917381
15641917382
15641917516
15641917625
15641917907
15641917985
15641918176
15641918270
15641918279
15641918310
15641918327
15641918362
15641918736
15641918896
15641918971
15641919035
15641919362
15641920357
15641920381
15641920396
15641920593
15641920597
15641920637
15641920783
15641920832
15641920932
15641920967
15641921138
15641921260
15641921739
15641921937
15641922067
15641922093
15641922105
15641922107
15641922375
15641922670
15641922703
15641922712
15641922791
15641922963
15641923057
15641923059
15641923071
15641923162
15641923537
15641923970
15641925063
15641925076
15641925296
15641925312
15641925370
15641925793
15641926113
15641926150
15641926392
15641926501
15641926590
15641926792
15641926813
15641927306
15641927317
15641927683
15641927910
15641928357
15641929613
15641929681
15641929852
15641930793
15641930870
15641930975
15641931087
15641931835
15641931935
15641932025
15641932035
15641932057
15641932065
15641932072
15641932092
15641932532
15641932653
15641932750
15641932753
15641932903
15641932905
15641932912
15641932917
15641932931
15641932973
15641933105
15641933126
15641933597
15641933720
15641933782
15641933803
15641935236
15641935239
15641935271
15641935329
15641935385
15641935682
15641935690
15641935715
15641935816
15641935823
15641935931
15641935932
15641935962
15641935972
15641936079
15641936105
15641936259
15641936271
15641936276
15641936279
15641936291
15641936295
15641936297
15641936307
15641936375
15641936573
15641936731
15641936791
15641936796
15641936872
15641936925
15641937026
15641937031
15641937109
15641937125
15641937130
15641937152
15641937187
15641937201
15641937215
15641937217
15641937352
15641937368
15641937560
15641937682
15641937807
15641937832
15641937962
15641938063
15641938120
15641938130
15641938159
15641938175
15641938193
15641938690
15641939603
15641939607
15641939709
15641939731
15641939782
15641939802
15641939803
15641939810
15641939813
15641939827
15641939862
15641940396
15641940572
15641940616
15641940702
15641940751
15641940791
15641940835
15641940875
15641940961
15641940985
15641941030
15641941076
15641941320
15641941352
15641941367
15641941509
15641941582
15641941829
15641941887
15641942031
15641942067
15641942390
15641942531
15641942570
15641945035
15641945257
15641945381
15641946219
15641946803
15641946832
15641947016
15641947176
15641947282
15641947290
15641947613
15641947956
15641948016
15641948510
15641948516
15641948750
15641948793
15641948906
15641949176
15641949216
15641949709
15641950181
15641950510
15641950726
15641950752
15641950762
15641950783
15641950791
15641950832
15641950853
15641950871
15641950873
15641951061
15641951082
15641951380
15641951732
15641951769
15641951779
15641951832
15641951850
15641951892
15641951936
15641952167
15641952175
15641952187
15641952195
15641952350
15641952351
15641952367
15641952507
15641952517
15641952519
15641952537
15641952572
15641952581
15641952613
15641952621
15641952671
15641952736
15641952750
15641952781
15641952813
15641952837
15641952850
15641952861
15641952891
15641952903
15641952912
15641952960
15641952970
15641952982
15641953032
15641953067
15641953079
15641953092
15641953126
15641953162
15641953169
15641953172
15641953217
15641953267
15641953561
15641953572
15641953573
15641953597
15641953601
15641953705
15641953715
15641953750
15641953790
15641953791
15641953792
15641953860
15641953861
15641955613
15641955702
15641955983
15641956235
15641956597
15641957265
15641957592
15641958072
15641958252
15641958325
15641958375
15641958671
15641958709
15641959250
15641959731
16604192937
16641910143
16641910145
16641910146
16641910153
16641910173
16641910174
16641910184
16641910197
16641910227
16641910237
16641910242
16641910253
16641910264
16641910265
16641910273
16641910275
16641910286
16641910294
16641910341
16641910354
16641910362
16641910364
16641910374
16641910379
16641910385
16641910392
16641910414
16641910439
16641910442
16641910447
16641910457
16641910470
16641910472
16641910473
16641910474
16641910483
16641910486
16641910487
16641910490
16641910493
16641910496
16641910497
16641910507
16641910514
16641910534
16641910537
16641910539
16641910540
16641910564
16641910573
16641910576
16641910584
16641910592
16641910594
16641910597
16641910623
16641910635
16641910637
16641910640
16641910649
16641910657
16641910671
16641910673
16641910674
16641910694
16641910712
16641910732
16641910734
16641910741
16641910742
16641910746
16641910751
16641910754
16641910760
16641910762
16641910764
16641910769
16641910782
16641910784
16641910785
16641910792
16641910793
16641910795
16641910796
16641910817
16641910832
16641910834
16641910837
16641910847
16641910849
16641910851
16641910865
16641910873
16641910894
16641910896
16641910897
16641910932
16641910934
16641910935
16641910937
16641910942
16641910943
16641910953
16641910954
16641910956
16641910957
16641910961
16641910963
16641910967
16641910971
16641910974
16641910982
16641910984
16641911051
16641911052
16641911063
16641911064
16641911065
16641911074
16641911076
16641911084
16641911094
16641911095
16641911097
16641911240
16641911251
16641911260
16641911274
16641911284
16641911287
16641911295
16641911315
16641911320
16641911327
16641911347
16641911370
16641911374
16641911375
16641911384
16641911387
16641911402
16641911429
16641911430
16641911435
16641911437
16641911452
16641911453
16641911460
16641911472
16641911475
16641911479
16641911480
16641911482
16641911483
16641911487
16641911495
16641911502
16641911547
16641911562
16641911564
16641911571
16641911582
16641911592
16641911593
16641911596
16641911624
16641911627
16641911643
16641911653
16641911674
16641911704
16641911720
16641911721
16641911736
16641911739
16641911742
16641911745
16641911746
16641911750
16641911754
16641911756
16641911764
16641911782
16641911785
16641911790
16641911793
16641911794
16641911795
16641911824
16641911827
16641911841
16641911843
16641911845
16641911847
16641911875
16641911892
16641911907
16641911937
16641912027
16641912035
16641912037
16641912053
16641912054
16641912067
16641912071
16641912072
16641912073
16641912074
16641912079
16641912082
16641912094
16641912095
16641912097
16641912106
16641912164
16641912170
16641912175
16641912184
16641912194
16641912197
16641912269
16641912297
16641912317
16641912352
16641912371
16641912380
16641912390
16641912397
16641912402
16641912404
16641912405
16641912414
16641912437
16641912450
16641912464
16641912467
16641912473
16641912482
16641912487
16641912492
16641912501
16641912530
16641912532
16641912539
16641912540
16641912541
16641912542
16641912547
16641912564
16641912572
16641912573
16641912574
16641912583
16641912601
16641912609
16641912613
16641912614
16641912619
16641912630
16641912634
16641912641
16641912651
16641912652
16641912653
16641912670
16641912671
16641912672
16641912683
16641912684
16641912690
16641912694
16641912697
16641912701
16641912702
16641912705
16641912714
16641912719
16641912724
16641912735
16641912748
16641912751
16641912753
16641912754
16641912759
16641912762
16641912764
16641912783
16641912784
16641912791
16641912793
16641912795
16641912803
16641912804
16641912805
16641912814
16641912817
16641912831
16641912834
16641912835
16641912843
16641912846
16641912847
16641912854
16641912863
16641912865
16641912867
16641912869
16641912874
16641912894
16641912897
16641912903
16641912932
16641912943
16641912947
16641912951
16641912953
16641912954
16641912963
16641912964
16641912971
16641912973
16641912974
16641912975
16641912984
16641913024
16641913027
16641913041
16641913051
16641913057
16641913059
16641913061
16641913073
16641913074
16641913079
16641913082
16641913084
16641913087
16641913094
16641913097
16641913105
16641913165
16641913174
16641913179
16641913196
16641913201
16641913206
16641913243
16641913246
16641913249
16641913250
16641913251
16641913253
16641913254
16641913260
16641913265
16641913270
16641913274
16641913276
16641913284
16641913290
16641913291
16641913294
16641913297
16641913324
16641913402
16641913407
16641913426
16641913427
16641913447
16641913463
16641913464
16641913465
16641913471
16641913474
16641913476
16641913479
16641913481
16641913484
16641913495
16641913501
16641913504
16641913510
16641913523
16641913540
16641913541
16641913542
16641913572
16641913584
16641913592
16641913593
16641913597
16641913604
16641913612
16641913617
16641913632
16641913643
16641913647
16641913674
16641913683
16641913694
16641913697
16641913704
16641913705
16641913706
16641913712
16641913715
16641913720
16641913724
16641913729
16641913741
16641913742
16641913743
16641913745
16641913746
16641913749
16641913750
16641913754
16641913756
16641913759
16641913760
16641913762
16641913763
16641913764
16641913769
16641913781
16641913782
16641913783
16641913790
16641913792
16641913794
16641913804
16641913814
16641913816
16641913847
16641913850
16641913851
16641913852
16641913857
16641913861
16641913870
16641913872
16641913873
16641913892
16641913902
16641913905
16641913907
16641913910
16641913912
16641913914
16641913924
16641913937
16641913945
16641913952
16641913954
16641913957
16641913961
16641913971
16641913973
16641913983
16641913984
16641914013
16641914016
16641914017
16641914025
16641914029
16641914031
16641914037
16641914047
16641914053
16641914069
16641914071
16641914073
16641914074
16641914076
16641914083
16641914087
16641914095
16641914130
16641914137
16641914154
16641914160
16641914172
16641914173
16641914176
16641914183
16641914185
16641914207
16641914209
16641914214
16641914217
16641914235
16641914236
16641914237
16641914239
16641914251
16641914254
16641914261
16641914267
16641914273
16641914274
16641914279
16641914284
16641914286
16641914287
16641914295
16641914301
16641914305
16641914307
16641914309
16641914317
16641914324
16641914347
16641914350
16641914362
16641914364
16641914371
16641914374
16641914375
16641914381
16641914386
16641914394
16641914396
16641914435
16641914452
16641914473
16641914479
16641914481
16641914483
16641914502
16641914504
16641914509
16641914524
16641914526
16641914527
16641914573
16641914580
16641914587
16641914590
16641914592
16641914597
16641914604
16641914627
16641914630
16641914635
16641914637
16641914639
16641914642
16641914643
16641914650
16641914652
16641914670
16641914673
16641914674
16641914682
16641914684
16641914693
16641914697
16641914701
16641914702
16641914703
16641914704
16641914710
16641914713
16641914732
16641914735
16641914739
16641914741
16641914742
16641914753
16641914754
16641914760
16641914762
16641914764
16641914782
16641914783
16641914784
16641914790
16641914792
16641914794
16641914802
16641914804
16641914807
16641914813
16641914814
16641914820
16641914823
16641914827
16641914829
16641914834
16641914835
16641914841
16641914850
16641914851
16641914852
16641914854
16641914862
16641914863
16641914871
16641914892
16641914894
16641914897
16641914902
16641914904
16641914905
16641914923
16641914924
16641914932
16641914947
16641914954
16641914965
16641914976
16641914985
17604192045
17604192364
17604192365
17604192731
17604192754
17604192784
17604192841
17604192874
17604192937
17604193863
17604194621
17604196732
17604196735
17604196742
17604196820
17604196821
17604196934
17604196953
17604197140
17604198629
17604198692
17604199124
17604199204
17604199284
17604199564
17604199657
17604199837
17614192314
17614192694
17614192854
17614193264
17614193624
17614193741
17614193742
17614193984
17614194207
17614194652
17614194759
17614195613
17614195742
17614195763
17614196137
17614197953
17640520269
17640520438
17640520581
17640520781
17640520970
17640520974
17640521057
17640521329
17640521462
17640521530
17640521592
17640521747
17640521753
17640521770
17640521805
17640521950
17640522039
17640522095
17640522436
17640522437
17640522483
17640522509
17640522547
17640522731
17640522943
17640522964
17640523150
17640523491
17640523493
17640523571
17640523574
17640523614
17640523763
17640523841
17640523842
17640523850
17640524175
17640524274
17640524283
17640524313
17640524709
17640524710
17640524791
17640524832
17640525046
17640525126
17640525370
17640525392
17640525427
17640525701
17640525803
17640525814
17640525862
17640525961
17640526037
17640526140
17640526305
17640526319
17640526491
17640526509
17640526584
17640526624
17640526812
17640526904
17640526974
17640526982
17640527154
17640527295
17640527301
17640527502
17640527694
17640527763
17640528057
17640528157
17640528213
17640528240
17640528352
17640528472
17640528498
17640528592
17640528792
17640528915
17640529312
17640529362
17640529407
17640529514
17640529604
17640529736
17640529835
17640530195
17640530259
17640530296
17640530307
17640530318
17640530354
17640530376
17640530463
17640530496
17640530574
17640530592
17640530723
17640530748
17640530751
17640530834
17640530861
17640530953
17640531352
17640531439
17640531467
17640531493
17640531497
17640531592
17640531593
17640531842
17640531847
17640531867
17640532071
17640532084
17640532273
17640532457
17640532504
17640532583
17640532671
17640532724
17640532795
17640532849
17640532862
17640533064
17640533276
17640533498
17640533642
17640533710
17640533864
17640533871
17640533954
17640534074
17640534280
17640534674
17640534692
17640534714
17640534752
17640534809
17640534812
17640534864
17640534873
17640534950
17640535031
17640535084
17640535475
17640535483
17640535641
17640535846
17640535869
17640535921
17640535943
17640535976
17640536037
17640536040
17640536352
17640536580
17640536930
17640536984
17640537032
17640537160
17640537306
17640537341
17640537396
17640537487
17640537540
17640537612
17640537674
17640537802
17640537941
17640538057
17640538075
17640538132
17640538147
17640538361
17640538410
17640538614
17640538741
17640538903
17640538964
17640539143
17640539162
17640539280
17640539351
17640539384
17640539430
17640539842
18524721367
18524724519
18524726837
18524728562
18524728942
18524729430
18524733064
18524736391
18524737594
18524737621
18524737952
18524738356
18524740197
18524740257
18524740283
18524740365
18524740396
18524740397
18524740426
18524740541
18524740562
18524740593
18524740596
18524740653
18524740685
18524740756
18524740763
18524740786
18524740792
18524740931
18524740934
18524740942
18524740963
18524740978
18524740981
18524741037
18524741041
18524741079
18524741226
18524741264
18524741291
18524741305
18524741306
18524741308
18524741310
18524741320
18524741381
18524741387
18524741419
18524741438
18524741465
18524741472
18524741486
18524741540
18524741632
18524741701
18524741763
18524741835
18524741839
18524742047
18524742075
18524742103
18524742154
18524742156
18524742179
18524742301
18524742387
18524742397
18524742590
18524742597
18524742650
18524742657
18524742758
18524742785
18524742823
18524742906
18524742970
18524742975
18524743065
18524743296
18524743464
18524743592
18524743624
18524743731
18524743763
18524743786
18524743815
18524743852
18524743897
18524743976
18524744053
18524744125
18524744178
18524744283
18524744293
18524744327
18524744381
18524744532
18524744851
18524744872
18524744902
18524744913
18524744934
18524744960
18524745106
18524745273
18524745319
18524745364
18524745389
18524745391
18524745395
18524745450
18524745496
18524745642
18524745702
18524745706
18524745728
18524745730
18524745893
18524745906
18524745965
18524746035
18524746079
18524746140
18524746214
18524746243
18524746280
18524746296
18524746372
18524746402
18524746408
18524746507
18524746531
18524746574
18524746575
18524746590
18524746736
18524746849
18524746926
18524746930
18524746952
18524746984
18524747027
18524747039
18524747067
18524747153
18524747183
18524747245
18524747283
18524747302
18524747353
18524747365
18524747397
18524747596
18524747603
18524747972
18524748031
18524748142
18524748149
18524748237
18524748425
18524748492
18524748493
18524748573
18524748602
18524748635
18524748652
18524748670
18524748724
18524748937
18524749075
18524749106
18524749125
18524749202
18524749354
18524749380
18524749625
18524749653
18524749670
18524749724
18524749746
18524749849
18524750161
18524750164
18524750175
18524750224
18524750254
18524750261
18524750350
18524750384
18524750435
18524750438
18524750697
18524750785
18524750840
18524750869
18524750932
18524751036
18524751253
18524751260
18524751343
18524751367
18524751370
18524751418
18524751576
18524751597
18524751604
18524751625
18524751732
18524751825
18524752059
18524752084
18524752087
18524752306
18524752403
18524752720
18524752834
18524752842
18524752851
18524752854
18524752867
18524752915
18524752984
18524753013
18524753048
18524753154
18524753162
18524753171
18524753196
18524753246
18524753262
18524753280
18524753295
18524753481
18524753524
18524753548
18524753672
18524753682
18524753695
18524753706
18524753712
18524753732
18524753759
18524753783
18524753792
18524753843
18524753907
18524753924
18524753925
18524753941
18524753980
18524754034
18524754043
18524754384
18524754415
18524754512
18524754595
18524754629
18524754693
18524754695
18524754726
18524754741
18524754780
18524754894
18524754906
18524754951
18524754954
18524755029
18524755036
18524755061
18524755072
18524755160
18524755267
18524755273
18524755326
18524755381
18524755386
18524755391
18524755490
18524755549
18524755607
18524755632
18524755645
18524755648
18524755694
18524755697
18524755796
18524755802
18524755817
18524755862
18524755903
18524755915
18524756059
18524756103
18524756297
18524756370
18524756474
18524756481
18524756593
18524756754
18524756792
18524756801
18524756845
18524756912
18524757107
18524757109
18524757405
18524757423
18524757545
18524757614
18524757657
18524757682
18524757823
18524757832
18524757850
18524757860
18524757924
18524757954
18524758091
18524758140
18524758149
18524758236
18524758260
18524758297
18524758317
18524758405
18524758407
18524758434
18524758496
18524758531
18524758564
18524758593
18524758602
18524758609
18524758639
18524758647
18524758705
18524758709
18524758752
18524758792
18524758930
18524758934
18524758973
18524759015
18524759016
18524759017
18524759021
18524759046
18524759083
18524759085
18524759103
18524759113
18524759201
18524759206
18524759214
18524759216
18524759283
18524759314
18524759317
18524759349
18524759376
18524759414
18524759572
18524759573
18524759632
18524759673
18524759709
18524759738
18524759739
18524759761
18524759763
18524759781
18524759831
18524759832
18524759851
18524760104
18524760138
18524760171
18524760173
18524760232
18524760292
18524760382
18524760384
18524760385
18524760392
18524760393
18524760435
18524760452
18524760480
18524760498
18524760569
18524760693
18524760735
18524760739
18524760763
18524760792
18524760795
18524760813
18524760832
18524760836
18524760864
18524760896
18524760940
18524760947
18524760953
18524760970
18524761209
18524761250
18524761281
18524761282
18524761285
18524761386
18524761537
18524761584
18524761627
18524761642
18524761708
18524761825
18524761840
18524761849
18524761940
18524762062
18524762069
18524762162
18524762382
18524762530
18524762542
18524762586
18524762591
18524762653
18524762659
18524762692
18524762739
18524762741
18524762761
18524762785
18524762790
18524762830
18524762940
18524762972
18524762973
18524763041
18524763074
18524763079
18524763083
18524763129
18524763148
18524763151
18524763157
18524763159
18524763403
18524763496
18524763576
18524763602
18524763651
18524763701
18524763713
18524763731
18524763751
18524763752
18524763832
18524763849
18524763925
18524764059
18524764205
18524764271
18524764286
18524764295
18524764340
18524764352
18524764386
18524764402
18524764431
18524764462
18524764492
18524764538
18524764620
18524764623
18524764629
18524764653
18524764681
18524764694
18524764762
18524764921
18524764931
18524765042
18524765062
18524765069
18524765076
18524765081
18524765097
18524765124
18524765175
18524765183
18524765275
18524765276
18524765290
18524765317
18524765329
18524765384
18524765473
18524765625
18524765629
18524765645
18524765693
18524765749
18524765759
18524765794
18524765796
18524765813
18524765816
18524765843
18524765864
18524765901
18524765930
18524765931
18524766015
18524766074
18524766107
18524766152
18524766315
18524766340
18524766434
18524766441
18524766497
18524766537
18524766538
18524766579
18524766743
18524766827
18524766849
18524766932
18524766974
18524767034
18524767127
18524767162
18524767241
18524767306
18524767350
18524767360
18524767382
18524767440
18524767462
18524767469
18524767523
18524767547
18524767569
18524767805
18524767836
18524767847
18524767961
18524768153
18524768175
18524768237
18524768296
18524768325
18524768327
18524768394
18524768439
18524768471
18524768474
18524768509
18524768510
18524768513
18524768574
18524768591
18524768679
18524768739
18524768748
18524768792
18524768905
18524768913
18524768915
18524769035
18524769043
18524769057
18524769127
18524769135
18524769238
18524769242
18524769325
18524769372
18524769374
18524769467
18524769582
18524769752
18524769762
18524769834
18524769851
18524790120
18524790154
18524790176
18524790179
18524790237
18524790240
18524790287
18524790324
18524790357
18524790365
18524790394
18524790424
18524790457
18524790648
18524790693
18524790746
18524790795
18524790835
18524791038
18524791079
18524791246
18524791256
18524791259
18524791350
18524791362
18524791386
18524791387
18524791430
18524791442
18524791482
18524791491
18524791536
18524791560
18524791591
18524791682
18524791692
18524791731
18524791795
18524791820
18524791856
18524791857
18524792043
18524792061
18524792067
18524792094
18524792130
18524792175
18524792301
18524792307
18524792315
18524792389
18524792397
18524792402
18524792505
18524792560
18524792632
18524792639
18524792710
18524792737
18524792781
18524792791
18524792872
18524792931
18524792967
18524793059
18524793095
18524793159
18524793257
18524793286
18524793447
18524793526
18524793562
18524793642
18524793687
18524793723
18524793780
18524793792
18524793805
18524793815
18524793824
18524793832
18524793905
18524793926
18524793945
18524793956
18524793961
18524793970
18524793972
18524794036
18524794047
18524794054
18524794084
18524794213
18524794214
18524794239
18524794523
18524794753
18524794759
18524795024
18524795107
18524795109
18524795162
18524795193
18524795243
18524795246
18524795283
18524795310
18524795327
18524795364
18524795379
18524795385
18524795648
18524795721
18524795735
18524795741
18524795817
18524795873
18524795920
18524795925
18524795938
18524796037
18524796146
18524796148
18524796194
18524796225
18524796419
18524796450
18524796534
18524796583
18524796701
18524796830
18524796915
18524796941
18524796945
18524796982
18524797023
18524797054
18524797124
18524797213
18524797259
18524797287
18524797291
18524797315
18524797317
18524797329
18524797340
18524797386
18524797392
18524797470
18524797519
18524797638
18524798015
18524798137
18524798212
18524798347
18524798370
18524798392
18524798403
18524798452
18524798471
18524798513
18524798532
18524798572
18524798604
18524798619
18524798690
18524798714
18524798721
18524798723
18524798730
18524798732
18524798784
18524798935
18524798942
18524799015
18524799046
18524799075
18524799102
18524799124
18524799125
18524799163
18524799304
18524799372
18524799382
18524799437
18524799503
18524799514
18524799519
18524799602
18524799632
18524799638
18524799702
18524799721
18524799783
18524799849
18604990142
18604993625
18604993941
18604995341
18604998502
18604998571
18604998702
18624190162
18624190187
18624190253
18624190261
18624190263
18624190272
18624190286
18624190287
18624190297
18624190373
18624190382
18624190631
18624190635
18624190653
18624190736
18624190751
18624190753
18624190761
18624190762
18624190837
18624190853
18624190862
18624190871
18624190971
18624190975
18624191065
18624191096
18624191220
18624191267
18624191287
18624191392
18624191502
18624191507
18624191561
18624191593
18624191603
18624191670
18624191672
18624191692
18624191701
18624191703
18624191763
18624191782
18624191823
18624191831
18624192051
18624192057
18624192083
18624192150
18624192157
18624192160
18624192163
18624192175
18624192183
18624192317
18624192362
18624192363
18624192367
18624192373
18624192376
18624192516
18624192753
18624192791
18624192807
18624192905
18624192950
18624192963
18624193027
18624193265
18624193620
18624193692
18624193703
18624193713
18624193725
18624193826
18624193827
18624193861
18624193872
18624193903
18624193951
18624193953
18624194373
18624195091
18624195097
18624195261
18624195392
18624195396
18624195691
18624195710
18624195781
18624195893
18624195901
18624195961
18624196071
18624196091
18624196105
18624196183
18624196201
18624196203
18624196250
18624196253
18624196317
18624196530
18624196571
18624196573
18624196807
18624196927
18624196932
18624196937
18624197053
18624197067
18624197205
18624197370
18624197381
18624197625
18624197631
18624197801
18624197821
18624197825
18624198072
18624198291
18624198347
18624198351
18624198437
18624198537
18624198647
18624199370
18624199442
18624460176
18624460326
18624460346
18624460396
18624460415
18624460491
18624460519
18624460573
18624460582
18624460587
18624460735
18624461030
18624461042
18624461091
18624461092
18624461367
18624461517
18624461620
18624462065
18624462139
18624462172
18624462173
18624462205
18624462350
18624462357
18624462365
18624462371
18624462375
18624462386
18624462392
18624462476
18624462572
18624462691
18624462692
18624462693
18624462703
18624462710
18624462712
18624462756
18624462831
18624462903
18624462905
18624462907
18624462937
18624462946
18624462952
18624463057
18624463073
18624463102
18624463103
18624463109
18624463143
18624463148
18624463179
18624463197
18624463209
18624463256
18624463271
18624463279
18624463512
18624463612
18624463681
18624463805
18624463875
18624463902
18624463951
18624463971
18624464023
18624464417
18624464682
18624464821
18624464932
18624465027
18624465043
18624465072
18624465137
18624465163
18624465263
18624465271
18624465291
18624465361
18624465669
18624465713
18624465748
18624465763
18624465807
18624465817
18624465842
18624465901
18624465903
18624465932
18624465975
18624466052
18624466271
18624466447
18624466531
18624466702
18624467032
18624467053
18624467061
18624467063
18624467081
18624467132
18624467179
18624467265
18624467281
18624467305
18624467350
18624467351
18624467352
18624467392
18624467397
18624467501
18624467503
18624467516
18624467635
18624467643
18624467801
18624467803
18624467831
18624467835
18624467841
18624467842
18624467852
18624467902
18624467932
18624467941
18624467945
18624467957
18624467960
18624467971
18624468021
18624468057
18624468103
18624468107
18624468147
18624468172
18624468206
18624468259
18624468265
18624468273
18624468275
18624468372
18624468396
18624468402
18624468537
18624468591
18624468715
18624468726
18624468753
18624469013
18624469031
18624469051
18624469072
18624469073
18624469120
18624469163
18624469206
18624469231
18624469237
18624469301
18624469306
18624469325
18624469327
18624469380
18624469406
18624469563
18624469706
18624469735
18624469803
18624469823
18624690346
18624690367
18624690371
18624690375
18624690641
18624690642
18624690643
18624690647
18624690649
18624690693
18624690740
18624690741
18624690742
18624690743
18624690745
18624690749
18624691041
18624691047
18624691053
18624691082
18624691083
18624691251
18624691253
18624691287
18624691297
18624691351
18624691507
18624691573
18624691582
18624691592
18624691593
18624691602
18624691603
18624691651
18624691657
18624691670
18624691671
18624691672
18624691701
18624691702
18624691739
18624691872
18624691905
18624691972
18624692053
18624692061
18624692073
18624692082
18624692107
18624692167
18624692173
18624692197
18624692315
18624692350
18624692537
18624692573
18624692648
18624692650
18624692730
18624692745
18624692761
18624692783
18624692857
18624692875
18624693073
18624693103
18624693130
18624693171
18624693203
18624693241
18624693261
18624693572
18624693581
18624693593
18624693607
18624693613
18624693623
18624693650
18624693653
18624693670
18624693685
18624693715
18624693735
18624693792
18624693795
18624693832
18624693861
18624693910
18624693920
18624693961
18624694017
18624694035
18624694087
18624694137
18624694236
18624694259
18624694376
18624694439
18624694595
18624694642
18624694741
18624694812
18624695017
18624695031
18624695052
18624695076
18624695093
18624695101
18624695137
18624695163
18624695173
18624695241
18624695271
18624695291
18624695362
18624695371
18624695381
18624695382
18624695506
18624696207
18624696271
18624696281
18624696291
18624696295
18624696325
18624696381
18624696741
18624696742
18624696743
18624696745
18624696752
18624696807
18624696817
18624696843
18624696847
18624696851
18624696872
18624696943
18624697013
18624697015
18624697023
18624697032
18624697043
18624697081
18624697093
18624697102
18624697106
18624697135
18624697150
18624697192
18624697206
18624697217
18624697247
18624697251
18624697283
18624697290
18624697306
18624697312
18624697326
18624697346
18624697352
18624697357
18624697391
18624697392
18624697395
18624697405
18624697415
18624697429
18624697430
18624697435
18624697445
18624697450
18624697457
18624697461
18624697462
18624697463
18624697512
18624697513
18624697539
18624697590
18624697596
18624697602
18624697641
18624698037
18624698041
18624698042
18624698043
18624698053
18624698071
18624698076
18624698142
18624698143
18624698172
18624698190
18624698193
18624698257
18624698270
18624698325
18624698347
18624698502
18624698547
18624698563
18624698593
18624698602
18624698613
18624698621
18624698641
18624698647
18624698652
18624698731
18624698740
18624698742
18624698746
18624698751
18624698759
18624698793
18624698941
18624698942
18624698943
18624698947
18624698961
18624699061
18624699071
18624699125
18624699137
18624699142
18624699145
18624699146
18624699301
18624699341
18624699347
18624699352
18624699361
18624699372
18624699382
18624699402
18624699403
18624699415
18624699417
18624699420
18624699425
18624699451
18624699452
18624699462
18624699467
18624699471
18624699472
18624699481
18624699632
18624699648
18624699720
18624699748
18624699852
18640700143
18640700431
18640700443
18640700472
18640700542
18640700635
18640700951
18640701053
18640701408
18640701423
18640701451
18640701459
18640701461
18640701462
18640701495
18640701502
18640701539
18640701731
18640701753
18640701931
18640701942
18640701950
18640702146
18640702152
18640702307
18640702315
18640702361
18640702429
18640702437
18640702439
18640702462
18640702463
18640702476
18640702491
18640702635
18640702641
18640702735
18640702749
18640702842
18640702851
18640702871
18640702942
18640702961
18640703047
18640703147
18640703273
18640703276
18640703416
18640703419
18640703437
18640703461
18640703473
18640703492
18640703495
18640703547
18640703571
18640703597
18640703602
18640703607
18640703643
18640703709
18640703782
18640703803
18640703805
18640703847
18640703862
18640703870
18640703872
18640703902
18640703925
18640704102
18640704106
18640704157
18640704235
18640704413
18640704425
18640704483
18640704541
18640705132
18640705136
18640705142
18640705145
18640705192
18640705245
18640705261
18640705317
18640705347
18640705385
18640705471
18640705491
18640705493
18640705641
18640705649
18640705692
18640705743
18640705781
18640705782
18640705783
18640705793
18640705813
18640705863
18640705893
18640705923
18640705930
18640705931
18640705942
18640705961
18640705973
18640706143
18640706203
18640706240
18640706246
18640706247
18640706275
18640706342
18640706372
18640706375
18640706403
18640706431
18640706441
18640706497
18640706501
18640706572
18640706741
18640706742
18640706743
18640706749
18640706792
18640706803
18640706842
18640706847
18640706871
18640706932
18640706943
18640707128
18640707142
18640707146
18640707346
18640707427
18640707435
18640707445
18640707495
18640707641
18640707643
18640707940
18640707973
18640708042
18640708053
18640708143
18640708349
18640708421
18640708435
18640708450
18640708452
18640708459
18640708463
18640708472
18640708475
18640708490
18640708497
18640708546
18640708593
18640708652
18640708653
18640708673
18640708693
18640708746
18640708927
18640708943
18640708945
18640709141
18640709142
18640709147
18640709153
18640709179
18640709243
18640709271
18640709325
18640709341
18640709417
18640709419
18640709462
18640709467
18640709471
18640709476
18640709645
18640709647
18640709781
18641902692
18641903272
18641903528
18641903975
18641904629
18641904714
18641910387
18641915217
18641920829
18641929151
18641932712
18641933751
18641934797
18641939751
18641942053
18641943263
18641943652
18641943761
18641943792
18641943820
18641943973
18641945035
18641946021
18641946057
18641946075
18641946079
18641946173
18641946219
18641946385
18641946395
18641946572
18641946791
18641946952
18641947205
18641947352
18641947692
18641948273
18641948370
18641951384
18641956297
18641960253
18641960297
18641960395
18641960763
18641961065
18641961082
18641961720
18641961790
18641962173
18641962351
18641962375
18641962751
18641962763
18641962861
18641963121
18641963562
18641963612
18641963673
18641963791
18641964052
18641964173
18641964872
18641965073
18641965091
18641965290
18641965371
18641965381
18641965803
18641965823
18641965861
18641965872
18641965902
18641966312
18641967052
18641967062
18641967095
18641967125
18641967250
18641967261
18641967265
18641967381
18641967395
18641967503
18641967530
18641967625
18641967831
18641967863
18641967937
18641968057
18641968513
18641968672
18641968732
18641968931
18641969103
18641969327
18641969352
18641969372
18641969682
18641969701
18641969702
18641969705
18641969723
18641969738
18641969750
18641970193
18641970275
18641970359
18641970372
18641970623
18641970785
18641970956
18641970963
18641971296
18641971305
18641971329
18641971637
18641971729
18641971730
18641972362
18641972380
18641972382
18641972632
18641972637
18641972719
18641972763
18641972862
18641972875
18641973503
18641973506
18641973525
18641973572
18641973581
18641973617
18641973709
18641973852
18641973961
18641975261
18641975367
18641975731
18641975910
18641975960
18641975962
18641976091
18641976179
18641976391
18641976832
18641977183
18641977293
18641977312
18641977350
18641977392
18641977863
18641977962
18641978021
18641978035
18641978037
18641978061
18641978102
18641978253
18641978270
18641978305
18641978320
18641978326
18641978371
18641978529
18641978591
18641978631
18641978673
18641978692
18641978923
18641978931
18641979015
18641979032
18641979062
18641979250
18641979620
18641979751
18641980157
18641980195
18641980739
18641981075
18641981079
18641981507
18641981901
18641982701
18641982750
18641983157
18641983172
18641983179
18641983580
18641983602
18641983716
18641983725
18641983751
18641983781
18641983871
18641983920
18641983973
18641984362
18641984761
18641985162
18641985902
18641985937
18641985962
18641986271
18641986702
18641987052
18641987351
18641988251
18641988531
18641989137
18641989207
18641989215
18641989353
18641989372
18641989382
18641989573
18641994359
18641994957
18698263047
18698263295
18698263809
18698264843
18698265601
18698266731
18698269731
18698270957
18698271029
18698271673
18698272392
18698272962
18698273076
18698273271
18698273591
18698273981
18698275129
18698275464
18698276537
18698277929
18698280274
18698282074
18698282104
18698282412
18698282414
18698282453
18698282532
18698282734
18698282934
18698283342
18698283514
18698283814
18698284013
18698284421
18698285724
18698286431
18698289894
18698760183
18698760673
18698760752
18698760892
18698762573
18698763183
18698763546
18698763591
18698763627
18698765173
18698765631
18698766307
18698767102
18698767392
18698767513
85969805531