00704073639
13009214254
13009214274
13009214374
13009215491
13009219454
13019691405
13019697441
13019801452
13019804014
13019804704
13019804853
13019806473
13020350437
13020350493
13020351404
13020351463
13020351474
13020351493
13020351494
13020352473
13020354084
13020354194
13020354314
13020354483
13020354734
13020354912
13020354943
13020354954
13020357480
13020357492
13020357494
13020358420
13020359442
13029201470
13029203484
13029204341
13029204483
13029204504
13029204834
13029205441
13029206421
13029207412
13029208344
13029210453
13029210462
13029210465
13029211401
13029211403
13029212442
13029213447
13029214071
13029214352
13029214473
13029214624
13029214704
13029214714
13029214834
13029214924
13029214932
13029215412
13029217413
13029217424
13029217431
13029217461
13029217644
13029218410
13029218413
13029218453
13029218474
13029218494
13029219434
13030741403
13030741406
13030741462
13030741484
13030742481
13030743402
13030744263
13030744605
13030744952
13030745472
13030745473
13030746407
13030746409
13030748405
13030749427
13030749475
13030750481
13030752441
13030753544
13030754792
13030754794
13030754941
13030756424
13030757434
13030757492
13030758414
13030758434
13042660454
13042662401
13042664841
13042664894
13042665494
13042667482
13042667491
13042668472
13050301493
13050307414
13050312401
13050313490
13050313494
13050314410
13050314417
13050314574
13050314934
13050318437
13050321426
13050324064
13050324304
13050324374
13050324384
13050324401
13050324403
13050324461
13050324470
13050324471
13050324482
13050324524
13050324574
13050324604
13050324714
13050324734
13050324741
13050324814
13050326420
13050328492
13050329481
13050343027
13050344814
13050344845
13050345482
13050346493
13050348402
13050351435
13050354214
13050354493
13050354684
13050354743
13050355244
13050356414
13050357425
13050357431
13050357434
13050357494
13050358414
13050358471
13050358492
13050360452
13050360494
13050361424
13050361427
13050361434
13050361442
13050361447
13050361463
13050361464
13050361470
13050361475
13050361481
13050361484
13050361485
13050362443
13050362483
13050362491
13050362492
13050363483
13050363484
13050363494
13050364174
13050364204
13050364602
13050364761
13050364814
13050364940
13050364942
13050365471
13050365483
13050365494
13050367425
13050367440
13050367491
13050367493
13050368404
13050368437
13050368447
13050368470
13050369414
13050369434
13050369472
13050369484
13050370475
13050371423
13050371430
13050371446
13050371447
13050371462
13050371482
13050371483
13050371493
13050372404
13050372443
13050372450
13050372461
13050372474
13050372482
13050372494
13050373407
13050373442
13050373476
13050374024
13050374045
13050374084
13050374409
13050374472
13050374483
13050374524
13050375471
13050375494
13050376492
13050377404
13050377424
13050377431
13050377464
13050378404
13050378434
13050378441
13050378461
13050378474
13050379424
13050379434
13050379464
13050381405
13050386494
13050390434
13050390474
13050390484
13050391446
13050391453
13050391454
13050391464
13050392474
13050393407
13050393482
13050394074
13050394184
13050394504
13050394734
13050394741
13050394761
13050394804
13050394834
13050395414
13050395474
13050395482
13050396404
13050396413
13050396452
13050396472
13050396483
13050396492
13050397404
13050397412
13050397421
13050397424
13050397442
13050397464
13050398403
13050398412
13050398472
13081250461
13081250473
13081250482
13081251401
13081251424
13081251425
13081251454
13081251464
13081251484
13081251494
13081252404
13081252413
13081252414
13081252461
13081252464
13081252471
13081252474
13081253446
13081253474
13081253491
13081254154
13081254246
13081254514
13081254530
13081254645
13081254715
13081254724
13081254731
13081254742
13081254754
13081254794
13081254850
13081254913
13081254934
13081255424
13081255464
13081256404
13081256410
13081256412
13081256414
13081256424
13081256431
13081256472
13081256497
13081257414
13081257420
13081257441
13081257475
13081257495
13081258413
13081258414
13081258443
13081258470
13081258471
13081258474
13081259424
13081259434
13081259452
13081259462
13081259474
13081260441
13081260449
13081260452
13081260457
13081260472
13081260474
13081261401
13081261412
13081261460
13081261465
13081261469
13081261471
13081261475
13081261482
13081261484
13081262402
13081262403
13081262454
13081263412
13081263420
13081264064
13081264073
13081264214
13081264253
13081264273
13081264314
13081264425
13081264462
13081264470
13081264584
13081264624
13081264841
13081264934
13081264964
13081265410
13081265413
13081265474
13081266484
13081267429
13081267431
13081267434
13081267454
13081267463
13081267493
13081267494
13081268464
13081268474
13081268744
13081269403
13081269404
13081269414
13081269454
13081269474
13104153429
13104153430
13104153441
13104153446
13104153449
13104153460
13104153463
13104153471
13104153474
13104153479
13104153481
13104153482
13104153483
13104153486
13104153490
13104153496
13104155404
13104155405
13104155406
13104155409
13104155412
13104155414
13104155417
13104155420
13104155426
13104155427
13104155428
13104155440
13104155441
13104155447
13104155453
13104155457
13104155459
13104155461
13104155469
13104155471
13104155472
13104155473
13104155474
13104155475
13104155479
13104155480
13104155481
13104155486
13104155490
13104155491
13104155493
13104155494
13104155495
13104155498
13104156402
13104156404
13104156405
13104156407
13104156412
13104156413
13104156414
13104156417
13104156418
13104156421
13104156424
13104156429
13104156431
13104156435
13104156437
13104156438
13104156439
13104156440
13104156442
13104156443
13104156445
13104156452
13104156457
13104156458
13104156460
13104156462
13104156473
13104156474
13104156475
13104156481
13104156483
13104156484
13104156485
13104156486
13104156489
13104156494
13104157403
13104157404
13104157407
13104157408
13104157409
13104157413
13104157419
13104157425
13104157426
13104157429
13104157431
13104157434
13104157435
13104157436
13104157437
13104157438
13104157439
13104157441
13104157445
13104157450
13104157451
13104157453
13104157454
13104157457
13104157461
13104157462
13104157463
13104157464
13104157467
13104157473
13104157475
13104157481
13104157483
13104157485
13104157489
13104157490
13104157491
13104157492
13104157493
13104157495
13104158401
13104158403
13104158404
13104158407
13104158410
13104158412
13104158414
13104158417
13104158421
13104158424
13104158425
13104158427
13104158429
13104158431
13104158434
13104158442
13104158461
13104158462
13104158464
13104158473
13104158480
13104158491
13104158493
13104158495
13104158496
13104159401
13104159404
13104159405
13104159414
13104159423
13104159424
13104159426
13104159430
13104159431
13104159437
13104159441
13104159443
13104159451
13104159453
13104159458
13104159460
13104159462
13104159463
13104159470
13104159475
13104159476
13104159480
13104159483
13104159484
13104250474
13104250484
13104251454
13104253474
13104253494
13104255494
13104256494
13104257414
13104257425
13104257434
13124150412
13124150413
13124150419
13124150420
13124150421
13124150426
13124150427
13124150428
13124150430
13124150431
13124150434
13124150435
13124150436
13124150438
13124150441
13124150442
13124150446
13124150448
13124150449
13124150450
13124150452
13124150454
13124150458
13124150461
13124150463
13124150464
13124150465
13124150470
13124150471
13124150474
13124150475
13124150476
13124150479
13124150480
13124150481
13124150483
13124150484
13124150485
13124150486
13124150491
13124150493
13124150494
13124151404
13124151424
13124151431
13124151434
13124151454
13124151462
13124151474
13124151483
13124151484
13124151492
13124151494
13124151498
13124152440
13124152493
13124152494
13124152496
13124153423
13124153427
13124153428
13124153429
13124153430
13124153454
13124153464
13124153474
13124153479
13124153483
13124153484
13124153486
13124153487
13124153490
13124153491
13124153494
13124154574
13124154940
13124155404
13124155407
13124155414
13124155424
13124155434
13124155436
13124155441
13124155476
13124155492
13124155494
13124156405
13124156410
13124156412
13124156418
13124156421
13124156434
13124156439
13124156452
13124156462
13124156473
13124156474
13124156481
13124156483
13124156484
13124156490
13124156491
13124156492
13124156494
13124157406
13124157412
13124157414
13124157417
13124157424
13124157449
13124157451
13124157452
13124157453
13124157454
13124157458
13124157461
13124157462
13124157463
13124157464
13124157465
13124157470
13124157472
13124157479
13124157487
13124157493
13124158409
13124158417
13124158449
13124158464
13124158480
13124158486
13124158487
13124158491
13124158493
13124159436
13124159471
13124159478
13124159479
13124159490
13125560431
13125560445
13125560460
13125560467
13125560473
13125560475
13125560484
13125560493
13125561405
13125561421
13125561435
13125561485
13125562412
13125562417
13125562489
13125562491
13125562494
13125563421
13125563423
13125563437
13125563447
13125563448
13125563476
13125563479
13125563490
13125563491
13125563492
13125563493
13125564794
13125565487
13125565489
13125566431
13125566472
13125566491
13125567485
13125567490
13125567491
13125567494
13125567495
13125568144
13125568482
13125568490
13125568494
13125568495
13125569408
13125569443
13125569478
13125569482
13125569492
13125569497
13125570430
13125570471
13125570473
13125570474
13125570482
13125570486
13125570489
13125571403
13125571406
13125571445
13125571454
13125571491
13125571492
13125571493
13125571498
13125572414
13125572449
13125572454
13125572474
13125572484
13125572486
13125572494
13125572495
13125573446
13125573476
13125573479
13125573491
13125573494
13125574014
13125574034
13125574274
13125575412
13125575419
13125575428
13125575430
13125575434
13125575464
13125575465
13125575468
13125575474
13125575475
13125575479
13125575485
13125575493
13125575494
13125575495
13125575497
13125576404
13125576405
13125576419
13125576436
13125576442
13125576452
13125576465
13125576478
13125576484
13125576485
13125576493
13125576494
13125577417
13125577421
13125577424
13125577479
13125577481
13125577482
13125577485
13125577486
13125577490
13125578434
13125578454
13125578474
13125578476
13125578485
13125578494
13125578495
13125578496
13125579404
13125579414
13125579415
13125579424
13125579434
13125579447
13125579454
13125579460
13125579464
13125579472
13125579473
13125579480
13125579481
13125579484
13125579487
13125579490
13125590438
13125590448
13125590483
13125590484
13125590485
13125590486
13125590487
13125590490
13125590492
13125590493
13125590497
13125591404
13125591424
13125591426
13125591434
13125591454
13125591464
13125591481
13125591484
13125591489
13125591490
13125591493
13125591496
13125592414
13125592434
13125592447
13125592454
13125592461
13125592474
13125592476
13125592483
13125592490
13125592494
13125593471
13125593473
13125593474
13125593478
13125593486
13125593492
13125593494
13125594764
13125594914
13125595402
13125595407
13125595447
13125595473
13125595483
13125595487
13125595490
13125595492
13125595497
13125596410
13125596413
13125596421
13125596460
13125596471
13125596490
13125597424
13125597440
13125597464
13125598461
13125598474
13125598475
13130508492
13130511493
13130514614
13130515449
13130516454
13130516493
13130517494
13130519475
13130522463
13130524164
13130524374
13130524984
13130526437
13130526443
13130526484
13130527491
13130528440
13130528494
13130529442
13130529451
13130530464
13130530483
13130530484
13130532474
13130534746
13130534764
13130534872
13130534874
13130534904
13130537429
13130538443
13130544542
13134150446
13134150474
13134150482
13134151470
13134151479
13134152403
13134152445
13134153464
13134153474
13134156434
13134156441
13134156443
13134157443
13134157481
13134157482
13134158424
13134158425
13134158446
13134159430
13134159474
13134159480
13154154173
13154154540
13154154601
13154154742
13154158213
13154159715
13188358404
13188370410
13188370418
13188370425
13188370426
13188370427
13188370431
13188370435
13188370436
13188370441
13188370443
13188370445
13188370446
13188370447
13188370450
13188370452
13188370457
13188370459
13188370460
13188370462
13188370470
13188370471
13188370472
13188370473
13188370475
13188370478
13188370480
13188370481
13188370486
13188370493
13188371405
13188371406
13188371409
13188371426
13188371429
13188371434
13188371440
13188371442
13188371448
13188371462
13188371468
13188371474
13188371481
13188371483
13188371485
13188371493
13188372401
13188372405
13188372407
13188372410
13188372414
13188372418
13188372426
13188372427
13188372430
13188372431
13188372439
13188372440
13188372449
13188372452
13188372453
13188372457
13188372464
13188372465
13188372469
13188372470
13188372471
13188372472
13188372473
13188372474
13188372475
13188372482
13188372483
13188372486
13188372491
13188372492
13188372498
13188373401
13188373402
13188373404
13188373406
13188373408
13188373412
13188373414
13188373415
13188373417
13188373428
13188373441
13188373442
13188373454
13188373462
13188373471
13188373472
13188373475
13188373476
13188373480
13188373483
13188373484
13188373491
13188373492
13188373498
13188374705
13188374834
13188375404
13188375406
13188375408
13188375409
13188375413
13188375414
13188375417
13188375419
13188375420
13188375421
13188375424
13188375426
13188375427
13188375428
13188375429
13188375435
13188375437
13188375438
13188375440
13188375442
13188375447
13188375459
13188375464
13188375465
13188375470
13188375473
13188375474
13188375479
13188375482
13188375491
13188375497
13188376402
13188376403
13188376404
13188376410
13188376412
13188376423
13188376430
13188376437
13188376438
13188376440
13188376441
13188376442
13188376448
13188376452
13188376453
13188376457
13188376459
13188376462
13188376463
13188376471
13188376475
13188376481
13188376484
13188376491
13188376494
13188377401
13188377402
13188377403
13188377406
13188377407
13188377409
13188377415
13188377427
13188377435
13188377437
13188377441
13188377452
13188377459
13188377469
13188377470
13188377473
13188377475
13188377481
13188377483
13188377491
13188377492
13188377494
13188377495
13188377497
13188378405
13188378406
13188378407
13188378408
13188378409
13188378410
13188378413
13188378417
13188378418
13188378424
13188378426
13188378439
13188378440
13188378451
13188378459
13188378461
13188378463
13188378464
13188378465
13188378470
13188378473
13188378476
13188378494
13188379403
13188379407
13188379408
13188379412
13188379415
13188379416
13188379418
13188379424
13188379428
13188379434
13188379438
13188379440
13188379442
13188379447
13188379460
13188379465
13188379467
13188379475
13188379476
13188379479
13188379483
13188379487
13188379490
13188379496
13188379498
13188390494
13188391437
13188392404
13188393460
13188394691
13188396414
13188397464
13188397495
13188399430
13188399465
13190201407
13190201446
13190201448
13190201454
13190201464
13190201471
13190203421
13190203442
13190204134
13190204264
13190204271
13190204284
13190205405
13190205442
13190205443
13190205471
13190205474
13190205484
13190205492
13190206401
13190206414
13190206471
13190207452
13190208344
13190208414
13190208424
13190208434
13190208471
13190208474
13190209404
13190211436
13190212462
13190214054
13190214072
13190214194
13190214463
13190214473
13190214482
13190214504
13190214524
13190214614
13190214674
13190214954
13190214963
13190215410
13190220410
13190220414
13190220417
13190220420
13190220423
13190220424
13190220436
13190220439
13190220441
13190220445
13190220450
13190220451
13190220452
13190220454
13190220460
13190220461
13190220462
13190220467
13190220472
13190220474
13190220480
13190220484
13190220487
13190220494
13190220497
13190221402
13190221403
13190221404
13190221405
13190221407
13190221408
13190221417
13190221421
13190221424
13190221425
13190221429
13190221431
13190221439
13190221442
13190221443
13190221445
13190221447
13190221452
13190221453
13190221460
13190221463
13190221464
13190221468
13190221472
13190221473
13190221474
13190221478
13190221480
13190221481
13190221483
13190221484
13190221492
13190221496
13190222406
13190222412
13190222434
13190222451
13190222454
13190222467
13190222481
13190223402
13190223404
13190223406
13190223408
13190223412
13190223414
13190223415
13190223416
13190223418
13190223429
13190223431
13190223436
13190223438
13190223439
13190223440
13190223442
13190223460
13190223463
13190223464
13190223476
13190223482
13190223484
13190223487
13190223496
13190224374
13190224524
13190224641
13190224674
13190225312
13190225401
13190225402
13190225407
13190225410
13190225412
13190225417
13190225423
13190225424
13190225425
13190225426
13190225427
13190225428
13190225434
13190225438
13190225439
13190225440
13190225442
13190225447
13190225449
13190225460
13190225462
13190225463
13190225465
13190225470
13190225471
13190225473
13190225474
13190225475
13190225480
13190225482
13190225484
13190225485
13190225490
13190225491
13190225493
13190225494
13190225496
13190225497
13190225498
13190226401
13190226403
13190226404
13190226414
13190226415
13190226419
13190226427
13190226430
13190226434
13190226437
13190226439
13190226445
13190226449
13190226450
13190226457
13190226460
13190226461
13190226463
13190226470
13190226473
13190226481
13190226484
13190226485
13190226490
13190226493
13190226494
13190226495
13190226497
13190227402
13190227403
13190227404
13190227405
13190227407
13190227409
13190227414
13190227415
13190227416
13190227418
13190227419
13190227421
13190227424
13190227425
13190227435
13190227440
13190227445
13190227450
13190227451
13190227452
13190227459
13190227462
13190227463
13190227467
13190227471
13190227473
13190227478
13190227481
13190227482
13190227483
13190227484
13190227496
13190227498
13190228025
13190228403
13190228404
13190228413
13190228414
13190228424
13190228431
13190228434
13190228435
13190228442
13190228443
13190228445
13190228446
13190228447
13190228452
13190228453
13190228461
13190228463
13190228471
13190228474
13190228476
13190228482
13190228485
13190228490
13190228492
13190228493
13190228495
13190229403
13190229404
13190229410
13190229414
13190229416
13190229424
13190229427
13190229431
13190229434
13190229438
13190229441
13190229452
13190229453
13190229454
13190229460
13190229463
13190229464
13190229473
13190229474
13190229484
13190229486
13190230452
13190230473
13190230474
13190231434
13190231442
13190231464
13190231474
13190232144
13190232446
13190232449
13190232471
13190232481
13190233474
13190234304
13190234642
13190234794
13190234824
13190234874
13190234904
13190234943
13190235261
13190235412
13190235424
13190235442
13190235474
13190236173
13190236404
13190236412
13190236414
13190236435
13190236492
13190236494
13190237244
13190237403
13190237423
13190237445
13190238445
13190238453
13190238454
13190238475
13190238476
13190238494
13190239407
13190239434
13190239441
13190239472
13190239474
13190240130
13190240406
13190240410
13190240412
13190240417
13190240423
13190240424
13190240426
13190240427
13190240428
13190240435
13190240442
13190240443
13190240448
13190240449
13190240452
13190240454
13190240457
13190240459
13190240460
13190240461
13190240464
13190240467
13190240470
13190240472
13190240473
13190240479
13190240484
13190240486
13190240491
13190240495
13190240498
13190241401
13190241402
13190241403
13190241404
13190241405
13190241407
13190241420
13190241421
13190241424
13190241426
13190241430
13190241434
13190241435
13190241438
13190241439
13190241440
13190241446
13190241449
13190241452
13190241454
13190241457
13190241459
13190241462
13190241464
13190241465
13190241467
13190241468
13190241471
13190241473
13190241474
13190241479
13190241480
13190241482
13190241483
13190241487
13190241489
13190241491
13190242413
13190242414
13190242429
13190242436
13190242441
13190242446
13190242447
13190242454
13190242467
13190242470
13190242475
13190242478
13190242480
13190242481
13190242482
13190242486
13190242489
13190243403
13190243407
13190243409
13190243414
13190243416
13190243421
13190243426
13190243427
13190243428
13190243431
13190243447
13190243448
13190243460
13190243461
13190243465
13190243471
13190243472
13190243473
13190243474
13190243482
13190243485
13190243492
13190243495
13190243497
13190243498
13190243763
13190244094
13190244174
13190244354
13190244374
13190244593
13190244674
13190244684
13190244761
13190244914
13190244962
13190245403
13190245405
13190245408
13190245409
13190245410
13190245413
13190245417
13190245419
13190245425
13190245431
13190245434
13190245435
13190245437
13190245442
13190245446
13190245447
13190245449
13190245458
13190245460
13190245461
13190245463
13190245465
13190245473
13190245480
13190245481
13190245483
13190245484
13190245485
13190245490
13190245491
13190245492
13190245493
13190246403
13190246404
13190246405
13190246408
13190246409
13190246410
13190246412
13190246413
13190246414
13190246416
13190246419
13190246421
13190246423
13190246424
13190246425
13190246427
13190246428
13190246430
13190246434
13190246436
13190246437
13190246438
13190246440
13190246441
13190246443
13190246453
13190246454
13190246457
13190246459
13190246471
13190246474
13190246475
13190246478
13190246481
13190246482
13190246483
13190246484
13190246485
13190246493
13190246494
13190246498
13190247152
13190247402
13190247404
13190247405
13190247408
13190247412
13190247413
13190247414
13190247417
13190247425
13190247426
13190247427
13190247429
13190247430
13190247434
13190247435
13190247436
13190247440
13190247442
13190247449
13190247450
13190247454
13190247457
13190247459
13190247460
13190247461
13190247462
13190247464
13190247468
13190247469
13190247473
13190247478
13190247482
13190247490
13190247492
13190247494
13190247495
13190248065
13190248152
13190248219
13190248402
13190248403
13190248404
13190248405
13190248406
13190248407
13190248410
13190248412
13190248413
13190248414
13190248417
13190248420
13190248421
13190248434
13190248435
13190248436
13190248439
13190248440
13190248442
13190248445
13190248447
13190248449
13190248454
13190248462
13190248465
13190248471
13190248478
13190248483
13190248485
13190248486
13190248487
13190248490
13190248491
13190248494
13190248496
13190248498
13190249053
13190249270
13190249403
13190249408
13190249412
13190249414
13190249416
13190249417
13190249419
13190249424
13190249430
13190249434
13190249438
13190249440
13190249443
13190249445
13190249447
13190249453
13190249463
13190249470
13190249471
13190249478
13190249490
13190249532
13194150445
13194150471
13194150473
13194151404
13194151425
13194151436
13194151449
13194151460
13194151463
13194151464
13194151471
13194151484
13194151494
13194152403
13194152407
13194152417
13194152437
13194152441
13194152454
13194152464
13194152474
13194152475
13194152844
13194153404
13194153421
13194153464
13194153494
13194153652
13194154457
13194154462
13194155402
13194155404
13194155410
13194155420
13194155424
13194155461
13194156473
13194156474
13194157181
13194157250
13194157402
13194157404
13194157412
13194157414
13194157424
13194157434
13194157440
13194157441
13194157442
13194157448
13194157463
13194157464
13194157484
13194157494
13194158404
13194158414
13194158420
13194158423
13194158441
13194158451
13194158464
13194158471
13194159434
13194159440
13194159442
13204151370
13204151471
13204154172
13204154261
13204154294
13204154364
13204154504
13204154714
13204155492
13204156314
13204156454
13204159474
13214150352
13214153744
13214154072
13214154074
13214154291
13214154346
13214154351
13214154602
13214154613
13214154614
13214154631
13214154704
13224150413
13224150417
13224150465
13224150473
13224150475
13224150481
13224150482
13224150523
13224151402
13224151421
13224151434
13224151446
13224151464
13224151471
13224151472
13224151473
13224151476
13224151480
13224151481
13224151483
13224151484
13224151485
13224152394
13224152409
13224152473
13224152483
13224152844
13224152893
13224153410
13224153427
13224153431
13224153439
13224153447
13224153460
13224153464
13224153471
13224153474
13224153482
13224153484
13224153493
13224154031
13224154064
13224154174
13224154204
13224154281
13224154284
13224154381
13224154403
13224154473
13224154584
13224154613
13224154614
13224154714
13224154724
13224154762
13224154791
13224154804
13224154825
13224154834
13224154904
13224154954
13224154974
13224155394
13224155401
13224155402
13224155403
13224155404
13224155414
13224155423
13224155425
13224155452
13224155474
13224155495
13224156394
13224156410
13224156414
13224156419
13224156424
13224156430
13224156440
13224156491
13224157394
13224157401
13224157402
13224157403
13224157405
13224157413
13224157414
13224157423
13224157424
13224157426
13224157429
13224157434
13224157440
13224157442
13224157443
13224157451
13224157461
13224157462
13224157464
13224157481
13224157482
13224157483
13224157484
13224157492
13224157493
13224157494
13224157496
13224158130
13224158401
13224158403
13224158404
13224158410
13224158413
13224158414
13224158435
13224158453
13224158454
13224158470
13224158491
13224159401
13224159404
13224159412
13224159423
13224159436
13224159442
13224159443
13224159453
13224159461
13224159464
13224159471
13224159473
13224159474
13224159475
13224159482
13224159483
13224159484
13234150394
13234150431
13234150436
13234150446
13234150447
13234150461
13234150471
13234150480
13234150484
13234150494
13234150615
13234150830
13234150944
13234151403
13234151404
13234151405
13234151426
13234151437
13234151442
13234151443
13234151446
13234151460
13234151464
13234151471
13234151472
13234151474
13234151485
13234151492
13234152394
13234152402
13234152403
13234152404
13234152420
13234152440
13234152443
13234152445
13234152447
13234152470
13234152471
13234152490
13234152492
13234152494
13234152644
13234153402
13234153431
13234153481
13234153494
13234153984
13234154031
13234154204
13234154340
13234154364
13234154374
13234154407
13234154461
13234154594
13234154624
13234154704
13234154740
13234154871
13234154914
13234154942
13234155394
13234155401
13234155412
13234155420
13234155424
13234155429
13234155434
13234155463
13234155472
13234155474
13234156402
13234156403
13234156404
13234156414
13234156417
13234156434
13234156440
13234156441
13234156443
13234156471
13234156472
13234156474
13234156482
13234156484
13234156490
13234156492
13234156583
13234157401
13234157402
13234157403
13234157406
13234157409
13234157414
13234157419
13234157420
13234157421
13234157434
13234157435
13234157441
13234157442
13234157443
13234157445
13234157452
13234157461
13234157463
13234157470
13234157480
13234157481
13234157482
13234157491
13234157493
13234157494
13234158210
13234158394
13234158406
13234158409
13234158412
13234158413
13234158421
13234158424
13234158426
13234158429
13234158430
13234158434
13234158436
13234158437
13234158441
13234158449
13234158461
13234158462
13234158464
13234158465
13234158467
13234158470
13234158494
13234159403
13234159412
13234159424
13234159454
13234159462
13234159463
13234159464
13234159467
13234159473
13234159484
13234250394
13234250407
13234250416
13234250426
13234250431
13234250451
13234250452
13234250453
13234250454
13234250457
13234250464
13234250471
13234250484
13234250492
13234250493
13234250497
13234251402
13234251421
13234251424
13234251429
13234251434
13234251436
13234251443
13234251445
13234251446
13234251454
13234251463
13234251469
13234251471
13234251474
13234251475
13234251480
13234251481
13234251485
13234251490
13234251492
13234251494
13234251496
13234252394
13234252401
13234252407
13234252412
13234252414
13234252431
13234252437
13234252446
13234252450
13234252454
13234252463
13234252464
13234252471
13234252472
13234252473
13234252481
13234252483
13234252494
13234253401
13234253404
13234253406
13234253431
13234253462
13234253463
13234253464
13234253474
13234253483
13234253491
13234253492
13234253494
13234253782
13234254024
13234254084
13234254124
13234254191
13234254384
13234254394
13234254412
13234254472
13234254614
13234254641
13234254694
13234254704
13234254741
13234254742
13234254841
13234254942
13234254973
13234255394
13234255403
13234255406
13234255410
13234255412
13234255413
13234255416
13234255424
13234255472
13234255484
13234255492
13234256394
13234256401
13234256402
13234256410
13234256415
13234256420
13234256439
13234256441
13234256442
13234256445
13234256448
13234256471
13234256474
13234256491
13234256493
13234257394
13234257403
13234257404
13234257410
13234257417
13234257421
13234257434
13234257436
13234257443
13234257452
13234257454
13234257460
13234257461
13234257491
13234257492
13234257494
13234257495
13234258344
13234258394
13234258401
13234258404
13234258410
13234258423
13234258424
13234258431
13234258437
13234258443
13234258446
13234258449
13234258451
13234258461
13234258462
13234258463
13234258474
13234258476
13234258481
13234258483
13234259403
13234259412
13234259416
13234259426
13234259427
13234259430
13234259435
13234259441
13234259451
13234259453
13234259474
13234259475
13234259482
13234259484
13234259490
13234259491
13234260437
13234260443
13234260446
13234260447
13234260461
13234260463
13234260465
13234260471
13234260480
13234260590
13234261405
13234261409
13234261417
13234261420
13234261427
13234261431
13234261434
13234261442
13234261445
13234261449
13234261450
13234261452
13234261453
13234261470
13234261472
13234261473
13234261476
13234261480
13234261481
13234261482
13234261483
13234261492
13234262412
13234262431
13234262446
13234262472
13234262474
13234262903
13234263417
13234263420
13234263482
13234264013
13234264014
13234264415
13234264483
13234264524
13234264574
13234264613
13234264745
13234264754
13234264809
13234264810
13234264894
13234264904
13234264934
13234264941
13234264954
13234265394
13234265473
13234265484
13234266461
13234266490
13234267402
13234267403
13234267404
13234267412
13234267414
13234267417
13234267421
13234267440
13234267453
13234267454
13234267462
13234267471
13234267491
13234267492
13234268162
13234268410
13234268460
13234268476
13234269440
13234269484
13236974054
13236974105
13236974124
13236974205
13236974264
13236974412
13236974464
13236974481
13236974541
13236974594
13236974614
13236974643
13236974684
13236974724
13236974762
13236974764
13236974792
13236978244
13236978544
13236984364
13236984413
13236984461
13236984471
13236984594
13236984714
13236984743
13236984752
13236984791
13236984854
13236984924
13236984932
13236984954
13236989435
13236989445
13236989454
13236989462
13236989464
13236989482
13238150844
13238153744
13238154024
13238154031
13238154034
13238154054
13238154143
13238154204
13238154240
13238154241
13238154254
13238154279
13238154301
13238154341
13238154352
13238154384
13238154409
13238154431
13238154471
13238154483
13238154594
13238154614
13238154641
13238154724
13238154745
13238154804
13238154831
13238154834
13238154841
13238154843
13238154854
13238154873
13238156944
13238250431
13238250435
13238250454
13238250464
13238250471
13238251723
13238254034
13238254072
13238254104
13238254134
13238254140
13238254249
13238254251
13238254264
13238254274
13238254304
13238254314
13238254354
13238254413
13238254421
13238254431
13238254463
13238254471
13238254473
13238254483
13238254484
13238254534
13238254604
13238254634
13238254684
13238254715
13238254734
13238254736
13238254764
13238254831
13238254914
13238254934
13238256930
13238257244
13238258573
13274150152
13274150216
13274150232
13274150261
13274150271
13274150293
13274150362
13274150372
13274150394
13274150403
13274150407
13274150434
13274150441
13274150442
13274150446
13274150449
13274150454
13274150461
13274150462
13274150471
13274150492
13274150494
13274150637
13274150672
13274150760
13274150830
13274150857
13274150859
13274150875
13274151051
13274151067
13274151069
13274151086
13274151096
13274151097
13274151197
13274151261
13274151361
13274151372
13274151393
13274151397
13274151402
13274151410
13274151434
13274151463
13274151464
13274151474
13274151476
13274151480
13274151481
13274151482
13274151484
13274151491
13274151494
13274151535
13274151630
13274151637
13274151638
13274151679
13274151682
13274151692
13274151744
13274151750
13274151751
13274151752
13274151756
13274151762
13274151792
13274151803
13274151872
13274151892
13274151901
13274151902
13274151925
13274151928
13274151935
13274151960
13274151962
13274152105
13274152159
13274152180
13274152187
13274152217
13274152291
13274152309
13274152350
13274152352
13274152386
13274152391
13274152404
13274152412
13274152419
13274152421
13274152430
13274152436
13274152450
13274152451
13274152452
13274152453
13274152454
13274152461
13274152471
13274152474
13274152476
13274152481
13274152482
13274152483
13274152491
13274152492
13274152493
13274152494
13274152497
13274152501
13274152506
13274152519
13274152523
13274152573
13274152583
13274152609
13274152631
13274152635
13274152750
13274152823
13274152870
13274152892
13274152893
13274152905
13274152952
13274152960
13274152982
13274153105
13274153121
13274153152
13274153182
13274153205
13274153236
13274153250
13274153262
13274153279
13274153290
13274153351
13274153402
13274153414
13274153417
13274153424
13274153446
13274153447
13274153461
13274153463
13274153470
13274153472
13274153473
13274153474
13274153481
13274153482
13274153484
13274153491
13274153562
13274153585
13274153612
13274153631
13274153650
13274153656
13274153661
13274153782
13274153783
13274153795
13274153797
13274153810
13274153815
13274153832
13274153853
13274153858
13274153871
13274153872
13274153891
13274153911
13274153921
13274153930
13274153962
13274153967
13274153982
13274154031
13274154074
13274154104
13274154124
13274154174
13274154184
13274154194
13274154214
13274154314
13274154391
13274154421
13274154430
13274154463
13274154574
13274154584
13274154594
13274154614
13274154624
13274154701
13274154714
13274154760
13274154761
13274154792
13274154803
13274154824
13274154874
13274154903
13274154904
13274154913
13274154932
13274154934
13274154943
13274154952
13274154974
13274154984
13274155038
13274155039
13274155067
13274155101
13274155163
13274155181
13274155230
13274155235
13274155290
13274155303
13274155379
13274155402
13274155404
13274155410
13274155413
13274155420
13274155421
13274155430
13274155462
13274155473
13274155474
13274155484
13274155492
13274155493
13274155603
13274155681
13274155727
13274155783
13274155809
13274155857
13274155932
13274155935
13274156052
13274156062
13274156063
13274156081
13274156091
13274156152
13274156156
13274156173
13274156182
13274156193
13274156260
13274156271
13274156283
13274156302
13274156320
13274156370
13274156371
13274156394
13274156402
13274156403
13274156404
13274156410
13274156412
13274156413
13274156414
13274156421
13274156424
13274156430
13274156451
13274156459
13274156461
13274156463
13274156473
13274156474
13274156479
13274156492
13274156493
13274156501
13274156513
13274156523
13274156731
13274156760
13274156762
13274156763
13274156792
13274156853
13274156891
13274156892
13274156905
13274156907
13274156932
13274156973
13274157031
13274157052
13274157097
13274157190
13274157202
13274157282
13274157291
13274157293
13274157316
13274157319
13274157351
13274157352
13274157391
13274157392
13274157394
13274157398
13274157405
13274157406
13274157419
13274157424
13274157430
13274157434
13274157441
13274157442
13274157454
13274157462
13274157463
13274157469
13274157471
13274157482
13274157494
13274157502
13274157536
13274157560
13274157593
13274157630
13274157638
13274157687
13274157693
13274157730
13274157812
13274157813
13274157852
13274157862
13274157905
13274157930
13274157953
13274157973
13274157982
13274158013
13274158027
13274158052
13274158079
13274158082
13274158095
13274158097
13274158106
13274158125
13274158152
13274158163
13274158165
13274158171
13274158192
13274158198
13274158209
13274158217
13274158306
13274158307
13274158315
13274158350
13274158361
13274158372
13274158394
13274158397
13274158402
13274158404
13274158405
13274158407
13274158412
13274158413
13274158414
13274158417
13274158421
13274158425
13274158426
13274158427
13274158431
13274158435
13274158449
13274158452
13274158464
13274158470
13274158471
13274158474
13274158485
13274158490
13274158492
13274158537
13274158550
13274158571
13274158613
13274158620
13274158630
13274158632
13274158637
13274158650
13274158701
13274158710
13274158751
13274158792
13274158925
13274158953
13274158957
13274158960
13274158973
13274158975
13274159083
13274159172
13274159265
13274159267
13274159271
13274159273
13274159279
13274159283
13274159293
13274159351
13274159358
13274159361
13274159394
13274159403
13274159404
13274159410
13274159414
13274159423
13274159424
13274159431
13274159441
13274159442
13274159451
13274159462
13274159464
13274159473
13274159476
13274159482
13274159491
13274159513
13274159523
13274159581
13284152744
13284154014
13284154031
13284154094
13284154104
13284154149
13284154245
13284154264
13284154364
13284154374
13284154394
13284154485
13284154634
13284154640
13284154694
13284154704
13284154724
13284154753
13284154761
13284154841
13284154874
13284154894
13284154924
13284154941
13284154950
13284154964
13284154973
13284157091
15504159740
15504159774
15504159914
15542805071
15604254470
15604254514
15604254574
15604254692
15604254704
15604254724
15604254740
15604254754
15604254834
15604254912
15604254930
15604952944
15604954253
15604954384
15604954394
15604954493
15604954534
15604954601
15604954614
15604954674
15604954694
15604954701
15604954702
15604954704
15604954732
15604954764
15604954784
15604954852
15604954874
15604954924
15604954932
15604956044
15604957844
15604958413
15604958414
15604958415
15604958431
15604958451
15604958452
15604958461
15604958467
15604959404
15604959414
15604959424
15604959425
15604959430
15604959439
15604959454
15604959461
15641500494
15641502439
15641502464
15641502470
15641502471
15641502474
15641502484
15641503144
15641503407
15641503491
15641504024
15641504071
15641504084
15641504162
15641504204
15641504214
15641504264
15641504274
15641504374
15641504384
15641504394
15641504493
15641504574
15641504604
15641504684
15641504704
15641504714
15641504734
15641504749
15641504754
15641504784
15641504794
15641504831
15641505424
15641505463
15641505474
15641505480
15641505494
15641506404
15641506414
15641506420
15641506441
15641506470
15641507412
15641507431
15641507434
15641507446
15641507453
15641507454
15641507461
15641507483
15641508419
15641508421
15641508424
15641508454
15641508475
15641509402
15641509404
15641509407
15641509430
15641509462
15641509483
15641510426
15641510481
15641510491
15641511436
15641511462
15641511464
15641511473
15641512443
15641512472
15641512483
15641513464
15641513474
15641514194
15641514274
15641514384
15641514394
15641514574
15641514694
15641514764
15641514824
15641514864
15641514894
15641515463
15641516414
15641516421
15641516425
15641516452
15641516486
15641516492
15641516493
15641517401
15641517402
15641517412
15641517431
15641517436
15641517480
15641518403
15641518413
15641518416
15641518431
15641518473
15641519401
15641519423
15641519440
15641520473
15641521421
15641521431
15641521453
15641521473
15641521474
15641521484
15641521491
15641522454
15641522465
15641522473
15641522476
15641522482
15641522495
15641522497
15641523403
15641523417
15641523442
15641523492
15641523493
15641525401
15641525403
15641525407
15641525424
15641525441
15641525442
15641525472
15641525473
15641526430
15641526451
15641526483
15641526492
15641527401
15641527416
15641527434
15641527437
15641527451
15641527461
15641527471
15641528410
15641528450
15641528454
15641528461
15641528464
15641528476
15641529431
15641529442
15641529443
15641529447
15641529462
15641529471
15641529474
15641529482
15641529491
15641530414
15641530436
15641530442
15641530461
15641530472
15641530473
15641530474
15641531405
15641531427
15641531462
15641531476
15641532443
15641532453
15641532462
15641532481
15641532486
15641532491
15641533491
15641533650
15641533821
15641533857
15641535410
15641535414
15641535417
15641535442
15641535447
15641535470
15641535473
15641535744
15641536401
15641536402
15641536404
15641536410
15641536414
15641536423
15641536484
15641536490
15641536494
15641537144
15641537402
15641537420
15641537421
15641537434
15641537443
15641537461
15641537462
15641537471
15641537473
15641537484
15641537492
15641537494
15641538406
15641538410
15641538420
15641538431
15641538441
15641538442
15641538450
15641538462
15641538474
15641538493
15641539410
15641539417
15641539430
15641539441
15641539462
15641539463
15641539472
15641539473
15641539482
15641547619
15641547637
15641547683
15641547853
15641547902
15641547953
15641548052
15641548062
15641548073
15641548130
15641548201
15641548203
15641548252
15641548261
15641548265
15641548292
15641548371
15641548513
15641548531
15641548532
15641548580
15641548691
15641548736
15641549019
15641549032
15641549201
15641549210
15641549280
15641549283
15641549295
15641549296
15641549379
15641549526
15641549531
15641549536
15641549601
15641549621
15641549670
15641549687
15641549728
15641549802
15641550421
15641551403
15641551450
15641551492
15641552404
15641552413
15641552490
15641553441
15641553483
15641553484
15641557403
15641557413
15641557429
15641557431
15641557434
15641557460
15641557481
15641557494
15641558442
15641558463
15641558492
15641559417
15641559474
15641560454
15641560463
15641560471
15641560497
15641561431
15641561484
15641561494
15641562490
15641563401
15641564271
15641564351
15641564493
15641564504
15641564574
15641564634
15641564714
15641564724
15641564742
15641564784
15641564804
15641564870
15641564954
15641574064
15641574143
15641574184
15641574194
15641574212
15641574241
15641574274
15641574284
15641574305
15641574314
15641574340
15641574451
15641574491
15641574572
15641574584
15641574684
15641574784
15641574793
15641574901
15641574914
15641574924
15641584014
15641584051
15641584054
15641584074
15641584104
15641584241
15641584264
15641584274
15641584283
15641584354
15641584384
15641584403
15641584434
15641584452
15641584457
15641584461
15641584471
15641584472
15641584481
15641584524
15641584617
15641584674
15641584732
15641584746
15641584934
15641584940
15641584942
15641584954
15641584974
15641584984
15641594014
15641594143
15641594184
15641594192
15641594214
15641594274
15641594284
15641594294
15641594354
15641594364
15641594374
15641594480
15641594534
15641594614
15641594640
15641594704
15641594721
15641594752
15641594941
15668740162
15668740163
15668740165
15668740172
15668740175
15668740176
15668740181
15668740183
15668740212
15668740267
15668740282
15668740331
15668740352
15668740362
15668740363
15668740370
15668740371
15668740379
15668740582
15668740601
15668740653
15668740673
15668740685
15668740695
15668740697
15668740725
15668740726
15668740793
15668740832
15668740835
15668740850
15668740982
15668741059
15668741068
15668741078
15668741086
15668741173
15668741197
15668741215
15668741244
15668741260
15668741271
15668741276
15668741285
15668741305
15668741309
15668741350
15668741379
15668741382
15668741383
15668741509
15668741530
15668741531
15668741579
15668741591
15668741607
15668741631
15668741638
15668741692
15668741693
15668741720
15668741827
15668741926
15668741971
15668742052
15668742101
15668742156
15668742157
15668742207
15668742267
15668742320
15668742351
15668742361
15668742551
15668742562
15668742632
15668742650
15668742672
15668742712
15668742715
15668742721
15668742781
15668742783
15668742791
15668742802
15668742896
15668742902
15668742923
15668742951
15668742976
15668742985
15668743029
15668743056
15668743082
15668743101
15668743235
15668743238
15668743269
15668743297
15668743305
15668743306
15668743382
15668743538
15668743573
15668743575
15668743612
15668743630
15668743653
15668743670
15668743671
15668743682
15668743685
15668743709
15668743744
15668743760
15668743761
15668743793
15668743820
15668743822
15668743835
15668743871
15668743879
15668743913
15668743923
15668743928
15668743931
15668743937
15668743961
15668743963
15668743970
15668744052
15668744064
15668744274
15668744514
15668744594
15668744603
15668744653
15668744794
15668744804
15668744843
15668744914
15668745031
15668745107
15668745113
15668745130
15668745205
15668745256
15668745278
15668745302
15668745308
15668745312
15668745316
15668745319
15668745362
15668745379
15668745385
15668745612
15668745613
15668745632
15668745720
15668745725
15668745736
15668745762
15668745763
15668745780
15668745798
15668745807
15668745815
15668745832
15668745952
15668745961
15668745980
15668745981
15668746019
15668746061
15668746112
15668746195
15668746273
15668746301
15668746386
15668746502
15668746701
15668746715
15668746733
15668746735
15668746773
15668746790
15668746791
15668746798
15668746801
15668746807
15668746812
15668746821
15668746916
15668746972
15668746976
15668746983
15668747026
15668747028
15668747038
15668747059
15668747081
15668747095
15668747118
15668747152
15668747206
15668747226
15668747281
15668747336
15668747351
15668747386
15668747393
15668747502
15668747571
15668747579
15668747612
15668747697
15668747793
15668747807
15668747811
15668747829
15668747831
15668747919
15668747928
15668747932
15668747957
15668747961
15668748016
15668748017
15668748058
15668748059
15668748067
15668748072
15668748096
15668748101
15668748102
15668748122
15668748125
15668748130
15668748136
15668748179
15668748190
15668748203
15668748219
15668748235
15668748251
15668748261
15668748263
15668748306
15668748308
15668748312
15668748320
15668748326
15668748337
15668748350
15668748363
15668748391
15668748502
15668748512
15668748513
15668748519
15668748551
15668748603
15668748633
15668748709
15668748925
15668748980
15668749053
15668749083
15668749107
15668749157
15668749273
15668749305
15668749306
15668749312
15668749327
15668749330
15668749362
15668749375
15668749382
15668749501
15668749502
15668749506
15668749515
15668749516
15668749530
15668749531
15668749571
15668749572
15668749603
15668749609
15668749621
15668749626
15668749637
15668749652
15668749653
15668749658
15668749683
15668749702
15668749712
15668749721
15668749725
15668749728
15668749807
15668749830
15668749832
15668749850
15668749852
15668749857
15668840136
15668840137
15668840157
15668840160
15668840172
15668840238
15668840251
15668840259
15668840271
15668840275
15668840350
15668840357
15668840385
15668840391
15668840392
15668840393
15668840552
15668840593
15668840595
15668840607
15668840612
15668840621
15668840681
15668840712
15668840729
15668840732
15668840739
15668840761
15668840792
15668840795
15668840902
15668840923
15668840952
15668841030
15668841067
15668841205
15668841290
15668841301
15668841302
15668841309
15668841350
15668841372
15668841375
15668841530
15668841582
15668841619
15668841685
15668841703
15668841708
15668841710
15668841750
15668841801
15668841802
15668841821
15668841839
15668841852
15668841873
15668841892
15668841895
15668841901
15668841932
15668841935
15668841937
15668841951
15668841971
15668842127
15668842137
15668842287
15668842361
15668842518
15668842570
15668842576
15668842612
15668842659
15668842673
15668842690
15668842721
15668842735
15668842751
15668842761
15668842762
15668842801
15668842810
15668842905
15668842921
15668842962
15668842965
15668842967
15668842970
15668842982
15668843023
15668843069
15668843072
15668843085
15668843089
15668843091
15668843101
15668843106
15668843153
15668843157
15668843178
15668843190
15668843207
15668843231
15668843290
15668843310
15668843360
15668843501
15668843506
15668843509
15668843603
15668843613
15668843620
15668843623
15668843632
15668843756
15668843962
15668843965
15668843981
15668844647
15668845026
15668845027
15668845057
15668845095
15668845096
15668845170
15668845182
15668845191
15668845235
15668845273
15668845292
15668845305
15668845901
15668845908
15668845965
15668846150
15668846176
15668846215
15668846250
15668846256
15668846293
15668846307
15668846329
15668846351
15668846376
15668846396
15668847023
15668847027
15668847035
15668847053
15668847081
15668847109
15668847125
15668847150
15668847153
15668848013
15668848016
15668848026
15668848031
15668848082
15668848157
15668848171
15668848192
15668848203
15668848207
15668848252
15668848270
15668848271
15668848315
15668848320
15668848357
15668848379
15668848393
15668848513
15668848526
15668848538
15668848539
15668848596
15668848623
15668848625
15668848653
15668848691
15668848737
15668848926
15668849017
15668849025
15668849032
15668849081
15668849095
15668849165
15668849175
15668849176
15668849187
15668849212
15668849218
15668849270
15668849273
15668849276
15668849280
15668849308
15668849371
15668849387
15668849539
15668849609
15668849715
15694150231
15694150289
15694150379
15694150673
15694151053
15694151295
15694151351
15694151359
15694151376
15694151537
15694151610
15694151692
15694151710
15694151756
15694151762
15694151782
15694151793
15694151871
15694151872
15694152076
15694152107
15694152253
15694152305
15694152382
15694152385
15694152393
15694152501
15694152506
15694152531
15694152571
15694152573
15694152592
15694152670
15694152671
15694152673
15694152675
15694152681
15694152682
15694152697
15694152751
15694152780
15694152790
15694152810
15694152812
15694152825
15694152851
15694152925
15694152930
15694152931
15694152986
15694153013
15694153021
15694153087
15694153092
15694153095
15694153167
15694153230
15694153370
15694153631
15694153713
15694153729
15694153751
15694153795
15694153875
15694153913
15694153973
15694153981
15694154102
15694154174
15694154274
15694154304
15694154417
15694154437
15694154452
15694154457
15694154461
15694154464
15694154470
15694154471
15694154473
15694154474
15694154475
15694154491
15694154493
15694154524
15694154594
15694154603
15694154604
15694154614
15694154624
15694154640
15694154641
15694154674
15694154681
15694154684
15694154692
15694154712
15694154725
15694154734
15694154741
15694154754
15694154837
15694154851
15694154910
15694154912
15694154914
15694154941
15694154943
15694154947
15694154950
15694154954
15694154964
15694154974
15694155029
15694155095
15694155106
15694155163
15694155195
15694155203
15694155232
15694155262
15694155291
15694155316
15694155327
15694155367
15694155381
15694155386
15694155652
15694155683
15694155690
15694155693
15694155703
15694155731
15694155751
15694155753
15694155760
15694155762
15694155790
15694155826
15694155870
15694155872
15694155903
15694156030
15694156032
15694156037
15694156051
15694156231
15694156293
15694156312
15694156517
15694156539
15694156583
15694156586
15694156595
15694156803
15694156820
15694156872
15694156927
15694157013
15694157086
15694157092
15694157105
15694157186
15694157270
15694157320
15694157335
15694157352
15694157382
15694157397
15694157525
15694157683
15694157790
15694157802
15694157821
15694157851
15694157865
15694158013
15694158071
15694158172
15694158190
15694158230
15694158291
15694158319
15694158332
15694158365
15694158501
15694158575
15694158609
15694158621
15694158637
15694158793
15694158928
15694158973
15694159013
15694159023
15694159031
15694159035
15694159061
15694159116
15694159301
15694159326
15694159370
15694159372
15694159551
15694159670
15694159671
15694159681
15694159682
15694159717
15694159733
15694159802
15694159805
15694159806
15694159812
15694159823
15694159856
15694159873
15698974034
15698974041
15698974053
15698974064
15698974074
15698974130
15698974163
15698974214
15698974263
15698974284
15698974293
15698974304
15698974374
15698974406
15698974421
15698974452
15698974454
15698974531
15698974542
15698974571
15698974573
15698974591
15698974594
15698974643
15698974724
15698974732
15698974740
15698974782
15698974821
15698974861
15698974872
15698974874
16642500154
16642500174
16642500194
16642500271
16642500440
16642500470
16642500481
16642500494
16642500534
16642500584
16642500843
16642501074
16642501141
16642501247
16642501284
16642501294
16642501347
16642501407
16642501435
16642501442
16642501451
16642501471
16642501484
16642501504
16642501524
16642501534
16642501574
16642501641
16642501705
16642501724
16642501842
16642501894
16642501904
16642501941
16642502037
16642502064
16642502164
16642502174
16642502403
16642502412
16642502413
16642502414
16642502442
16642502447
16642502454
16642502474
16642502542
16642502564
16642502584
16642502634
16642502704
16642502741
16642502764
16642502814
16642502841
16642502844
16642502864
16642502874
16642502934
16642502943
16642503014
16642503143
16642503194
16642503204
16642503324
16642503374
16642503384
16642503402
16642503420
16642503464
16642503474
16642503482
16642503492
16642503514
16642503524
16642503541
16642503574
16642503634
16642503754
16642503784
16642503842
16642503942
16642503954
16642503983
16642504023
16642504024
16642504064
16642504071
16642504074
16642504094
16642504097
16642504103
16642504104
16642504134
16642504224
16642504274
16642504281
16642504284
16642504314
16642504334
16642504374
16642504394
16642504404
16642504434
16642504454
16642504464
16642504471
16642504474
16642504484
16642504513
16642504514
16642504554
16642504594
16642504601
16642504603
16642504604
16642504605
16642504607
16642504609
16642504610
16642504613
16642504614
16642504615
16642504616
16642504618
16642504620
16642504621
16642504623
16642504624
16642504627
16642504629
16642504631
16642504632
16642504634
16642504635
16642504636
16642504637
16642504638
16642504639
16642504640
16642504641
16642504643
16642504645
16642504648
16642504649
16642504650
16642504652
16642504653
16642504658
16642504670
16642504671
16642504673
16642504674
16642504675
16642504676
16642504679
16642504681
16642504682
16642504683
16642504684
16642504685
16642504691
16642504693
16642504694
16642504695
16642504697
16642504701
16642504702
16642504703
16642504704
16642504706
16642504708
16642504709
16642504712
16642504714
16642504717
16642504719
16642504720
16642504721
16642504723
16642504724
16642504725
16642504726
16642504727
16642504728
16642504729
16642504730
16642504734
16642504735
16642504736
16642504737
16642504738
16642504739
16642504740
16642504741
16642504742
16642504743
16642504745
16642504746
16642504748
16642504749
16642504751
16642504752
16642504753
16642504754
16642504756
16642504757
16642504758
16642504760
16642504761
16642504762
16642504763
16642504764
16642504767
16642504768
16642504770
16642504771
16642504772
16642504773
16642504774
16642504775
16642504781
16642504782
16642504783
16642504784
16642504785
16642504786
16642504790
16642504791
16642504792
16642504793
16642504794
16642504795
16642504797
16642504798
16642504801
16642504802
16642504803
16642504804
16642504806
16642504807
16642504808
16642504809
16642504810
16642504812
16642504813
16642504814
16642504815
16642504816
16642504817
16642504819
16642504820
16642504821
16642504823
16642504824
16642504825
16642504826
16642504829
16642504830
16642504831
16642504834
16642504837
16642504838
16642504840
16642504841
16642504843
16642504845
16642504846
16642504847
16642504849
16642504850
16642504851
16642504852
16642504853
16642504854
16642504857
16642504858
16642504859
16642504860
16642504862
16642504863
16642504867
16642504869
16642504870
16642504872
16642504874
16642504875
16642504892
16642504893
16642504894
16642504895
16642504896
16642504901
16642504902
16642504903
16642504904
16642504905
16642504910
16642504912
16642504913
16642504914
16642504915
16642504917
16642504921
16642504923
16642504924
16642504925
16642504926
16642504927
16642504928
16642504929
16642504930
16642504931
16642504932
16642504934
16642504935
16642504938
16642504940
16642504942
16642504943
16642504945
16642504946
16642504947
16642504948
16642504950
16642504951
16642504952
16642504954
16642504956
16642504958
16642504959
16642504960
16642504961
16642504962
16642504963
16642504964
16642504965
16642504967
16642504968
16642504970
16642504971
16642504972
16642504973
16642504974
16642504976
16642504978
16642504979
16642504980
16642504981
16642504982
16642504983
16642504984
16642504989
16642504993
16642505174
16642505194
16642505249
16642505264
16642505284
16642505294
16642505314
16642505324
16642505374
16642505394
16642505442
16642505446
16642505460
16642505462
16642505465
16642505472
16642505491
16642505492
16642505774
16642505874
16642505944
16642505974
16642506045
16642506048
16642506051
16642506084
16642506124
16642506134
16642506143
16642506145
16642506154
16642506243
16642506324
16642506342
16642506414
16642506421
16642506423
16642506446
16642506472
16642506473
16642506494
16642506497
16642506544
16642506584
16642506794
16642506841
16642506924
16642506942
16642506954
16642507041
16642507043
16642507048
16642507049
16642507064
16642507143
16642507147
16642507182
16642507193
16642507204
16642507214
16642507240
16642507243
16642507244
16642507245
16642507291
16642507332
16642507341
16642507342
16642507354
16642507381
16642507394
16642507404
16642507407
16642507408
16642507410
16642507413
16642507420
16642507434
16642507443
16642507446
16642507452
16642507459
16642507461
16642507471
16642507472
16642507482
16642507484
16642507487
16642507491
16642507514
16642507541
16642507584
16642507641
16642507647
16642507687
16642507696
16642507714
16642507734
17604152164
17604152184
17604152654
17614152442
17614153443
17614153620
17614154004
17614154043
17614154224
17614154334
17614154424
17614154434
17614154464
17614154484
17614155940
17614156149
17614156446
17614157447
17614158703
17614159197
17614159449
17614251191
17614251492
17614252206
17614252403
17614252573
17614257426
17614257453
17614257482
17614257491
17614258463
17614259431
17614259725
17624150134
17624150143
17624150144
17624150149
17624150174
17624150184
17624150194
17624150241
17624150264
17624150274
17624150294
17624150334
17624150347
17624150354
17624150364
17624150374
17624150384
17624150434
17624150449
17624150454
17624150474
17624150484
17624150534
17624150540
17624150546
17624150564
17624150594
17624150643
17624150647
17624150684
17624150724
17624150745
17624150754
17624150764
17624150784
17624150843
17624150854
17624150864
17624150894
17624150941
17624150945
17624150954
17624150974
17624151043
17624151054
17624151064
17624151094
17624151191
17624151241
17624151247
17624151340
17624151364
17624151404
17624151446
17624151454
17624151463
17624151464
17624151480
17624151481
17624151492
17624151604
17624151640
17624151643
17624151647
17624151674
17624151694
17624151740
17624151742
17624151745
17624151746
17624151754
17624151794
17624151804
17624151840
17624151841
17624151843
17624151847
17624151864
17624151894
17624151904
17624151914
17624151934
17624151940
17624151942
17624151943
17624151964
17624151974
17624152004
17624152049
17624152141
17624152146
17624152164
17624152194
17624152247
17624152404
17624152441
17624152474
17624152540
17624152542
17624152549
17624152564
17624152574
17624152594
17624152624
17624152647
17624152674
17624152684
17624152694
17624152724
17624152734
17624152740
17624152749
17624152764
17624152784
17624152794
17624152841
17624152842
17624152864
17624152874
17624152894
17624152904
17624152940
17624152942
17624152943
17624152944
17624152947
17624152964
17624152984
17624153014
17624153041
17624153042
17624153074
17624153084
17624153140
17624153143
17624153149
17624153241
17624153249
17624153264
17624153274
17624153294
17624153324
17624153343
17624153347
17624153354
17624153394
17624153402
17624153410
17624153414
17624153440
17624153442
17624153484
17624153494
17624153514
17624153524
17624153574
17624153584
17624153604
17624153614
17624153634
17624153643
17624153704
17624153734
17624153741
17624153743
17624153748
17624153784
17624153804
17624153824
17624153840
17624153842
17624153843
17624153846
17624153904
17624153924
17624153934
17624153940
17624153941
17624153942
17624153946
17624153947
17624153984
17624154004
17624154049
17624154054
17624154064
17624154074
17624154084
17624154104
17624154114
17624154164
17624154194
17624154224
17624154274
17624154284
17624154334
17624154364
17624154374
17624154394
17624154414
17624154424
17624154454
17624154464
17624154471
17624154474
17624154484
17624154554
17624154574
17624154584
17624154634
17624154640
17624154643
17624154664
17624154674
17624154684
17624154694
17624154740
17624154754
17624154774
17624154794
17624154804
17624154841
17624154843
17624154894
17624154914
17624154943
17624154964
17624154974
17624154984
17624155014
17624155041
17624155042
17624155046
17624155047
17624155049
17624155074
17624155084
17624155140
17624155148
17624155174
17624155184
17624155194
17624155247
17624155249
17624155284
17624155294
17624155394
17624155434
17624155445
17624155474
17624155491
17624155494
17624155614
17624155642
17624155643
17624155649
17624155684
17624155694
17624155714
17624155743
17624155754
17624155774
17624155804
17624155843
17624155864
17624155874
17624155894
17624155904
17624155934
17624155974
17624155984
17624156014
17624156024
17624156041
17624156043
17624156049
17624156054
17624156094
17624156134
17624156142
17624156144
17624156148
17624156149
17624156174
17624156194
17624156214
17624156241
17624156244
17624156274
17624156284
17624156304
17624156314
17624156340
17624156341
17624156342
17624156349
17624156354
17624156404
17624156410
17624156441
17624156446
17624156447
17624156471
17624156484
17624156491
17624156494
17624156514
17624156524
17624156584
17624156594
17624156641
17624156714
17624156742
17624156814
17624156834
17624156840
17624156841
17624156843
17624156845
17624156874
17624156924
17624156934
17624156940
17624156941
17624156942
17624156974
17624157014
17624157024
17624157034
17624157041
17624157042
17624157047
17624157094
17624157104
17624157141
17624157142
17624157143
17624157145
17624157148
17624157164
17624157194
17624157204
17624157214
17624157240
17624157241
17624157243
17624157244
17624157246
17624157247
17624157248
17624157254
17624157264
17624157341
17624157342
17624157354
17624157394
17624157404
17624157414
17624157424
17624157434
17624157442
17624157443
17624157447
17624157449
17624157452
17624157461
17624157464
17624157481
17624157484
17624157490
17624157514
17624157540
17624157541
17624157542
17624157547
17624157564
17624157640
17624157641
17624157642
17624157643
17624157644
17624157742
17624157784
17624157814
17624157824
17624157834
17624157840
17624157849
17624157874
17624157904
17624157924
17624157934
17624157943
17624157984
17624158014
17624158043
17624158047
17624158054
17624158124
17624158134
17624158140
17624158141
17624158142
17624158146
17624158149
17624158154
17624158164
17624158174
17624158184
17624158194
17624158204
17624158214
17624158240
17624158243
17624158245
17624158264
17624158294
17624158344
17624158349
17624158394
17624158404
17624158435
17624158440
17624158441
17624158442
17624158445
17624158448
17624158449
17624158471
17624159244
17624159449
17624159629
17624250354
17624250364
17624250394
17624250434
17624250584
17624250734
17624250742
17624250764
17624250954
17624250974
17624251064
17624251247
17624251264
17624251294
17624251462
17624251504
17624251594
17624251624
17624251634
17624251642
17624251694
17624251740
17624251741
17624251743
17624251749
17624251754
17624251794
17624251840
17624251842
17624252064
17624252164
17624252743
17624252804
17624252941
17624252943
17624252947
17624253014
17624253074
17624253149
17624253154
17624253164
17624253174
17624253264
17624253294
17624253494
17624253594
17624253614
17624253624
17624253642
17624253742
17624253843
17624253854
17624253864
17624253874
17624253904
17624253914
17624253942
17624253964
17624254034
17624254114
17624254164
17624254174
17624254194
17624254204
17624254224
17624254384
17624254402
17624254403
17624254404
17624254405
17624254406
17624254407
17624254408
17624254409
17624254412
17624254424
17624254434
17624254454
17624254464
17624254474
17624254484
17624254494
17624254554
17624254594
17624254664
17624254694
17624254704
17624254714
17624254904
17624255174
17624255934
17624255943
17624255964
17624256014
17624256034
17624256042
17624256043
17624256104
17624256142
17624256154
17624256247
17624256254
17624256274
17624256384
17624256394
17624256446
17624256734
17624256842
17624256874
17624257140
17624257214
17624257304
17624257314
17624257340
17624257354
17624257364
17624257394
17624257447
17624257614
17624257641
17624257814
17624257840
17624257914
17624257964
17624258041
17624258514
17624258594
17624258604
17624258624
17624258714
17624258734
17624258740
17624258914
17624258934
17624258943
17624259241
17624259314
17624259364
17624259449
17624259461
17624259574
17624259784
17624259842
17640460083
17640460344
17640461452
17640462791
17640462942
17640463144
17640463291
17640464802
17640464803
17640464804
17640464805
17640464812
17640464821
17640464824
17640464827
17640464830
17640464831
17640464834
17640464837
17640464850
17640464854
17640464859
17640464872
17640464874
17640464901
17640464904
17640464905
17640464914
17640464917
17640464984
17640465004
17640465113
17640466873
17640466931
17640467044
17640467425
17640467544
17640468372
17640469301
17640469302
17640469471
17640469744
17640470754
17640470761
17640470775
17640470849
17640470975
17640473965
17640474124
17640474184
17640474284
17640474294
17640474324
17640474402
17640474403
17640474405
17640474407
17640474409
17640474410
17640474412
17640474464
17640474574
17640474984
17640475143
17640475384
17640475445
17640475473
17640475483
17640475640
17640475641
17640475684
17640475714
17640475742
17640475814
17640475904
17640475974
17640476024
17640476142
17640476274
17640476446
17640476743
17640476834
17640476843
17640476934
17640477264
17640477394
17640477904
17640478204
17640478403
17640478434
17640478448
17640478641
17640478714
17640479061
17640479154
17640479254
17640479274
17640479314
17640479341
17640479374
17640479449
17640479514
17640479643
17640479674
17640479724
17640479734
17641501744
17641503024
17641503041
17641503043
17641503054
17641503064
17641503074
17641503094
17641503104
17641503142
17641503144
17641503146
17641503148
17641503154
17641503174
17641503194
17641503244
17641503246
17641503247
17641503249
17641503294
17641503403
17641503414
17641503442
17641503470
17641503474
17641503481
17641503484
17641503490
17641503504
17641503514
17641503541
17641503547
17641503584
17641503594
17641503624
17641503642
17641503724
17641503743
17641503745
17641503754
17641503774
17641503794
17641503804
17641503841
17641503842
17641503874
17641503904
17641503924
17641503934
17641503940
17641503943
17641503954
17641503974
17641503984
17641504043
17641504104
17641504143
17641504173
17641504431
17641504436
17641504438
17641504503
17641504634
17641504649
17641504694
17641504745
17641504894
17641505142
17641505146
17641505242
17641505245
17641505247
17641505340
17641505348
17641505412
17641505414
17641505424
17641505462
17641505464
17641505471
17641505473
17641505475
17641505494
17641505740
17641505847
17641506042
17641506043
17641506143
17641506241
17641506244
17641506341
17641506404
17641506405
17641506419
17641506430
17641506435
17641506441
17641506442
17641506443
17641506447
17641506474
17641506740
17641506742
17641506749
17641506941
17641506943
17641506947
17641521407
17641521484
17641521491
17641526217
17641526235
17641526271
17641526281
17641526295
17641526301
17641526313
17641526331
17641526367
17641526380
17641526392
17641526503
17641526532
17641526552
17641526562
17641526580
17641526617
17641526637
17641526715
17641526719
17641526732
17641526757
17641526759
17641526763
17641526768
17641526796
17641526815
17641526820
17641526925
17641526926
17641526971
17641526972
17641527023
17641527097
17641527206
17641527269
17641527359
17641527361
17641527367
17641527369
17641527391
17641527398
17641527402
17641527461
17641527483
17641527538
17641527573
17641527580
17641527596
17641527601
17641527610
17641527620
17641527650
17641527652
17641527687
17641527692
17641527695
17641527721
17641527816
17641527835
17641527837
17641527912
17641527923
17641527962
17641527976
17641528035
17641528069
17641528075
17641528078
17641528103
17641528129
17641528191
17641528203
17641528257
17641528315
17641528317
17641528342
17641528387
17641528392
17641528507
17641528519
17641528538
17641528560
17641528610
17641528629
17641528632
17641528637
17641528705
17641528758
17641528915
17641528927
17641528951
17641528957
17641528972
17641528983
17641529035
17641529057
17641529067
17641529097
17641529129
17641529239
17641529257
17641529275
17641529283
17641529295
17641529331
17641529362
17641529365
17641529369
17641529376
17641529378
17641529379
17641529397
17641529530
17641529568
17641529601
17641529605
17641529679
17641529682
17641529712
17641529715
17641529732
17641529751
17641529785
17641529787
17641529810
17641529820
17641529851
17641529853
17641529861
17641529862
17641529936
17641531246
17641531249
17641531264
17641531401
17641531403
17641531405
17641531424
17641531440
17641531442
17641531446
17641531454
17641531461
17641531483
17641531484
17641531542
17641531549
17641531647
17641531649
17641531740
17641531745
17641531746
17641531748
17641531749
17641531840
17641531842
17641531843
17641531941
17641531944
17641531947
17641532049
17641532054
17641532064
17641532142
17641532146
17641532164
17641532174
17641532184
17641532194
17641532304
17641532364
17641532394
17641532404
17641532407
17641532413
17641532437
17641532454
17641532461
17641532464
17641532471
17641532473
17641532474
17641532475
17641532484
17641532493
17641532494
17641532495
17641532541
17641532542
17641532574
17641532640
17641532641
17641532643
17641532649
17641532724
17641532734
17641532740
17641532741
17641532746
17641532764
17641532794
17641532804
17641532814
17641532834
17641532841
17641532842
17641532847
17641532854
17641532864
17641532874
17641532904
17641532914
17641532934
17641532940
17641532954
17641532974
17641534034
17641534274
17641534574
17641534741
17641535041
17641535042
17641535043
17641535044
17641535046
17641535140
17641535142
17641535247
17641535249
17641535404
17641535464
17641535470
17641535493
17641535496
17641535742
17641535746
17641535842
17641535844
17641535845
17641535940
17641535941
17641535942
17641535943
17641537043
17641537145
17641537147
17641537148
17641537240
17641537243
17641537244
17641537247
17641537341
17641537346
17641537401
17641537405
17641537413
17641537414
17641537420
17641537421
17641537431
17641537440
17641537452
17641537461
17641537462
17641537464
17641537470
17641537480
17641537492
17641537493
17641537494
17641537540
17641537541
17641537640
17641537643
17641537644
17641537649
17641537945
17641539042
17641539043
17641539047
17641539142
17641539143
17641539146
17641539147
17641539241
17641539243
17641539245
17641539247
17641539341
17641539342
17641539402
17641539404
17641539414
17641539424
17641539435
17641539436
17641539450
17641539454
17641539471
17641539540
17641539541
17641539542
17641539624
17641539642
17641539740
17641539746
17641539749
17641539754
17641539842
17641539846
17641540036
17641540041
17641540042
17641540147
17641540241
17641540244
17641540644
17641540844
17641541944
17641542445
17641542475
17641542484
17641542540
17641542644
17641542712
17641542824
17641542840
17641542849
17641542856
17641542961
17641543014
17641543048
17641543074
17641543104
17641543145
17641543274
17641543285
17641543744
17641543844
17641546244
17641560103
17641560104
17641560105
17641560106
17641560107
17641560109
17641560112
17641560113
17641560114
17641560115
17641560119
17641560120
17641560122
17641560124
17641560126
17641560127
17641560128
17641560130
17641560131
17641560132
17641560134
17641560135
17641560136
17641560137
17641560138
17641560139
17641560140
17641560141
17641560142
17641560143
17641560145
17641560146
17641560147
17641560148
17641560149
17641560150
17641560152
17641560153
17641560154
17641560156
17641560157
17641560158
17641560161
17641560162
17641560164
17641560165
17641560167
17641560169
17641560170
17641560171
17641560173
17641560174
17641560175
17641560178
17641560180
17641560181
17641560182
17641560183
17641560184
17641560185
17641560187
17641560191
17641560192
17641560194
17641560196
17641560198
17641560205
17641560206
17641560208
17641560210
17641560211
17641560213
17641560214
17641560215
17641560217
17641560218
17641560219
17641560223
17641560225
17641560226
17641560230
17641560231
17641560232
17641560235
17641560236
17641560237
17641560238
17641560239
17641560240
17641560241
17641560242
17641560243
17641560244
17641560245
17641560246
17641560247
17641560248
17641560249
17641560250
17641560251
17641560252
17641560253
17641560254
17641560255
17641560256
17641560257
17641560258
17641560259
17641560260
17641560261
17641560262
17641560263
17641560264
17641560265
17641560268
17641560270
17641560271
17641560273
17641560274
17641560275
17641560276
17641560279
17641560280
17641560281
17641560282
17641560283
17641560284
17641560286
17641560290
17641560292
17641560293
17641560294
17641560295
17641560296
17641560298
17641560301
17641560308
17641560309
17641560310
17641560311
17641560314
17641560315
17641560316
17641560317
17641560318
17641560319
17641560320
17641560325
17641560328
17641560332
17641560334
17641560336
17641560337
17641560338
17641560340
17641560341
17641560342
17641560343
17641560344
17641560346
17641560347
17641560348
17641560349
17641560350
17641560351
17641560352
17641560353
17641560354
17641560358
17641560359
17641560360
17641560361
17641560362
17641560363
17641560364
17641560365
17641560367
17641560368
17641560370
17641560371
17641560372
17641560374
17641560375
17641560376
17641560379
17641560380
17641560381
17641560382
17641560383
17641560385
17641560386
17641560387
17641560391
17641560392
17641560393
17641560394
17641560395
17641560397
17641560398
17641560401
17641560402
17641560403
17641560405
17641560406
17641560408
17641560409
17641560410
17641560412
17641560413
17641560414
17641560416
17641560417
17641560418
17641560419
17641560420
17641560421
17641560422
17641560424
17641560425
17641560427
17641560428
17641560429
17641560430
17641560431
17641560433
17641560434
17641560435
17641560436
17641560437
17641560438
17641560439
17641560440
17641560441
17641560442
17641560445
17641560446
17641560447
17641560448
17641560449
17641560450
17641560451
17641560452
17641560454
17641560457
17641560458
17641560459
17641560460
17641560461
17641560462
17641560463
17641560464
17641560465
17641560467
17641560468
17641560469
17641560470
17641560471
17641560472
17641560473
17641560474
17641560475
17641560476
17641560477
17641560478
17641560479
17641560480
17641560481
17641560482
17641560483
17641560484
17641560485
17641560486
17641560487
17641560489
17641560490
17641560491
17641560492
17641560493
17641560494
17641560495
17641560496
17641560497
17641560498
17641560501
17641560502
17641560503
17641560504
17641560507
17641560510
17641560512
17641560514
17641560515
17641560517
17641560518
17641560519
17641560522
17641560523
17641560524
17641560525
17641560526
17641560528
17641560529
17641560530
17641560531
17641560532
17641560533
17641560534
17641560535
17641560536
17641560537
17641560538
17641560539
17641560540
17641560541
17641560542
17641560544
17641560546
17641560547
17641560548
17641560549
17641560551
17641560552
17641560553
17641560554
17641560557
17641560559
17641560560
17641560561
17641560562
17641560563
17641560564
17641560568
17641560569
17641560570
17641560571
17641560572
17641560573
17641560574
17641560575
17641560576
17641560578
17641560580
17641560581
17641560582
17641560583
17641560584
17641560585
17641560586
17641560587
17641560589
17641560590
17641560591
17641560592
17641560593
17641560594
17641560595
17641560596
17641560597
17641560598
17641560601
17641560602
17641560603
17641560604
17641560607
17641560610
17641560611
17641560612
17641560613
17641560614
17641560615
17641560617
17641560618
17641560619
17641560620
17641560621
17641560622
17641560623
17641560624
17641560625
17641560627
17641560628
17641560629
17641560630
17641560631
17641560632
17641560633
17641560634
17641560635
17641560637
17641560638
17641560639
17641560640
17641560641
17641560642
17641560643
17641560644
17641560645
17641560646
17641560647
17641560648
17641560649
17641560650
17641560651
17641560652
17641560653
17641560654
17641560657
17641560659
17641560670
17641560671
17641560672
17641560673
17641560674
17641560675
17641560676
17641560679
17641560680
17641560681
17641560682
17641560683
17641560684
17641560685
17641560687
17641560689
17641560690
17641560691
17641560692
17641560693
17641560694
17641560695
17641560696
17641560697
17641560698
17641560701
17641560702
17641560703
17641560704
17641560706
17641560709
17641560711
17641560712
17641560714
17641560715
17641560717
17641560718
17641560719
17641560720
17641560721
17641560723
17641560724
17641560725
17641560726
17641560727
17641560728
17641560729
17642501321
17642503544
17642503744
17642504613
17642504705
17642504751
17642504764
17642504854
17642504894
17642505134
17642505142
17642505148
17642505174
17642505194
17642505243
17642505247
17642505294
17642505340
17642505349
17642505374
17642505384
17642505414
17642505424
17642505464
17642505471
17642505481
17642505484
17642505493
17642505494
17642505584
17642505640
17642505645
17642505714
17642505734
17642505740
17642505742
17642505754
17642505764
17642505804
17642505841
17642505842
17642505864
17642505874
17642505924
17642505934
17642505941
17642505943
17642505944
17642506014
17642506034
17642506041
17642506094
17642506124
17642506143
17642506145
17642506154
17642506184
17642506214
17642506241
17642506284
17642506304
17642506341
17642506342
17642506346
17642506374
17642506384
17642506394
17642506404
17642506413
17642506414
17642506421
17642506424
17642506431
17642506437
17642506441
17642506473
17642506474
17642506484
17642506492
17642506494
17642506514
17642506584
17642506704
17642506724
17642506734
17642506740
17642506741
17642506742
17642506749
17642506754
17642506794
17642506814
17642506824
17642506841
17642506854
17642506904
17642506914
17642506924
17642506942
17642506954
17642506964
17642507014
17642507034
17642507049
17642507064
17642507094
17642507104
17642507124
17642507140
17642507141
17642507142
17642507143
17642507149
17642507154
17642507204
17642507242
17642507245
17642507247
17642507314
17642507340
17642507341
17642507364
17642507402
17642507404
17642507405
17642507410
17642507430
17642507434
17642507443
17642507454
17642507464
17642507471
17642507491
17642507493
17642507494
17642507514
17642507524
17642507542
17642507554
17642507584
17642507614
17642507624
17642507640
17642507641
17642507642
17642507643
17642507647
17642507674
17642507694
17642507742
17642507754
17642507814
17642507842
17642507845
17642507854
17642507904
17642507924
17642507934
17642507943
17642507944
17642508041
17642508042
17642508064
17642508134
17642508141
17642508142
17642508143
17642508146
17642508147
17642508174
17642508194
17642508240
17642508241
17642508243
17642508249
17642508254
17642508264
17642508274
17642508294
17642508314
17642508340
17642508342
17642508347
17642508364
17642508374
17642508394
17642508401
17642508414
17642508434
17642508435
17642508441
17642508446
17642508451
17642508452
17642508454
17642508462
17642508465
17642508471
17642508474
17642508475
17642508514
17642508534
17642508541
17642508542
17642508544
17642508547
17642508614
17642508643
17642508644
17642508714
17642508724
17642508741
17642508745
17642508764
17642508904
17642509024
17642509034
17642509041
17642509047
17642509064
17642509084
17642509104
17642509124
17642509134
17642509143
17642509148
17642509154
17642509241
17642509242
17642509243
17642509244
17642509247
17642509254
17642509274
17642509324
17642509340
17642509341
17642509364
17642509374
17642509384
17642509404
17642509413
17642509414
17642509424
17642509430
17642509445
17642509453
17642509454
17642509461
17642509464
17642509465
17642509473
17642509474
17642509481
17642509504
17642509524
17642509534
17642509541
17642509542
17642509564
17642509584
17642509624
17642509634
17642509642
17642509674
17642509684
17642509734
17642509741
17642509742
17642509842
17642509843
17642509854
17642509864
17642510347
17642510463
17642512443
17642515472
17642515642
17642515742
17642515843
17642516241
17642516843
17642517284
17642520144
17642520164
17642520174
17642520184
17642520194
17642520247
17642520294
17642520346
17642520347
17642520381
17642520384
17642520394
17642520431
17642520434
17642520439
17642520441
17642520442
17642520443
17642520460
17642520462
17642520464
17642520473
17642520474
17642520480
17642520491
17642520492
17642520534
17642520564
17642520584
17642520594
17642520634
17642520641
17642520643
17642520644
17642520674
17642520692
17642520694
17642520744
17642520745
17642520749
17642520754
17642520784
17642520842
17642520847
17642520945
17642520954
17642520974
17642521041
17642521043
17642521054
17642521094
17642521141
17642521240
17642521264
17642521331
17642521340
17642521342
17642521349
17642521354
17642521364
17642521374
17642521384
17642521394
17642521407
17642521409
17642521430
17642521440
17642521443
17642521446
17642521451
17642521461
17642521463
17642521482
17642521491
17642521541
17642521542
17642521564
17642521574
17642521594
17642521634
17642521684
17642521704
17642521734
17642521742
17642521743
17642521749
17642521774
17642521834
17642521842
17642521843
17642521864
17642521914
17642521924
17642521943
17642522034
17642522040
17642522042
17642522047
17642522074
17642522084
17642522094
17642522104
17642522142
17642522149
17642522154
17642522164
17642522174
17642522314
17642522374
17642522394
17642522414
17642522431
17642522439
17642522461
17642522463
17642522481
17642522483
17642522484
17642522490
17642522493
17642522494
17642522534
17642522574
17642522645
17642522694
17642522714
17642522746
17642522754
17642522804
17642522814
17642522840
17642522841
17642522845
17642522847
17642522904
17642522944
17642522964
17642523014
17642523024
17642523041
17642523042
17642523048
17642523049
17642523084
17642523140
17642523147
17642523149
17642523154
17642523164
17642523174
17642523184
17642523194
17642523204
17642523241
17642523244
17642523245
17642523246
17642523247
17642523254
17642523274
17642523284
17642523406
17642523461
17642523471
17642523481
17642523482
17642523484
17642523491
17642523549
17642523574
17642523584
17642523614
17642523641
17642523642
17642523643
17642523674
17642523724
17642523740
17642523754
17642523784
17642523794
17642523804
17642523814
17642523824
17642523843
17642523844
17642523854
17642523894
17642523934
17642523940
17642523942
17642523944
17642523945
17642523946
17642523954
17642523964
17642523974
17642524037
17642524048
17642524082
17642524084
17642524145
17642524184
17642524194
17642524391
17642524417
17642524461
17642524480
17642524615
17642524630
17642524631
17642524673
17642524693
17642524762
17642524842
17642524920
17642524941
17642524944
17642524951
17642524974
17642524984
17642525034
17642525044
17642525047
17642525049
17642525074
17642525084
17642525134
17642525143
17642525144
17642525145
17642525384
17642525404
17642525407
17642525441
17642525473
17642525490
17642525604
17642525642
17642525644
17642525704
17642525714
17642525734
17642525742
17642525744
17642525784
17642525794
17642525804
17642525834
17642525841
17642525843
17642525874
17642525941
17642525942
17642525944
17642525964
17642525974
17642526041
17642526074
17642526084
17642526104
17642526134
17642526144
17642526146
17642526148
17642526149
17642526174
17642526194
17642526204
17642526244
17642526274
17642526304
17642526334
17642526340
17642526341
17642526343
17642526347
17642526374
17642526402
17642526407
17642526422
17642526434
17642526441
17642526447
17642526471
17642526472
17642526473
17642526494
17642526524
17642526534
17642526574
17642526594
17642526704
17642526714
17642526724
17642526734
17642526740
17642526741
17642526748
17642526749
17642526754
17642526794
17642526814
17642526824
17642526841
17642526842
17642526843
17642526874
17642526914
17642526934
17642526941
17642526954
17642526974
17642527034
17642527041
17642527042
17642527054
17642527084
17642527104
17642527134
17642527141
17642527142
17642527143
17642527145
17642527146
17642527149
17642527154
17642527164
17642527184
17642527194
17642527204
17642527241
17642527245
17642527247
17642527254
17642527264
17642527281
17642527284
17642529044
17642529144
17642529244
17642529644
18524154614
18524154764
18524155047
18524155146
18524155214
18524155249
18524155384
18524155394
18524155404
18524155414
18524155474
18524155494
18524155614
18524155624
18524155647
18524155714
18524155734
18524155764
18524155824
18524155849
18524155914
18524351749
18524352730
18524352904
18524353903
18524354051
18524354594
18524354854
18524356074
18524356384
18524356417
18524357494
18524357941
18524357944
18524358241
18524358743
18524359134
18524359743
18524360549
18524360642
18524360964
18524361384
18524361492
18524361724
18524362564
18524363294
18524364472
18524364740
18524364862
18524367214
18524368294
18524368624
18524369204
18604159472
18604953974
18604954514
18604954784
18624153954
18624154164
18624154194
18624154281
18641503964
18641514083
18641534074
18641534514
18641534541
18641540430
18641541457
18641544674
18641553974
18641554394
18641568453
18641569401
18641569403
18641569438
18641569453
18641569472
18641569492
18641574784
18641574794
18641574814
18641574824
18641574845
18641574904
18641574924
18641574945
18641583974
18641584064
18641584074
18641584104
18641584194
18641584243
18641584340
18642511462
18642513544
18642513942
18642513947
18642513964
18642513984
18642514214
18642514350
18642514473
18642514620
18642514784
18642514803
18642524308
18642524360
18642524473
18642524854
18642524892
18642524924
18642524964
18642525413
18642525476
18642525480
18642525494
18642526497
18642527459
18642527485
18642528404
18642528472
18642528497
18642554584
18642564514
18642564572
18642564702
18642564714
18642564734
18642584094
18642584174
18642584364
18642584693
18642584814