00594127746
13019671054
13019671542
13019671624
13019672184
13019672464
13019672614
13019673084
13019675740
13019676294
13019677214
13019677621
13019679354
13019689054
13030720491
13030720641
13030721154
13030721483
13030721847
13030722473
13030722674
13030723041
13030723174
13030723481
13030723814
13030723904
13030724642
13030724850
13030725493
13030725843
13030725921
13030726753
13030727941
13030728124
13030733942
13030734215
13030734671
13030735441
13030739024
13030739430
13030739461
13042650297
13042651420
13042651464
13042651467
13042651703
13042651824
13042651832
13042651840
13042651847
13042651872
13042652460
13042652743
13042652753
13042652763
13042653471
13042653481
13042653742
13042653952
13042654571
13042654601
13042654602
13042654702
13042654730
13042654732
13042654761
13042654851
13042654937
13042654971
13042655142
13050210864
13050211541
13050214153
13050214913
13050214961
13050214983
13050217492
13050219047
13050240343
13050240420
13050240465
13050240482
13050242461
13050242940
13050243242
13050243384
13050243404
13050243481
13050243491
13050243946
13050244791
13050245406
13050245437
13050245647
13050247148
13050247246
13050247421
13050247427
13050247740
13050247842
13050248043
13050248048
13050248194
13050248434
13050249046
13081350247
13081350421
13081350574
13081350754
13081351064
13081351074
13081351731
13081352140
13081352412
13081352774
13081352942
13081353140
13081353754
13081353843
13081354397
13081354631
13081354703
13081355304
13081355701
13081356974
13081357641
13081359054
13081359473
13081370153
13081373562
13081376031
13081380741
13081381342
13081381463
13081381541
13081389634
13104244904
13125546174
13130120497
13130142064
13130142094
13130142194
13130142364
13130142394
13130142451
13130142463
13130142493
13130142497
13130142542
13130142547
13130142604
13130142684
13130142704
13130142731
13130142794
13130142814
13130142841
13130142914
13130142951
13130142954
13130142975
13130143074
13130143164
13130143294
13130143547
13130143634
13130143640
13130143741
13130143742
13130143754
13130143794
13130143864
13130143874
13130143904
13130143954
13130143971
13130143974
13130144062
13130144164
13130144260
13130144271
13130144274
13130144291
13130144362
13130144371
13130144372
13130144374
13130144630
13130144631
13130144672
13130144701
13130144764
13130144794
13130144893
13130144954
13130145064
13130145074
13130145184
13130145304
13130145374
13130145392
13130145462
13130145470
13130145482
13130145624
13130145714
13130145814
13130145834
13130145873
13130145894
13130145904
13130145924
13130145942
13130145974
13130145984
13130146024
13130146042
13130146153
13130146214
13130146231
13130146254
13130146271
13130146294
13130146301
13130146304
13130146384
13130146437
13130146472
13130146487
13130146574
13130146741
13130146742
13130146794
13130146814
13130146850
13130146874
13130146954
13130146974
13130146984
13130147064
13130147091
13130147094
13130147104
13130147134
13130147284
13130147294
13130147361
13130147413
13130147514
13130147524
13130147532
13130147604
13130147624
13130147684
13130147694
13130147814
13130147864
13130147934
13130147984
13130148024
13130148041
13130148243
13130148314
13130148354
13130148364
13130148374
13130148472
13130148492
13130148497
13130148634
13130148641
13130148753
13130148954
13130148964
13130149051
13130149174
13130149241
13130149274
13130149275
13130149354
13130149364
13130149407
13130149453
13130149473
13130149541
13130149574
13130149614
13130149684
13130149724
13130149734
13130149743
13130149784
13130149834
13134145370
13190452980
13190453502
13190453562
13190456381
13190457563
13190458243
13190459542
13190460230
13190460247
13190460341
13190460364
13190460384
13190460421
13190460734
13190460754
13190460934
13190460943
13190461054
13190461094
13190461264
13190461274
13190461403
13190461464
13190461473
13190461547
13190461574
13190461584
13190461694
13190461704
13190461741
13190461743
13190462047
13190462049
13190462143
13190462247
13190462430
13190462473
13190462474
13190462491
13190462542
13190462547
13190462647
13190462704
13190462784
13190462794
13190462953
13190463087
13190463142
13190463294
13190463671
13190463894
13190463914
13190463924
13190463942
13190464072
13190464074
13190464124
13190464160
13190464174
13190464284
13190464294
13190464471
13190464584
13190464712
13190464834
13190464937
13190464943
13190465194
13190465314
13190465402
13190465441
13190465724
13190465731
13190465804
13190465874
13190465914
13190465924
13190465941
13190466142
13190466214
13190466247
13190466294
13190466497
13190466574
13190466804
13190466841
13190467194
13190467264
13190467341
13190467451
13190467514
13190467584
13190467604
13190467631
13190467724
13190467942
13190468254
13190468347
13190468410
13190468462
13190468731
13190468904
13190469204
13190469372
13190469434
13190469451
13190470053
13190470145
13190470154
13190470172
13190470194
13190470262
13190470273
13190470274
13190470294
13190470384
13190470403
13190470461
13190470471
13190470472
13190470492
13190470534
13190470547
13190470549
13190470571
13190470671
13190470684
13190470743
13190470843
13190470874
13190470924
13190470942
13190470954
13190471034
13190471042
13190471194
13190471254
13190471264
13190471304
13190471323
13190471354
13190471431
13190471454
13190471470
13190471479
13190471482
13190471494
13190471495
13190471497
13190471504
13190471542
13190471584
13190471624
13190471634
13190471647
13190471704
13190471746
13190471754
13190471794
13190471874
13190471934
13190471961
13190471974
13190472046
13190472047
13190472074
13190472091
13190472094
13190472145
13190472154
13190472254
13190472384
13190472391
13190472394
13190472419
13190472420
13190472431
13190472445
13190472451
13190472454
13190472464
13190472467
13190472473
13190472482
13190472504
13190472514
13190472542
13190472584
13190472604
13190472614
13190472617
13190472641
13190472645
13190472734
13190472748
13190472754
13190472774
13190472824
13190472834
13190472842
13190472874
13190472904
13190472914
13190472934
13190472941
13190472946
13190472954
13190472964
13190472984
13190473024
13190473041
13190473064
13190473094
13190473164
13190473174
13190473241
13190473254
13190473264
13190473274
13190473294
13190473364
13190473401
13190473472
13190473483
13190473492
13190473495
13190473514
13190473584
13190473614
13190473674
13190473684
13190473694
13190473714
13190473720
13190473741
13190473749
13190473874
13190473894
13190473904
13190473914
13190473974
13190474034
13190474061
13190474064
13190474072
13190474091
13190474124
13190474134
13190474137
13190474150
13190474172
13190474174
13190474183
13190474185
13190474194
13190474195
13190474203
13190474207
13190474241
13190474254
13190474263
13190474264
13190474271
13190474273
13190474274
13190474304
13190474312
13190474354
13190474361
13190474364
13190474372
13190474374
13190474384
13190474403
13190474467
13190474491
13190474510
13190474513
13190474514
13190474594
13190474604
13190474617
13190474634
13190474642
13190474674
13190474681
13190474691
13190474695
13190474721
13190474762
13190474764
13190474842
13190474854
13190474862
13190474894
13190474912
13190474924
13190474935
13190474952
13190474953
13190474954
13190474957
13190475074
13190475084
13190475094
13190475134
13190475164
13190475174
13190475264
13190475284
13190475324
13190475371
13190475401
13190475404
13190475413
13190475424
13190475437
13190475493
13190475614
13190475684
13190475704
13190475742
13190475770
13190475784
13190475794
13190475802
13190475814
13190475824
13190475843
13190475874
13190475904
13190475914
13190475934
13190475947
13190475962
13190476024
13190476074
13190476104
13190476124
13190476134
13190476140
13190476142
13190476194
13190476204
13190476240
13190476248
13190476273
13190476294
13190476314
13190476341
13190476374
13190476384
13190476423
13190476430
13190476483
13190476524
13190476584
13190476594
13190476714
13190476734
13190476741
13190476794
13190476814
13190476847
13190476874
13190476947
13190476974
13190477034
13190477041
13190477054
13190477084
13190477104
13190477184
13190477240
13190477264
13190477274
13190477342
13190477364
13190477394
13190477421
13190477431
13190477437
13190477462
13190477490
13190477504
13190477594
13190477614
13190477631
13190477634
13190477642
13190477814
13190477840
13190477843
13190477854
13190477914
13190477984
13190478034
13190478041
13190478052
13190478074
13190478104
13190478142
13190478174
13190478175
13190478194
13190478215
13190478240
13190478243
13190478247
13190478314
13190478346
13190478374
13190478375
13190478416
13190478431
13190478434
13190478435
13190478463
13190478487
13190478504
13190478534
13190478541
13190478594
13190478614
13190478641
13190478714
13190478754
13190478795
13190478914
13190478964
13190479064
13190479251
13190479254
13190479264
13190479265
13190479274
13190479304
13190479341
13190479354
13190479364
13190479374
13190479384
13190479407
13190479430
13190479431
13190479437
13190479447
13190479451
13190479482
13190479504
13190479514
13190479524
13190479547
13190479604
13190479631
13190479634
13190479644
13190479674
13190479714
13190479741
13190479743
13190479841
13190480054
13190480064
13190480104
13190480134
13190480142
13190480164
13190480174
13190480184
13190480194
13190480204
13190480224
13190480264
13190480274
13190480284
13190480294
13190480314
13190480324
13190480347
13190480361
13190480364
13190480374
13190480375
13190480384
13190480394
13190480434
13190480451
13190480454
13190480464
13190480474
13190480494
13190480504
13190480514
13190480524
13190480534
13190480549
13190480554
13190480564
13190480574
13190480584
13190480592
13190480594
13190480604
13190480614
13190480634
13190480643
13190480674
13190480684
13190480694
13190480704
13190480714
13190480724
13190480753
13190480764
13190480794
13190480834
13190480837
13190480841
13190480845
13190480852
13190480854
13190480864
13190480924
13190480931
13190480942
13190480954
13190480964
13190480974
13190480984
13190481014
13190481024
13190481034
13190481054
13190481057
13190481064
13190481074
13190481075
13190481084
13190481094
13190481104
13190481164
13190481247
13190481250
13190481264
13190481265
13190481267
13190481294
13190481341
13190481347
13190481354
13190481384
13190481394
13190481424
13190481434
13190481451
13190481452
13190481453
13190481454
13190481464
13190481472
13190481473
13190481474
13190481475
13190481482
13190481484
13190481485
13190481487
13190481494
13190481496
13190481497
13190481504
13190481524
13190481532
13190481534
13190481564
13190481584
13190481594
13190481614
13190481634
13190481642
13190481674
13190481684
13190481694
13190481697
13190481704
13190481714
13190481724
13190481734
13190481740
13190481743
13190481764
13190481784
13190481794
13190481804
13190481824
13190481843
13190481853
13190481854
13190481894
13190481904
13190481924
13190481974
13190482024
13190482047
13190482054
13190482064
13190482074
13190482094
13190482104
13190482114
13190482124
13190482134
13190482146
13190482154
13190482164
13190482174
13190482184
13190482194
13190482204
13190482264
13190482274
13190482294
13190482304
13190482314
13190482354
13190482364
13190482374
13190482384
13190482394
13190482404
13190482430
13190482431
13190482454
13190482463
13190482474
13190482484
13190482490
13190482494
13190482504
13190482524
13190482532
13190482534
13190482564
13190482574
13190482584
13190482594
13190482604
13190482614
13190482634
13190482654
13190482674
13190482694
13190482704
13190482710
13190482714
13190482724
13190482734
13190482752
13190482754
13190482764
13190482794
13190482804
13190482824
13190482834
13190482864
13190482894
13190482904
13190482924
13190482952
13190482954
13190482975
13190482984
13190483024
13190483034
13190483074
13190483081
13190483103
13190483104
13190483114
13190483134
13190483145
13190483154
13190483164
13190483174
13190483184
13190483194
13190483204
13190483224
13190483240
13190483264
13190483273
13190483279
13190483294
13190483304
13190483324
13190483364
13190483404
13190483407
13190483414
13190483424
13190483449
13190483464
13190483474
13190483482
13190483484
13190483494
13190483504
13190483514
13190483524
13190483541
13190483547
13190483564
13190483574
13190483594
13190483604
13190483617
13190483643
13190483645
13190483674
13190483704
13190483714
13190483724
13190483734
13190483754
13190483764
13190483794
13190483814
13190483824
13190483845
13190483854
13190483864
13190483894
13190483904
13190483914
13190483924
13190483953
13190483954
13190483964
13190483974
13190483984
13190484021
13190484024
13190484032
13190484034
13190484047
13190484053
13190484054
13190484057
13190484064
13190484071
13190484107
13190484114
13190484120
13190484124
13190484132
13190484134
13190484154
13190484160
13190484161
13190484162
13190484164
13190484174
13190484184
13190484190
13190484194
13190484214
13190484253
13190484264
13190484274
13190484275
13190484284
13190484291
13190484294
13190484314
13190484324
13190484372
13190484394
13190484412
13190484413
13190484424
13190484431
13190484434
13190484457
13190484461
13190484483
13190484493
13190484504
13190484514
13190484540
13190484574
13190484592
13190484593
13190484604
13190484607
13190484624
13190484634
13190484637
13190484674
13190484681
13190484682
13190484684
13190484702
13190484714
13190484720
13190484741
13190484742
13190484751
13190484753
13190484754
13190484762
13190484763
13190484784
13190484785
13190484794
13190484804
13190484814
13190484816
13190484824
13190484834
13190484851
13190484853
13190484854
13190484864
13190484873
13190484874
13190484894
13190484904
13190484914
13190484920
13190484930
13190484932
13190484934
13190484940
13190484954
13190484957
13190484962
13190484964
13190484974
13190484984
13190485004
13190485014
13190485024
13190485041
13190485049
13190485064
13190485074
13190485084
13190485094
13190485104
13190485114
13190485124
13190485134
13190485164
13190485174
13190485194
13190485247
13190485249
13190485264
13190485284
13190485320
13190485324
13190485364
13190485384
13190485390
13190485394
13190485403
13190485404
13190485414
13190485438
13190485453
13190485464
13190485474
13190485483
13190485484
13190485494
13190485524
13190485547
13190485574
13190485614
13190485624
13190485640
13190485641
13190485645
13190485684
13190485691
13190485694
13190485710
13190485724
13190485734
13190485740
13190485741
13190485743
13190485749
13190485754
13190485761
13190485762
13190485764
13190485774
13190485784
13190485793
13190485794
13190485803
13190485814
13190485824
13190485827
13190485834
13190485864
13190485874
13190485903
13190485904
13190485910
13190485914
13190485924
13190485934
13190485942
13190485964
13190485974
13190485984
13190486014
13190486024
13190486034
13190486064
13190486084
13190486092
13190486094
13190486104
13190486124
13190486134
13190486154
13190486164
13190486174
13190486194
13190486204
13190486207
13190486214
13190486239
13190486241
13190486243
13190486249
13190486254
13190486274
13190486283
13190486284
13190486294
13190486304
13190486307
13190486314
13190486324
13190486334
13190486374
13190486384
13190486394
13190486401
13190486402
13190486410
13190486413
13190486414
13190486421
13190486430
13190486439
13190486457
13190486470
13190486474
13190486475
13190486484
13190486492
13190486504
13190486514
13190486524
13190486554
13190486574
13190486584
13190486593
13190486594
13190486674
13190486704
13190486714
13190486724
13190486734
13190486742
13190486754
13190486764
13190486774
13190486794
13190486804
13190486814
13190486824
13190486834
13190486847
13190486854
13190486874
13190486894
13190486904
13190486924
13190486942
13190486947
13190486974
13190486984
13190487014
13190487024
13190487034
13190487045
13190487074
13190487082
13190487084
13190487094
13190487104
13190487125
13190487134
13190487154
13190487163
13190487164
13190487174
13190487184
13190487194
13190487196
13190487214
13190487224
13190487240
13190487245
13190487254
13190487264
13190487274
13190487283
13190487294
13190487302
13190487314
13190487341
13190487342
13190487354
13190487374
13190487385
13190487394
13190487403
13190487404
13190487410
13190487414
13190487435
13190487465
13190487473
13190487490
13190487492
13190487494
13190487524
13190487534
13190487574
13190487594
13190487604
13190487612
13190487614
13190487624
13190487634
13190487674
13190487684
13190487704
13190487724
13190487734
13190487742
13190487754
13190487764
13190487794
13190487804
13190487824
13190487834
13190487840
13190487864
13190487874
13190487904
13190487907
13190487914
13190487932
13190487941
13190487951
13190487954
13190487963
13190487964
13190487974
13190487984
13190488014
13190488034
13190488047
13190488054
13190488064
13190488074
13190488094
13190488114
13190488134
13190488141
13190488164
13190488194
13190488204
13190488214
13190488243
13190488264
13190488273
13190488274
13190488294
13190488314
13190488324
13190488340
13190488354
13190488364
13190488372
13190488374
13190488424
13190488427
13190488430
13190488435
13190488437
13190488454
13190488461
13190488472
13190488474
13190488504
13190488514
13190488542
13190488574
13190488612
13190488614
13190488624
13190488634
13190488674
13190488714
13190488724
13190488732
13190488740
13190488749
13190488754
13190488764
13190488794
13190488954
13190488964
13190489013
13190489014
13190489024
13190489034
13190489064
13190489074
13190489104
13190489124
13190489134
13190489135
13190489140
13190489154
13190489164
13190489173
13190489174
13190489184
13190489204
13190489205
13190489245
13190489247
13190489253
13190489254
13190489264
13190489273
13190489274
13190489302
13190489304
13190489307
13190489314
13190489342
13190489346
13190489354
13190489364
13190489384
13190489404
13190489407
13190489421
13190489424
13190489430
13190489434
13190489454
13190489474
13190489501
13190489514
13190489524
13190489534
13190489573
13190489574
13190489584
13190489602
13190489614
13190489634
13190489714
13190489732
13190489734
13190489754
13190489764
13190489774
13190489784
13190489794
13190489804
13190489814
13190489834
13190489854
13190489864
13190490141
13190490194
13190490264
13190490284
13190490294
13190490354
13190490391
13190490571
13190490647
13190490728
13190490762
13190490863
13190490973
13190491034
13190491064
13190491094
13190491104
13190491254
13190491265
13190491292
13190491374
13190491384
13190491454
13190491484
13190491491
13190491494
13190491495
13190491504
13190491530
13190491534
13190491624
13190491645
13190491654
13190491684
13190491694
13190491734
13190491745
13190491754
13190491794
13190491804
13190491874
13190491914
13190491984
13190492054
13190492064
13190492074
13190492114
13190492164
13190492194
13190492294
13190492394
13190492402
13190492404
13190492467
13190492474
13190492493
13190492504
13190492524
13190492534
13190492574
13190492594
13190492604
13190492634
13190492684
13190492714
13190492734
13190492743
13190492745
13190492804
13190492834
13190492850
13190492864
13190492904
13190492914
13190492941
13190492951
13190492954
13190492974
13190493014
13190493094
13190493114
13190493140
13190493145
13190493154
13190493164
13190493184
13190493204
13190493264
13190493294
13190493424
13190493491
13190493514
13190493574
13190493584
13190493604
13190493694
13190493742
13190493746
13190493764
13190493861
13190493864
13190493964
13190493974
13190493984
13190494014
13190494024
13190494047
13190494054
13190494061
13190494063
13190494064
13190494084
13190494104
13190494147
13190494164
13190494182
13190494183
13190494184
13190494203
13190494204
13190494214
13190494224
13190494264
13190494284
13190494295
13190494304
13190494314
13190494372
13190494374
13190494475
13190494481
13190494484
13190494524
13190494534
13190494537
13190494581
13190494584
13190494594
13190494694
13190494803
13190494813
13190494824
13190495024
13190495034
13190495062
13190495064
13190495104
13190495134
13190495141
13190495164
13190495274
13190495284
13190495324
13190495394
13190495464
13190495484
13190495491
13190495524
13190495574
13190495584
13190495624
13190495682
13190495703
13190495710
13190495713
13190495831
13190495943
13190495974
13190496042
13204260143
13204260164
13204260174
13204260294
13204260542
13204260594
13204260784
13204260864
13204260894
13204261042
13204261054
13204261274
13204261374
13204261474
13204261493
13204261547
13204261574
13204261634
13204261640
13204261642
13204261694
13204261744
13204261754
13204261762
13204261792
13204261794
13204261841
13204262064
13204262074
13204262174
13204262470
13204262494
13204262541
13204262574
13204262704
13204262714
13204262741
13204262763
13204262814
13204262854
13204262904
13204262940
13204262954
13204262964
13204263041
13204263074
13204263154
13204263164
13204263174
13204263184
13204263243
13204263284
13204263294
13204263410
13204263462
13204263504
13204263574
13204263592
13204263594
13204263704
13204263734
13204263741
13204263764
13204263820
13204263840
13204263874
13204263904
13204263924
13204263941
13204263954
13204263962
13204263974
13204264043
13204264072
13204264074
13204264154
13204264250
13204264274
13204264370
13204264394
13204264412
13204264574
13204264634
13204264694
13204264704
13204264731
13204264735
13204264740
13204264752
13204264764
13204264854
13204264871
13204264872
13204264873
13204264902
13204264905
13204264924
13204264963
13204264971
13204265094
13204265104
13204265124
13204265174
13204265264
13204265341
13204265394
13204265471
13204265472
13204265492
13204265497
13204265614
13204265704
13204265714
13204265734
13204265914
13204265924
13204265934
13204266041
13204266194
13204266274
13204266352
13204266374
13204266434
13204266472
13204266475
13204266594
13204266741
13204266753
13204266794
13204266814
13204267014
13204267052
13204267094
13204267124
13204267140
13204267164
13204267184
13204267204
13204267240
13204267305
13204268547
13204268943
13204268974
13204269524
15641430364
15641430472
15641430483
15641430487
15641430574
15641430641
15641430834
15641430974
15641431340
15641431407
15641431473
15641431482
15641438672
15694243904
15694244594
16604147453
16604147483
16604147814
16641400164
16641400384
16641400743
16641400941
16641401244
16641401371
16641401384
16641401684
16641401824
16641401854
16641401934
16641402154
16641402164
16641402504
16641402531
16641402584
16641402694
16641402714
16641402741
16641402784
16641402834
16641402894
16641402954
16641402964
16641402984
16641403047
16641403164
16641403174
16641403194
16641403440
16641403484
16641403491
16641403540
16641403584
16641403614
16641403641
16641403724
16641403753
16641403754
16641403761
16641403764
16641403794
16641403814
16641403874
16641403894
16641403914
16641403954
16641403974
16641404092
16641404254
16641404274
16641404294
16641404394
16641404620
16641404673
16641404702
16641404712
16641404734
16641404782
16641404932
16641404934
16641404984
16641405104
16641405164
16641405374
16641405394
16641405684
16641405694
16641405714
16641405794
16641405874
16641405904
16641405914
16641406124
16641406164
16641406174
16641406215
16641406241
16641406304
16641406431
16641406474
16641406491
16641406584
16641406724
16641407014
16641407041
16641407184
16641407194
16641407204
16641407341
16641407342
16641407364
16641407413
16641407534
16641407594
16641407641
16641407644
16641407814
16641407914
16641408142
16641408143
16641408194
16641408254
16641408304
16641408374
16641408375
16641408394
16641408410
16641408413
16641408461
16641408497
16641408524
16641408724
16641408734
16641408754
16641409074
16641409174
16641409214
16641409243
16641409284
16641409304
16641409340
16641409374
16641409434
16641409453
16641409674
16641409724
16641409732
16641409784
16641409824
17604140343
17604140764
17604141174
17604141267
17604141292
17604141320
17604141419
17604141463
17604141546
17604141649
17604141746
17604142420
17604142672
17604142694
17604142748
17604142851
17604143425
17604143834
17604145324
17604145412
17604145574
17604145713
17604146470
17604147442
17604244582
17614140362
17614140649
17614140774
17614140861
17614140862
17614141054
17614141573
17614141651
17614141820
17614142042
17614142265
17614142672
17614142741
17614142781
17614143240
17614143361
17614143510
17614143541
17614143574
17614143615
17614143784
17614144341
17614144675
17614146243
17614147082
17614147261
17614148402
17614148921
17614240446
17614240583
17614240672
17614240795
17614241497
17614241734
17614242193
17614242203
17614242416
17614242420
17614242430
17614242774
17614242831
17614242837
17614243384
17614243561
17614243775
17614244172
17614244235
17614244284
17614244735
17614244806
17614244942
17614248441
17624140024
17624140435
17624140532
17624140631
17624141253
17624144167
17624144527
17624144594
17624146721
17624146951
17624149342
17640450914
17640451653
18524141764
18524142750
18524143547
18524144954
18524146741
18524146984
18604244126
18604244621
18604244760
18604244928
18604245346
18604246204
18604246293
18604246934
18604247149
18604247416
18604249245
18641410335
18641410503
18641410516
18641410561
18641410597
18641410695
18641410894
18641411385
18641411631
18641412036
18641412207
18641412517
18641412702
18641412706
18641412707
18641412756
18641412867
18641412965
18641413017
18641413023
18641413053
18641413071
18641413082
18641413127
18641413152
18641413175
18641413206
18641413207
18641413256
18641413261
18641413285
18641413290
18641413424
18641413506
18641413526
18641413583
18641413590
18641413601
18641413659
18641413673
18641413719
18641413728
18641413729
18641413769
18641413790
18641413890
18641413923
18641413972
18641415037
18641415092
18641415139
18641415195
18641415261
18641415291
18641415350
18641415371
18641415374
18641415392
18641415397
18641415501
18641415590
18641415683
18641415702
18641415715
18641415738
18641415823
18641415910
18641415926
18641416071
18641416253
18641416259
18641416328
18641416329
18641416382
18641416570
18641416573
18641416725
18641416734
18641416739
18641416763
18641416773
18641416935
18641417057
18641417067
18641417132
18641417359
18641417463
18641417501
18641417508
18641417539
18641417663
18641417692
18641417908
18641417915
18641417951
18641417952
18641417992
18641418019
18641418026
18641418036
18641418093
18641418102
18641418202
18641418236
18641418371
18641418510
18641418529
18641418551
18641418580
18641418623
18641418631
18641418693
18641418915
18641418925
18641419025
18641419185
18641419231
18641419251
18641419301
18641419305
18641419306
18641419316
18641419323
18641419603
18641419635
18641419672
18641419713
18641419736
18641419835
18641420106
18641420271
18641420273
18641420290
18641420359
18641420365
18641420379
18641420383
18641420531
18641420535
18641420571
18641420601
18641420630
18641420750
18641420839
18641420897
18641420937
18641420951
18641420953
18641420991
18641421032
18641421192
18641421343
18641421579
18641421657
18641421670
18641421680
18641421759
18641421787
18641421790
18641421830
18641421905
18641421912
18641421920
18641421932
18641421961
18641422049
18641422057
18641422062
18641422064
18641422093
18641422101
18641422106
18641422146
18641422150
18641422181
18641422316
18641422331
18641422350
18641422370
18641422380
18641422382
18641422508
18641422510
18641422540
18641422547
18641422551
18641422575
18641422576
18641422582
18641422593
18641422602
18641422613
18641422621
18641422625
18641422643
18641422652
18641422716
18641422726
18641422760
18641422761
18641422773
18641422786
18641422790
18641422791
18641422812
18641422829
18641422841
18641422842
18641422849
18641422850
18641422852
18641422940
18641422941
18641422946
18641422949
18641422967
18641422975
18641422980
18641422981
18641422983
18641422986
18641423028
18641423041
18641423042
18641423051
18641423056
18641423057
18641423058
18641423085
18641423108
18641423115
18641423137
18641423150
18641423153
18641423170
18641423180
18641423182
18641423183
18641423197
18641423207
18641423220
18641423270
18641423365
18641423376
18641423382
18641423386
18641423391
18641423395
18641423402
18641423407
18641423409
18641423417
18641423440
18641423470
18641423475
18641423483
18641423501
18641423512
18641423526
18641423548
18641423563
18641423568
18641423571
18641423587
18641423591
18641423608
18641423615
18641423632
18641423642
18641423691
18641423728
18641423730
18641423742
18641423743
18641423751
18641423752
18641423761
18641423780
18641423795
18641423798
18641423821
18641423823
18641423843
18641423853
18641423872
18641423941
18641423943
18641424016
18641424027
18641424056
18641424057
18641424059
18641424067
18641424071
18641424076
18641424093
18641424102
18641424115
18641424129
18641424159
18641424163
18641424192
18641424197
18641424258
18641424268
18641424271
18641424280
18641424281
18641424291
18641424293
18641424297
18641424331
18641424357
18641424359
18641424362
18641424365
18641424371
18641424376
18641424387
18641424403
18641424415
18641424453
18641424460
18641424470
18641424471
18641424472
18641424481
18641424507
18641424532
18641424553
18641424571
18641424582
18641424602
18641424610
18641424613
18641424623
18641424625
18641424652
18641424663
18641424676
18641424681
18641424683
18641424695
18641424729
18641424731
18641424732
18641424738
18641424740
18641424743
18641424750
18641424752
18641424753
18641424756
18641424760
18641424762
18641424776
18641424786
18641424787
18641424791
18641424792
18641424795
18641424801
18641424802
18641424817
18641424821
18641424826
18641424830
18641424836
18641424838
18641424843
18641424851
18641424901
18641424912
18641424929
18641424932
18641424950
18641424951
18641424952
18641424962
18641424972
18641424973
18641424976
18641424978
18641424981
18641424985
18641424993
18641424995
18641425045
18641425074
18641425149
18641425243
18641425249
18641425342
18641425343
18641425347
18641425402
18641425425
18641425442
18641425452
18641425460
18641425461
18641425462
18641425640
18641425743
18641425841
18641425847
18641425943
18641425949
18641426094
18641426140
18641426149
18641426245
18641426249
18641426406
18641426412
18641426419
18641426431
18641426438
18641426449
18641426461
18641426471
18641426481
18641426490
18641426564
18641426743
18641426841
18641426949
18641427045
18641427124
18641427146
18641427149
18641427294
18641427348
18641427349
18641427405
18641427412
18641427417
18641427420
18641427427
18641427428
18641427430
18641427441
18641427450
18641427493
18641427498
18641427546
18641427584
18641427643
18641427940
18641427945
18641428045
18641428147
18641428249
18641428401
18641428406
18641428408
18641428423
18641428427
18641428469
18641428480
18641428482
18641428491
18641428541
18641428734
18641428741
18641428749
18641428947
18641429049
18641429140
18641429242
18641429248
18641429340
18641429348
18641429408
18641429409
18641429423
18641429428
18641429435
18641429438
18641429448
18641429451
18641429459
18641429460
18641429470
18641429480
18641429482
18641429491
18641429547
18641429549
18641429741
18641429742
18641429744
18641429747
18641429841
18641429843
18641429943
18641440074
18641440084
18641440954
18641441554
18641441984
18641443431
18641443472
18641445534
18641445574
18641445704
18641445794
18641447174
18641470045
18641470141
18641470146
18641470435
18641470457
18641470475
18641470747
18641471141
18641471343
18641471346
18641471412
18641471442
18641471449
18641471840
18641472942
18641474057
18641474203
18641474337
18641474382
18641474385
18641474390
18641474430
18641474462
18641474509
18641474529
18641474539
18641474601
18641474623
18641474635
18641474706
18641474731
18641474752
18641474792
18641474793
18641474801
18641474802
18641474819
18641474861
18641474890
18641474962
18641474970
18641474985
18641475248
18641475417
18641475462
18641475642
18641475847
18641476046
18641476340
18641476417
18641476438
18641476847
18641476941
18641477401
18641477403
18641477840
18641477940
18641478045
18641478240
18641478248
18641478340
18641478346
18641478405
18641478410
18641478435
18641478441
18641478443
18641478465
18641478470
18641478486
18641478741
18641478743
18641478940
18641478943
18641479040
18641479046
18641479048
18641479145
18641479146
18641479149
18641489631
28342315736
53136709717