13008270172
13008270769
13008273385
13008273572
13008273752
13008273972
13008276051
13008276275
13008276793
13008277091
13008277109
13008277920
13008279017
13008279051
13008279627
13008279672
13019910141
13019910143
13019910279
13019910349
13019910379
13019910397
13019910462
13019910751
13019910783
13019911083
13019911259
13019911305
13019911457
13019911473
13019911529
13019911720
13019911839
13019912042
13019912085
13019912127
13019912169
13019912375
13019912412
13019912413
13019912428
13019912478
13019912492
13019912540
13019912617
13019912741
13019912743
13019912862
13019912892
13019912930
13019913190
13019913245
13019913404
13019913432
13019913526
13019913530
13019913603
13019913782
13019913805
13019913827
13019913860
13019913873
13019913902
13019913926
13019913946
13019914053
13019914076
13019914179
13019914212
13019914237
13019914247
13019914303
13019914365
13019914371
13019914479
13019914493
13019914507
13019914542
13019914605
13019914679
13019914724
13019914750
13019914782
13019914795
13019914825
13019914827
13019914910
13019914917
13019914925
13019915147
13019915290
13019915403
13019915409
13019915421
13019915736
13019916243
13019916421
13019916451
13019916463
13019916536
13019916842
13019917048
13019917243
13019917244
13019917351
13019917406
13019917446
13019917945
13019918073
13019918145
13019918435
13019918724
13019918947
13019919052
13019919062
13019919360
13019919543
13019919672
13019919737
13019920572
13019920785
13019921072
13019921352
13019921531
13019921763
13019921782
13019921795
13019921837
13019922081
13019922396
13019922579
13019922815
13019923385
13019923573
13019923651
13019923710
13019923715
13019923723
13019923850
13019923872
13019923895
13019923982
13019925019
13019925109
13019925262
13019925263
13019925283
13019925682
13019925791
13019925792
13019926075
13019926079
13019926095
13019926135
13019926157
13019926209
13019926301
13019926351
13019926517
13019926571
13019926830
13019926837
13019926913
13019926931
13019926972
13019927091
13019927169
13019927193
13019927307
13019927380
13019927503
13019927685
13019927692
13019927836
13019927837
13019928150
13019928163
13019928172
13019928239
13019928273
13019928621
13019928790
13019928792
13019928907
13019929037
13019929156
13019929236
13019929256
13019929331
13020390183
13020390187
13020390195
13020390227
13020390231
13020390250
13020390276
13020390320
13020390337
13020390349
13020390351
13020390367
13020390412
13020390427
13020390435
13020390443
13020390460
13020390469
13020390479
13020390487
13020390496
13020390531
13020390549
13020390592
13020390638
13020390658
13020390680
13020390681
13020390748
13020390772
13020390845
13020390851
13020390852
13020390870
13020390893
13020390946
13020390963
13020390972
13020391645
13020391692
13020391736
13020391751
13020391757
13020391761
13020391762
13020391805
13020391826
13020391835
13020391841
13020391842
13020391843
13020391941
13020392144
13020392308
13020392367
13020392430
13020392449
13020392563
13020392712
13020392719
13020392781
13020392817
13020393026
13020393167
13020393196
13020393270
13020393491
13020393517
13020393554
13020393619
13020393651
13020393671
13020393673
13020393725
13020393758
13020393784
13020393790
13020393972
13020394069
13020394109
13020394161
13020394225
13020394253
13020394273
13020394285
13020394293
13020394301
13020394305
13020394307
13020394357
13020394360
13020394370
13020394413
13020394423
13020394426
13020394432
13020394435
13020394457
13020394473
13020394481
13020394493
13020394507
13020394539
13020394542
13020394576
13020394581
13020394586
13020394587
13020394601
13020394629
13020394651
13020394673
13020394679
13020394810
13020394817
13020394821
13020394860
13020394907
13020394916
13020394941
13020394957
13020394972
13020395046
13020395049
13020395173
13020395237
13020395310
13020395365
13020395378
13020395416
13020395437
13020395471
13020395481
13020395483
13020395497
13020395625
13020395709
13020395907
13020395962
13020396052
13020396153
13020396163
13020396192
13020396207
13020396219
13020396248
13020396306
13020396430
13020396438
13020396478
13020396490
13020396538
13020396739
13020396810
13020396832
13020396921
13020396952
13020397150
13020397230
13020397381
13020397485
13020397583
13020397620
13020397621
13020397821
13020397825
13020397829
13020397910
13020398102
13020398106
13020398117
13020398134
13020398137
13020398442
13020398537
13020398542
13020398556
13020398576
13020398796
13020398905
13020399135
13020399154
13020399163
13020399247
13020399348
13020399362
13020399451
13020399464
13020399478
13020399615
13020399641
13020399720
13020399750
13029271394
13029271714
13029274493
13029274864
13029277354
13029277604
13029278042
13029278114
13030780348
13030780395
13030780641
13030780791
13030780941
13030781279
13030781501
13030781531
13030781642
13030781940
13030782195
13030782476
13030782625
13030782672
13030783029
13030783150
13030783405
13030783492
13030783625
13030783706
13030783739
13030783831
13030784065
13030784136
13030784161
13030784197
13030784211
13030784391
13030784480
13030784512
13030784620
13030784637
13030784671
13030784803
13030784815
13030784921
13030785102
13030785129
13030785348
13030785905
13030786027
13030786148
13030786350
13030786485
13030787032
13030787193
13030787936
13030788163
13030788257
13030788597
13030788942
13030789042
13030789053
13030789401
13030789409
13030789748
13030794052
13030794327
13030796492
13043838231
13043838904
13043838964
13043840592
13043840973
13043841134
13043841271
13043841372
13043841419
13043841637
13043841753
13043841759
13043842783
13043842917
13043843276
13043843672
13043843752
13043844965
13043845361
13043845376
13043846302
13043846365
13043846395
13043846709
13043847351
13043847513
13043847583
13043847931
13043848352
13043849372
13043849713
13050810446
13050810742
13050811426
13050811462
13050811485
13050813564
13050813844
13050814742
13050822407
13050822549
13050824943
13050826844
13050829340
13050840489
13050842415
13050844663
13050848417
13050848462
13050849495
13065200193
13065200572
13065200639
13065200953
13065202961
13065202981
13065202983
13065203179
13065203202
13065203270
13065203701
13065203781
13065203923
13065205067
13065205173
13065205612
13065205692
13065205697
13065205712
13065205719
13065205732
13065205772
13065205802
13065205806
13065205897
13065205926
13065205931
13065206063
13065206137
13065206183
13065206216
13065206293
13065206312
13065206382
13065206392
13065206397
13065206531
13065206703
13065206721
13065206819
13065206835
13065206851
13065206923
13065206935
13065207019
13065207037
13065207053
13065207063
13065207183
13065207192
13065207292
13065207301
13065207328
13065207381
13065207523
13065207526
13065207593
13065207601
13065207621
13065207632
13065207806
13065207807
13065207832
13065207902
13065208027
13065208031
13065208071
13065208152
13065208175
13065208235
13065208269
13065208271
13065208273
13065208309
13065208315
13065208317
13065208372
13065208379
13065208390
13065208573
13065208610
13065208627
13065208693
13065208701
13065208723
13065208790
13065208915
13065208917
13065208935
13065208937
13065209017
13065209035
13065209167
13065209173
13065209175
13065209183
13065209212
13065209231
13065209237
13065209252
13065209270
13065209276
13065209327
13065209350
13065209352
13065209365
13065209512
13065209537
13065209562
13065209602
13065209610
13065209632
13065209652
13065209672
13065209692
13065209732
13065209737
13065209752
13065209801
13065210197
13065210273
13065210291
13065210363
13065210546
13065210742
13065210863
13065210947
13065211072
13065211305
13065211582
13065211647
13065211736
13065211781
13065211873
13065212039
13065212049
13065212065
13065212073
13065212091
13065212150
13065212173
13065212193
13065212243
13065212245
13065212275
13065212372
13065212375
13065212385
13065212392
13065212402
13065212403
13065212412
13065212417
13065212429
13065212439
13065212462
13065212463
13065212465
13065212482
13065212491
13065212508
13065212536
13065212560
13065212565
13065212571
13065212578
13065212579
13065212582
13065212639
13065212653
13065212682
13065212687
13065212693
13065212713
13065212753
13065212761
13065212783
13065212792
13065212795
13065212796
13065212852
13065212863
13065212907
13065212932
13065212935
13065212943
13065212956
13065212961
13065212975
13065213016
13065213053
13065213062
13065213067
13065213087
13065213105
13065213150
13065213151
13065213169
13065213179
13065213237
13065213305
13065213372
13065213382
13065213417
13065213461
13065213472
13065213490
13065213493
13065213497
13065213502
13065213506
13065213516
13065213571
13065213583
13065213601
13065213602
13065213605
13065213632
13065213751
13065213782
13065213810
13065213840
13065213912
13065213945
13065213953
13065214021
13065214041
13065214061
13065214062
13065214068
13065214071
13065214081
13065214082
13065214091
13065214097
13065214109
13065214128
13065214137
13065214152
13065214173
13065214183
13065214185
13065214186
13065214197
13065214205
13065214206
13065214207
13065214209
13065214213
13065214216
13065214245
13065214248
13065214250
13065214259
13065214265
13065214268
13065214281
13065214291
13065214305
13065214307
13065214326
13065214351
13065214352
13065214357
13065214359
13065214371
13065214380
13065214382
13065214385
13065214397
13065214402
13065214421
13065214435
13065214465
13065214471
13065214491
13065214501
13065214572
13065214573
13065214581
13065214582
13065214601
13065214610
13065214616
13065214621
13065214626
13065214640
13065214659
13065214670
13065214673
13065214683
13065214691
13065214695
13065214697
13065214698
13065214705
13065214713
13065214715
13065214726
13065214732
13065214741
13065214745
13065214750
13065214759
13065214770
13065214776
13065214795
13065214796
13065214813
13065214827
13065214835
13065214839
13065214850
13065214873
13065214875
13065214896
13065214903
13065214907
13065214912
13065214923
13065214929
13065214932
13065214936
13065214970
13065214971
13065214975
13065214982
13065214983
13065215017
13065215027
13065215031
13065215048
13065215049
13065215052
13065215071
13065215146
13065215149
13065215169
13065215171
13065215239
13065215263
13065215273
13065215279
13065215309
13065215312
13065215317
13065215341
13065215348
13065215370
13065215379
13065215381
13065215391
13065215401
13065215402
13065215405
13065215406
13065215410
13065215426
13065215435
13065215452
13065215453
13065215471
13065215490
13065215497
13065215612
13065215615
13065215635
13065215651
13065215683
13065215692
13065215693
13065215695
13065215697
13065215715
13065215731
13065215738
13065215739
13065215740
13065215743
13065215762
13065215792
13065215813
13065215831
13065215839
13065215847
13065215865
13065215871
13065215906
13065215907
13065215913
13065215935
13065215971
13065216019
13065216037
13065216047
13065216059
13065216092
13065216106
13065216127
13065216142
13065216146
13065216207
13065216271
13065216283
13065216391
13065216405
13065216416
13065216426
13065216429
13065216447
13065216469
13065216473
13065216482
13065216496
13065216572
13065216701
13065216720
13065216730
13065216759
13065216792
13065216923
13065216930
13065216970
13065217031
13065217043
13065217047
13065217053
13065217056
13065217162
13065217187
13065217205
13065217213
13065217235
13065217250
13065217342
13065217347
13065217390
13065217401
13065217402
13065217409
13065217410
13065217420
13065217423
13065217430
13065217439
13065217463
13065217465
13065217469
13065217470
13065217509
13065217586
13065217591
13065217613
13065217627
13065217632
13065217643
13065217683
13065217685
13065217695
13065217745
13065217805
13065217812
13065217835
13065217841
13065217862
13065217902
13065217927
13065217935
13065217951
13065217952
13065217967
13065218032
13065218063
13065218067
13065218073
13065218075
13065218132
13065218140
13065218193
13065218209
13065218213
13065218217
13065218240
13065218241
13065218242
13065218297
13065218343
13065218405
13065218407
13065218408
13065218412
13065218420
13065218431
13065218438
13065218457
13065218459
13065218463
13065218472
13065218473
13065218479
13065218491
13065218497
13065218541
13065218549
13065218576
13065218603
13065218613
13065218623
13065218640
13065218645
13065218649
13065218736
13065218903
13065218925
13065218932
13065218937
13065218945
13065219036
13065219120
13065219217
13065219241
13065219245
13065219248
13065219249
13065219253
13065219257
13065219259
13065219265
13065219269
13065219329
13065219403
13065219413
13065219417
13065219435
13065219439
13065219453
13065219462
13065219468
13065219472
13065219481
13065219493
13065219495
13065219508
13065219532
13065219537
13065219539
13065219617
13065219641
13065219649
13065219659
13065219670
13065219713
13065219743
13065219746
13065219762
13065219783
13065219845
13065219849
13065219857
13065220136
13065220153
13065220267
13065220276
13065220382
13065220385
13065220395
13065220531
13065220539
13065220563
13065220591
13065220623
13065220672
13065220673
13065220695
13065220710
13065220731
13065220795
13065223075
13065223082
13065223103
13065223192
13065223195
13065223251
13065223287
13065223563
13065223590
13065223617
13065223621
13065223697
13065223760
13065223817
13065223827
13065223872
13065223962
13065223976
13065225013
13065225037
13065225062
13065225076
13065225173
13065225192
13065225275
13065225279
13065225293
13065225315
13065225375
13065225387
13065225390
13065225617
13065225635
13065225706
13065225720
13065225763
13065225817
13065225832
13065225860
13065225861
13065225921
13065226057
13065226079
13065226091
13065226093
13065226162
13065226175
13065226207
13065226229
13065226238
13065226305
13065226312
13065226357
13065226583
13065226715
13065226730
13065226791
13065226925
13065226931
13065226970
13065227039
13065227053
13065227061
13065227129
13065227163
13065227203
13065227237
13065227251
13065227261
13065227301
13065227362
13065227509
13065227513
13065227532
13065227715
13065227813
13065227862
13065227873
13065227912
13065227916
13065227952
13065227956
13065227961
13065228056
13065228057
13065228096
13065228105
13065228125
13065228127
13065228136
13065228206
13065228216
13065228253
13065228290
13065228537
13065228592
13065228612
13065228621
13065228635
13065228653
13065228713
13065230115
13065230135
13065230141
13065230145
13065230148
13065230192
13065230265
13065230313
13065230349
13065230356
13065230362
13065230381
13065230391
13065230424
13065230425
13065230431
13065230439
13065230462
13065230471
13065230476
13065230541
13065230542
13065230549
13065230574
13065230763
13065230781
13065230793
13065230807
13065230816
13065230852
13065230906
13065230926
13065230931
13065230947
13065230961
13065230971
13065231032
13065231154
13065231201
13065231404
13065231405
13065231410
13065231416
13065231429
13065231462
13065231465
13065231483
13065231486
13065231495
13065231497
13065231532
13065231593
13065231647
13065231745
13065231773
13065231783
13065231784
13065231820
13065231837
13065232037
13065232049
13065232057
13065232091
13065232141
13065232173
13065232197
13065232243
13065232347
13065232364
13065232407
13065232410
13065232418
13065232437
13065232450
13065232459
13065232474
13065232480
13065232549
13065232572
13065232631
13065232637
13065232644
13065232646
13065232647
13065232648
13065232704
13065232706
13065232713
13065232739
13065232782
13065232802
13065232805
13065232872
13065232917
13065232930
13065232942
13065232944
13065232947
13065232950
13065232976
13065233071
13065233092
13065233094
13065233096
13065233162
13065233279
13065233291
13065233410
13065233463
13065233469
13065233471
13065233529
13065233573
13065233581
13065233624
13065233631
13065233640
13065233653
13065233752
13065233781
13065233897
13065233972
13065234025
13065234032
13065234036
13065234039
13065234048
13065234049
13065234052
13065234059
13065234063
13065234071
13065234075
13065234082
13065234083
13065234103
13065234150
13065234165
13065234169
13065234172
13065234173
13065234196
13065234197
13065234198
13065234201
13065234213
13065234248
13065234253
13065234256
13065234262
13065234282
13065234293
13065234302
13065234307
13065234336
13065234347
13065234348
13065234351
13065234361
13065234369
13065234372
13065234376
13065234391
13065234392
13065234409
13065234415
13065234416
13065234425
13065234460
13065234473
13065234476
13065234506
13065234509
13065234519
13065234535
13065234597
13065234613
13065234619
13065234621
13065234626
13065234628
13065234683
13065234702
13065234721
13065234729
13065234732
13065234748
13065234752
13065234753
13065234761
13065234763
13065234769
13065234786
13065234791
13065234802
13065234807
13065234812
13065234813
13065234830
13065234831
13065234837
13065234849
13065234857
13065234869
13065234871
13065234905
13065234910
13065234920
13065234929
13065234930
13065234935
13065234951
13065234957
13065234961
13065234970
13065234972
13065234976
13065234978
13065235017
13065235146
13065235343
13065235347
13065235403
13065235413
13065235418
13065235420
13065235426
13065235447
13065235449
13065235457
13065235460
13065235461
13065235463
13065235640
13065235641
13065235730
13065235739
13065235792
13065235793
13065235849
13065235926
13065235931
13065235942
13065235976
13065236051
13065236056
13065236143
13065236206
13065236209
13065236239
13065236243
13065236273
13065236375
13065236402
13065236405
13065236413
13065236428
13065236432
13065236435
13065236452
13065236459
13065236461
13065236462
13065236465
13065236483
13065236496
13065236507
13065236709
13065236715
13065236720
13065236751
13065236793
13065236842
13065236946
13065237052
13065237105
13065237183
13065237213
13065237381
13065237391
13065237401
13065237402
13065237403
13065237406
13065237419
13065237425
13065237426
13065237437
13065237441
13065237443
13065237459
13065237467
13065237471
13065237483
13065237486
13065237487
13065237493
13065237593
13065237625
13065237630
13065237709
13065237813
13065237829
13065237842
13065237843
13065237852
13065237935
13065237937
13065238037
13065238062
13065238106
13065238140
13065238146
13065238162
13065238342
13065238361
13065238371
13065238405
13065238409
13065238421
13065238431
13065238437
13065238439
13065238440
13065238441
13065238442
13065238449
13065238452
13065238465
13065238482
13065238486
13065238487
13065238491
13065238492
13065238495
13065238546
13065238593
13065238625
13065238671
13065238723
13065238743
13065238903
13065238941
13065238952
13065239043
13065239049
13065239120
13065239162
13065239167
13065239270
13065241775
13065242171
13065243931
13065246195
13065246438
13065247081
13065248102
13065248137
13065248607
13065248615
13065248621
13065248623
13065248630
13065248648
13065248670
13065248672
13065248676
13065248709
13065248710
13065248713
13065248721
13065248731
13065248742
13065248743
13065248746
13065248763
13065248790
13065248915
13065248921
13065248943
13065248949
13065248965
13065248972
13065248976
13065249013
13065249017
13065249041
13065249045
13065249049
13065249051
13065249138
13065249140
13065249150
13065249163
13065249170
13065249175
13065249203
13065249213
13065249218
13065249231
13065249232
13065249256
13065249261
13065249279
13065249297
13065249302
13065249320
13065249332
13065249337
13065249338
13065249358
13065249359
13065249363
13065249367
13065249376
13065249401
13065249405
13065249406
13065249408
13065249420
13065249427
13065249435
13065249436
13065249439
13065249459
13065249460
13065249462
13065249483
13065249496
13065249512
13065249517
13065249529
13065249532
13065249573
13065249593
13065249603
13065249610
13065249612
13065249615
13065249635
13065249656
13065249671
13065249691
13065249692
13065249710
13065249719
13065249732
13065249739
13065249756
13065249772
13065249781
13065249793
13065249806
13065249817
13065249839
13065249840
13065249856
13065249891
13130780163
13130780269
13130780613
13130780673
13130781053
13130781537
13130782120
13130782379
13130782956
13130783105
13130783951
13130783963
13130785172
13130785251
13130785263
13130785683
13130786158
13130786293
13130786571
13130786853
13130787112
13130787582
13130787612
13130787852
13130787860
13130788103
13130789601
13130796405
13130796412
13130796413
13130796416
13130796422
13130796429
13130796436
13130796440
13130796451
13130796452
13130796460
13130796461
13130796462
13130796471
13130796472
13130796473
13130796476
13130796481
13130796483
13130796486
13130796591
13130796823
13130796825
13130796835
13130796920
13130796925
13130797143
13130797146
13130797215
13130797285
13130797293
13130797349
13130797396
13130797401
13130797403
13130797405
13130797412
13130797413
13130797417
13130797423
13130797426
13130797427
13130797429
13130797435
13130797436
13130797438
13130797451
13130797452
13130797462
13130797463
13130797465
13130797470
13130797475
13130797481
13130797482
13130797486
13130797489
13130797492
13130797493
13130797502
13130797562
13130797640
13130797742
13130797751
13130797942
13130798173
13130798346
13130798365
13130798392
13130798403
13130798406
13130798412
13130798413
13130798419
13130798425
13130798429
13130798431
13130798437
13130798439
13130798452
13130798457
13130798462
13130798463
13130798465
13130798469
13130798470
13130798472
13130798473
13130798475
13130798479
13130798482
13130798483
13130798497
13130798562
13130798941
13130798945
13130799153
13130799167
13130799171
13130799241
13130799253
13130799403
13130799409
13130799413
13130799437
13130799441
13130799448
13130799457
13130799459
13130799470
13130799473
13130799475
13130799476
13130799480
13130799482
13130799486
13130799523
13130799649
13130799742
13130799747
13130799762
13134100106
13134100156
13134100162
13134100175
13134100179
13134100259
13134100273
13134100283
13134100357
13134100392
13134100397
13134100462
13134100537
13134100539
13134100546
13134100572
13134100587
13134100592
13134100593
13134100623
13134100659
13134100673
13134100731
13134100732
13134100763
13134100782
13134100783
13134100793
13134100795
13134100972
13134100973
13134100981
13134101027
13134101253
13134101347
13134101348
13134101367
13134101406
13134101437
13134101439
13134101452
13134101458
13134101465
13134101475
13134101478
13134101481
13134101491
13134101496
13134101532
13134101644
13134101687
13134101693
13134101694
13134101726
13134101893
13134102145
13134102185
13134102190
13134102241
13134102436
13134102439
13134102443
13134102453
13134102457
13134102463
13134102467
13134102531
13134102570
13134102580
13134102835
13134102943
13134103051
13134103073
13134103092
13134103106
13134103162
13134103253
13134103265
13134103479
13134103498
13134103546
13134103617
13134103782
13134103792
13134103796
13134103850
13134103891
13134103912
13134103926
13134103957
13134104013
13134104023
13134104029
13134104056
13134104072
13134104078
13134104132
13134104197
13134104208
13134104256
13134104297
13134104315
13134104317
13134104327
13134104356
13134104392
13134104402
13134104621
13134104651
13134104663
13134104675
13134104716
13134104824
13134104869
13134104875
13134104902
13134105071
13134105136
13134105276
13134105291
13134105397
13134105549
13134105563
13134105574
13134105697
13134105735
13134105736
13134105740
13134105920
13134105953
13134105971
13134106092
13134106129
13134106167
13134106251
13134106295
13134106317
13134106397
13134106430
13134106451
13134106459
13134106482
13134106592
13134106730
13134106795
13134106802
13134106815
13134106832
13134106835
13134106902
13134106936
13134106951
13134106956
13134106971
13134106972
13134107048
13134107169
13134107252
13134107392
13134107462
13134107471
13134107536
13134107582
13134107609
13134107617
13134107621
13134107632
13134107685
13134107801
13134107805
13134107843
13134107971
13134108052
13134108197
13134108265
13134108301
13134108374
13134108375
13134108615
13134108642
13134108793
13134108927
13134108957
13134108971
13134109027
13134109037
13134109051
13134109126
13134109269
13134109270
13134109317
13134109352
13134109362
13134109365
13134109571
13134109615
13134109635
13134109637
13134109651
13134109653
13134109682
13134109716
13134109851
13147960126
13147960135
13147960219
13147960263
13147960372
13147960380
13147960461
13147960572
13147960675
13147960873
13147961082
13147961305
13147961573
13147961673
13147961731
13147961735
13147961783
13147961795
13147961902
13147961926
13147962076
13147962106
13147962130
13147962157
13147962253
13147962308
13147962357
13147962537
13147962570
13147962573
13147962603
13147962659
13147962695
13147962750
13147962797
13147962856
13147962895
13147963067
13147963072
13147963086
13147963097
13147963105
13147963153
13147963170
13147963172
13147963196
13147963260
13147963265
13147963267
13147963287
13147963509
13147963592
13147963602
13147963673
13147963697
13147963757
13147963782
13147963856
13147963870
13147963891
13147963916
13147963951
13147964336
13147964493
13147964902
13147965062
13147965081
13147965106
13147965125
13147965135
13147965153
13147965171
13147965301
13147965317
13147965613
13147965692
13147965762
13147965862
13147965879
13147965916
13147965961
13147966027
13147966238
13147966252
13147966253
13147966387
13147966723
13147966731
13147966762
13147966820
13147966973
13147967205
13147967253
13147967261
13147967301
13147967307
13147967573
13147967810
13147968019
13147968075
13147968103
13147968391
13147968673
13147969075
13147969183
13147969265
13147969361
13147969372
13147969447
13147969501
13147969513
13147969531
13147969571
13147969583
13147969752
13154100453
13154101443
13154101454
13154101509
13154101728
13154101832
13154101873
13154102095
13154102102
13154102153
13154102264
13154102391
13154102621
13154102782
13154102905
13154102932
13154102935
13154102937
13154102938
13154102960
13154102965
13154102975
13154102981
13154103053
13154103063
13154103071
13154103125
13154103152
13154103157
13154103173
13154103182
13154103187
13154103193
13154103197
13154103209
13154103251
13154103252
13154103253
13154103265
13154103281
13154103287
13154103296
13154103962
13154105063
13154105106
13154105392
13154105612
13154105873
13154106279
13154106501
13154106525
13154106702
13154106705
13154106717
13154106719
13154106735
13154106791
13154106795
13154106851
13154106871
13154106895
13154106912
13154106923
13154106937
13154107031
13154107037
13154107038
13154107063
13154107085
13154107121
13154107136
13154107195
13154107203
13154107215
13154107216
13154107252
13154107261
13154107281
13154107295
13154107301
13154107317
13154107352
13154107353
13154107356
13154107360
13154107381
13154107385
13154107390
13154107391
13154107523
13154107569
13154107619
13154107623
13154107625
13154107627
13154107629
13154107637
13154107690
13154107693
13154108069
13154108126
13154108353
13154108923
13154109603
13154109713
13154109735
13154201746
13154201751
13154201769
13154201870
13154201873
13154202046
13154202059
13154202153
13154202397
13154202401
13154202402
13154202403
13154202409
13154202412
13154202418
13154202427
13154202437
13154202438
13154202450
13154202451
13154202457
13154202465
13154202472
13154202473
13154202475
13154202483
13154202490
13154202495
13154202498
13154202513
13154202536
13154202546
13154202570
13154202576
13154202582
13154202671
13154202703
13154202743
13154202747
13154202905
13154202940
13154202975
13154203019
13154203079
13154203097
13154203107
13154203141
13154203146
13154203153
13154203243
13154203273
13154203315
13154203401
13154203405
13154203408
13154203410
13154203415
13154203416
13154203418
13154203426
13154203428
13154203436
13154203438
13154203439
13154203441
13154203451
13154203463
13154203467
13154203469
13154203475
13154203482
13154203486
13154203487
13154203492
13154203517
13154203702
13154203705
13154203725
13154203749
13154203751
13154203781
13154203817
13154203843
13154203851
13154203875
13154203912
13154203921
13154203948
13154203953
13154203962
13154203976
13154204016
13154204023
13154204027
13154204047
13154204056
13154204065
13154204069
13154204070
13154204075
13154204079
13154204085
13154204093
13154204095
13154204098
13154204102
13154204109
13154204115
13154204125
13154204129
13154204132
13154204137
13154204139
13154204150
13154204152
13154204156
13154204159
13154204170
13154204173
13154204180
13154204183
13154204197
13154204198
13154204207
13154204219
13154204231
13154204235
13154204245
13154204252
13154204253
13154204260
13154204262
13154204270
13154204279
13154204283
13154204285
13154204289
13154204291
13154204296
13154204297
13154204302
13154204329
13154204339
13154204359
13154204361
13154204365
13154204367
13154204372
13154204379
13154204387
13154204390
13154204396
13154204413
13154204437
13154204450
13154204451
13154204465
13154204469
13154204471
13154204476
13154204492
13154204497
13154204507
13154204508
13154204510
13154204517
13154204529
13154204536
13154204538
13154204539
13154204542
13154204546
13154204571
13154204573
13154204586
13154204595
13154204602
13154204603
13154204606
13154204612
13154204625
13154204630
13154204632
13154204641
13154204670
13154204679
13154204682
13154204683
13154204685
13154204690
13154204691
13154204697
13154204706
13154204712
13154204715
13154204716
13154204717
13154204725
13154204728
13154204730
13154204757
13154204759
13154204761
13154204763
13154204769
13154204772
13154204783
13154204787
13154204790
13154204795
13154204803
13154204806
13154204809
13154204813
13154204823
13154204825
13154204850
13154204851
13154204857
13154204859
13154204863
13154204867
13154204871
13154204879
13154204908
13154204912
13154204925
13154204926
13154204927
13154204928
13154204929
13154204930
13154204936
13154204938
13154204945
13154204950
13154204951
13154204962
13154204967
13154204968
13154204976
13154204981
13154204982
13154204983
13154207038
13154207039
13154207109
13154207142
13154207148
13154207152
13154207169
13154207213
13154207245
13154207247
13154207253
13154207261
13154207291
13154207382
13154207401
13154207406
13154207408
13154207417
13154207419
13154207420
13154207430
13154207437
13154207446
13154207449
13154207452
13154207453
13154207459
13154207460
13154207473
13154207530
13154207562
13154207803
13154207837
13154207931
13154207951
13154207960
13154208031
13154208072
13154208107
13154208113
13154208190
13154208195
13154208197
13154208213
13154208327
13154208361
13154208365
13154208517
13188400271
13188400273
13188400283
13188400323
13188400397
13188400437
13188400453
13188400467
13188400470
13188400472
13188400473
13188400476
13188400486
13188400573
13188400731
13188400749
13188400819
13188400943
13188401039
13188401078
13188401347
13188401359
13188401421
13188401425
13188401436
13188401439
13188401442
13188401452
13188401462
13188401467
13188401469
13188401481
13188401487
13188401495
13188401497
13188401507
13188401530
13188401576
13188401609
13188401630
13188401645
13188401703
13188401705
13188401735
13188401742
13188401837
13188401847
13188401863
13188401931
13188402032
13188402085
13188402103
13188402109
13188402160
13188402165
13188402169
13188402246
13188402403
13188402412
13188402418
13188402428
13188402430
13188402451
13188402459
13188402461
13188402471
13188402476
13188402485
13188402489
13188402497
13188402516
13188402529
13188402563
13188402593
13188402609
13188402615
13188402645
13188402715
13188402735
13188402739
13188402769
13188402813
13188402835
13188402962
13188403072
13188403245
13188403262
13188403273
13188403292
13188403372
13188403403
13188403416
13188403423
13188403426
13188403430
13188403447
13188403472
13188403487
13188403490
13188403491
13188403493
13188403573
13188403621
13188403691
13188403695
13188403745
13188403783
13188403792
13188403849
13188403871
13188403912
13188403941
13188403975
13188404053
13188404078
13188404107
13188404109
13188404136
13188404137
13188404139
13188404150
13188404157
13188404162
13188404189
13188404191
13188404193
13188404195
13188404197
13188404213
13188404236
13188404251
13188404263
13188404271
13188404276
13188404293
13188404297
13188404306
13188404307
13188404325
13188404341
13188404357
13188404358
13188404360
13188404362
13188404376
13188404385
13188404431
13188404453
13188404463
13188404476
13188404481
13188404483
13188404492
13188404519
13188404525
13188404571
13188404581
13188404602
13188404609
13188404610
13188404612
13188404615
13188404619
13188404620
13188404635
13188404637
13188404639
13188404653
13188404658
13188404673
13188404675
13188404680
13188404691
13188404701
13188404703
13188404705
13188404706
13188404713
13188404715
13188404720
13188404727
13188404729
13188404732
13188404735
13188404749
13188404786
13188404791
13188404809
13188404819
13188404823
13188404832
13188404839
13188404851
13188404902
13188404907
13188404910
13188404917
13188404939
13188404953
13188404967
13188404972
13188405175
13188405278
13188405371
13188405372
13188405412
13188405423
13188405469
13188405495
13188405792
13188405917
13188406293
13188406301
13188406302
13188406309
13188406385
13188406389
13188406396
13188406537
13188406579
13188406721
13188406901
13188407120
13188407136
13188407209
13188407239
13188407267
13188407305
13188407450
13188407590
13188408105
13188408165
13188408170
13188408173
13188408373
13188408635
13188408715
13188408743
13188409162
13188409263
13188409682
13188409716
13188420141
13188420142
13188420145
13188420146
13188420149
13188420183
13188420241
13188420267
13188420269
13188420318
13188420334
13188420341
13188420342
13188420349
13188420364
13188420382
13188420431
13188420436
13188420437
13188420438
13188420439
13188420459
13188420479
13188420483
13188420487
13188420491
13188420493
13188420649
13188420684
13188420740
13188420741
13188420744
13188420747
13188420764
13188420834
13188420846
13188420917
13188420940
13188420947
13188420949
13188420971
13188421043
13188421046
13188421074
13188421137
13188421274
13188421279
13188421293
13188421347
13188421348
13188421371
13188421405
13188421430
13188421436
13188421450
13188421461
13188421464
13188421465
13188421468
13188421473
13188421481
13188421491
13188421495
13188421497
13188421529
13188421574
13188421605
13188421635
13188421647
13188421690
13188421702
13188421703
13188421709
13188421737
13188421739
13188421740
13188421745
13188421747
13188421792
13188421820
13188421864
13188421874
13188421941
13188421947
13188422034
13188422046
13188422054
13188422074
13188422094
13188422104
13188422141
13188422154
13188422164
13188422184
13188422371
13188422404
13188422416
13188422435
13188422436
13188422439
13188422452
13188422457
13188422458
13188422459
13188422464
13188422469
13188422470
13188422472
13188422475
13188422476
13188422483
13188422485
13188422489
13188422504
13188422674
13188422694
13188422708
13188422714
13188422735
13188422742
13188422743
13188422749
13188422753
13188422782
13188422796
13188422840
13188422936
13188422941
13188422944
13188423031
13188423048
13188423061
13188423084
13188423142
13188423164
13188423187
13188423213
13188423249
13188423349
13188423354
13188423401
13188423403
13188423417
13188423418
13188423426
13188423439
13188423462
13188423467
13188423478
13188423484
13188423491
13188423496
13188423540
13188423572
13188423574
13188423641
13188423707
13188423712
13188423743
13188423814
13188423841
13188423847
13188423872
13188423874
13188423894
13188423953
13188423957
13188423963
13188424010
13188424013
13188424014
13188424015
13188424018
13188424021
13188424031
13188424034
13188424039
13188424049
13188424059
13188424070
13188424071
13188424082
13188424085
13188424091
13188424097
13188424106
13188424109
13188424125
13188424126
13188424137
13188424150
13188424161
13188424172
13188424173
13188424179
13188424203
13188424239
13188424261
13188424267
13188424283
13188424287
13188424324
13188424383
13188424392
13188424407
13188424419
13188424421
13188424437
13188424463
13188424490
13188424495
13188424504
13188424507
13188424509
13188424532
13188424535
13188424536
13188424547
13188424570
13188424575
13188424583
13188424584
13188424597
13188424602
13188424617
13188424627
13188424634
13188424637
13188424639
13188424650
13188424651
13188424672
13188424673
13188424683
13188424701
13188424706
13188424723
13188424729
13188424731
13188424734
13188424736
13188424738
13188424750
13188424751
13188424753
13188424756
13188424769
13188424771
13188424782
13188424783
13188424790
13188424793
13188424801
13188424803
13188424821
13188424823
13188424826
13188424830
13188424831
13188424837
13188424850
13188424875
13188424892
13188424908
13188424915
13188424930
13188424944
13188424950
13188424953
13188424962
13188424969
13188424970
13188424972
13188424973
13188424976
13188424983
13188425014
13188425044
13188425046
13188425054
13188425062
13188425098
13188425126
13188425142
13188425296
13188425327
13188425341
13188425348
13188425398
13188425401
13188425403
13188425421
13188425462
13188425473
13188425475
13188425485
13188425487
13188425489
13188425491
13188425498
13188425637
13188425643
13188425709
13188425742
13188425743
13188425824
13188425844
13188425873
13188425874
13188425914
13188425933
13188425961
13188425973
13188426142
13188426144
13188426147
13188426236
13188426246
13188426289
13188426319
13188426350
13188426570
13188426905
13188426970
13188426971
13188427039
13188427149
13188427235
13188427301
13188427349
13188427376
13188427423
13188427429
13188427446
13188427447
13188427457
13188427462
13188427475
13188427479
13188427498
13188427593
13188427605
13188427621
13188427641
13188427671
13188427746
13188427846
13188427863
13188427943
13188427945
13188427946
13188428027
13188428049
13188428071
13188428096
13188428103
13188428201
13188428219
13188428405
13188428415
13188428430
13188428435
13188428437
13188428438
13188428449
13188428469
13188428473
13188428509
13188428576
13188428593
13188428632
13188428635
13188428645
13188428650
13188428653
13188428749
13188429043
13188429045
13188429248
13188429252
13188429407
13188429417
13188429427
13188429465
13188429467
13188429475
13188429741
13188429745
13188429747
13188429748
13188429827
13188440137
13188440175
13188440183
13188440185
13188440263
13188440290
13188440331
13188440335
13188440351
13188440435
13188440437
13188440451
13188440469
13188440495
13188440590
13188440641
13188440647
13188440651
13188440671
13188440719
13188440748
13188440750
13188440761
13188440779
13188440783
13188440832
13188440845
13188440872
13188440931
13188440976
13188441085
13188441257
13188441295
13188441301
13188441370
13188441435
13188441436
13188441437
13188441482
13188441570
13188441602
13188441619
13188441692
13188441693
13188441782
13188441783
13188441795
13188441796
13188441896
13188441962
13188442031
13188442139
13188442141
13188442152
13188442167
13188442169
13188442172
13188442175
13188442179
13188442190
13188442197
13188442276
13188442361
13188442389
13188442390
13188442392
13188442436
13188442475
13188442537
13188442538
13188442591
13188442593
13188442602
13188442607
13188442613
13188442630
13188442670
13188442676
13188442691
13188442695
13188442715
13188442731
13188442741
13188442742
13188442759
13188442795
13188442821
13188442903
13188442917
13188442925
13188442930
13188442936
13188442943
13188443028
13188443029
13188443067
13188443092
13188443105
13188443597
13188443716
13188443719
13188443980
13188444251
13188445036
13188445091
13188445097
13188445131
13188445275
13188445276
13188445326
13188445389
13188445416
13188445419
13188445471
13188445476
13188445480
13188445481
13188445615
13188445681
13188445692
13188445705
13188445729
13188445731
13188445769
13188445795
13188445807
13188445825
13188445862
13188445907
13188445941
13188445965
13188446035
13188446048
13188446056
13188446073
13188661597
13188667692
13188667693
13188667903
13188669025
13188669035
13188670159
13188670340
13188670341
13188670491
13188670632
13188670647
13188670738
13188671264
13188671464
13188671472
13188671481
13188671482
13188672440
13188672457
13188672471
13188672489
13188672746
13188673202
13188673245
13188673549
13188673641
13188673741
13188674051
13188674319
13188674423
13188674676
13188674729
13188674798
13188674894
13188675264
13188675402
13188675427
13188675480
13188675490
13188675641
13188675923
13188676296
13188676427
13188678364
13188678624
13188680346
13188681407
13188681494
13188681574
13188682457
13188682783
13188683173
13188683597
13188684064
13188684072
13188684121
13188684125
13188684281
13188684382
13188684391
13188684517
13188684571
13188684627
13188684635
13188684640
13188684693
13188684697
13188684763
13188685497
13188685613
13188685981
13188687853
13188687936
13188689212
13188689367
13188689461
13188690573
13188690592
13188690687
13188691392
13188692762
13188693729
13188693787
13188695323
13188695771
13188699507
13194100250
13194100461
13194100587
13194100639
13194100796
13194100846
13194101046
13194101053
13194101073
13194101245
13194101246
13194101251
13194101263
13194101346
13194101347
13194101372
13194101379
13194101405
13194101407
13194101408
13194101409
13194101412
13194101428
13194101430
13194101441
13194101442
13194101445
13194101465
13194101469
13194101472
13194101480
13194101489
13194101493
13194101496
13194101503
13194101523
13194101537
13194101541
13194101548
13194101562
13194101643
13194101646
13194101647
13194101648
13194101703
13194101732
13194101762
13194101782
13194101783
13194101832
13194101842
13194102031
13194102139
13194102140
13194102245
13194102327
13194102369
13194102391
13194102401
13194102403
13194102407
13194102409
13194102413
13194102426
13194102431
13194102440
13194102445
13194102449
13194102459
13194102460
13194102465
13194102467
13194102470
13194102475
13194102483
13194102485
13194102486
13194102501
13194102507
13194102537
13194102541
13194102559
13194102581
13194102597
13194102621
13194102649
13194102651
13194102703
13194102706
13194102739
13194102769
13194102846
13194102870
13194102871
13194102872
13194102891
13194102892
13194102912
13194102945
13194102948
13194102963
13194103043
13194103049
13194103051
13194103057
13194103087
13194103140
13194103141
13194103196
13194103235
13194103245
13194103257
13194103279
13194103297
13194103403
13194103416
13194103417
13194103423
13194103426
13194103437
13194103451
13194103461
13194103463
13194103467
13194103469
13194103471
13194103486
13194103491
13194103492
13194103640
13194103641
13194103692
13194103732
13194103743
13194103745
13194103746
13194103751
13194103795
13194103806
13194103962
13194104017
13194104023
13194104027
13194104031
13194104036
13194104038
13194104052
13194104057
13194104062
13194104070
13194104082
13194104087
13194104091
13194104092
13194104097
13194104127
13194104132
13194104136
13194104137
13194104146
13194104157
13194104158
13194104160
13194104161
13194104172
13194104175
13194104178
13194104182
13194104195
13194104218
13194104219
13194104230
13194104231
13194104235
13194104245
13194104248
13194104250
13194104256
13194104257
13194104268
13194104271
13194104272
13194104276
13194104283
13194104296
13194104330
13194104331
13194104342
13194104352
13194104357
13194104359
13194104360
13194104363
13194104365
13194104372
13194104373
13194104375
13194104381
13194104385
13194104387
13194104391
13194104396
13194104403
13194104407
13194104408
13194104420
13194104428
13194104429
13194104431
13194104435
13194104450
13194104458
13194104461
13194104465
13194104468
13194104470
13194104475
13194104479
13194104481
13194104485
13194104487
13194104489
13194104507
13194104509
13194104512
13194104519
13194104523
13194104525
13194104530
13194104536
13194104539
13194104570
13194104586
13194104592
13194104593
13194104597
13194104598
13194104601
13194104607
13194104623
13194104626
13194104632
13194104641
13194104647
13194104650
13194104676
13194104679
13194104685
13194104689
13194104690
13194104691
13194104696
13194104697
13194104706
13194104707
13194104716
13194104721
13194104726
13194104739
13194104742
13194104750
13194104751
13194104780
13194104785
13194104787
13194104791
13194104792
13194104797
13194104805
13194104820
13194104823
13194104826
13194104829
13194104832
13194104837
13194104839
13194104853
13194104856
13194104859
13194104863
13194104872
13194104875
13194104890
13194104896
13194104907
13194104915
13194104916
13194104927
13194104932
13194104938
13194104952
13194104953
13194104962
13194104965
13194104981
13194105041
13194105049
13194105142
13194105145
13194105146
13194105190
13194105209
13194105217
13194105240
13194105269
13194105273
13194105301
13194105306
13194105307
13194105312
13194105317
13194105319
13194105327
13194105328
13194105393
13194105405
13194105406
13194105415
13194105417
13194105425
13194105439
13194105457
13194105460
13194105465
13194105467
13194105468
13194105495
13194105529
13194105602
13194105620
13194105623
13194105648
13194105651
13194105693
13194105701
13194105717
13194105720
13194105735
13194105737
13194105745
13194105762
13194105793
13194105820
13194105871
13194105906
13194105909
13194105916
13194105917
13194105925
13194105931
13194105932
13194105935
13194105937
13194105943
13194105948
13194105961
13194105963
13194105972
13194105975
13194106031
13194106057
13194106059
13194106081
13194106137
13194106150
13194106179
13194106189
13194106191
13194106210
13194106219
13194106235
13194106241
13194106243
13194106273
13194106276
13194106291
13194106295
13194106307
13194106315
13194106319
13194106329
13194106340
13194106357
13194106359
13194106373
13194106390
13194106405
13194106416
13194106417
13194106425
13194106426
13194106439
13194106447
13194106467
13194106476
13194106480
13194106503
13194106710
13194107039
13194107413
13194107428
13194107480
13194107572
13194107593
13194107612
13194107620
13194107690
13194107827
13194107901
13194107903
13194107937
13194108023
13194108049
13194108165
13194108235
13194108367
13194108429
13194109153
13194109271
13194109320
13194109357
13194109367
13194109406
13194109438
13194109670
13194109672
13194109871
13204200157
13204200372
13204201015
13204201106
13204201397
13204202306
13204202308
13204202597
13204202937
13204202973
13204203291
13204203720
13204203725
13204205365
13204205739
13204205891
13204205935
13204205976
13204206083
13204206293
13204206751
13204207901
13204207961
13204208052
13204208276
13204208325
13204208380
13204208517
13204208953
13204209213
13204209276
13204209385
13224101263
13224101732
13224102163
13224102865
13224103157
13224103183
13224103519
13224103571
13224103583
13224103857
13224104061
13224104401
13224104873
13224105013
13224105927
13224106173
13224106370
13224106925
13224107195
13224107205
13224107239
13224107381
13224107503
13224107682
13224107809
13224107831
13224107903
13224108296
13224108297
13224108309
13224108315
13224108329
13224108356
13224108357
13224108372
13224108392
13224108397
13224108536
13224108539
13224108542
13224108562
13224108601
13224108607
13224108620
13224108635
13224108673
13224108693
13224108712
13224108732
13224108751
13224108757
13224108795
13224108901
13224108903
13224108912
13224108921
13224108937
13224108962
13224108963
13224108975
13224109013
13224109021
13224109031
13224109036
13224109037
13224109061
13224109062
13224109071
13224109078
13224109102
13224109105
13224109120
13224109203
13224109516
13224109702
13224109780
13234101051
13234101260
13234101293
13234101307
13234101571
13234101653
13234101805
13234101872
13234102160
13234102932
13234103281
13234103292
13234103517
13234103785
13234103926
13234103953
13234105071
13234105083
13234105102
13234105112
13234105137
13234105160
13234105192
13234105236
13234105279
13234105295
13234105326
13234105331
13234105396
13234105502
13234105619
13234105629
13234105682
13234105691
13234105715
13234105739
13234105771
13234105782
13234105791
13234105803
13234105860
13234105872
13234105896
13234105917
13234105932
13234105971
13234105972
13234106027
13234106031
13234106032
13234106038
13234106083
13234106091
13234106129
13234106170
13234106183
13234106192
13234106272
13234106317
13234106327
13234106382
13234106517
13234106532
13234106539
13234106573
13234106715
13234106720
13234106721
13234106735
13234106738
13234106782
13234106790
13234106825
13234106851
13234106857
13234106892
13234106902
13234106903
13234106923
13234106930
13234106973
13234107015
13234107026
13234107051
13234107082
13234107091
13234107093
13234107129
13234107152
13234107192
13234107231
13234107237
13234107250
13234107263
13234107296
13234107302
13234107501
13234107526
13234107530
13234107562
13234107571
13234107601
13234107619
13234107621
13234107631
13234107635
13234107692
13234107813
13234107825
13234107839
13234107853
13234107860
13234107861
13234107906
13234107920
13234107925
13234107932
13234107935
13234108016
13234108062
13234108067
13234108091
13234108107
13234108193
13234108207
13234108239
13234108257
13234108291
13234108296
13234108297
13234108301
13234108319
13234108370
13234108392
13234108502
13234108553
13234108637
13234108691
13234108692
13234108705
13234108730
13234108739
13234108753
13234108830
13234108906
13234108917
13234108932
13234108937
13234108957
13234108963
13234109037
13234109052
13234109072
13234109153
13234109162
13234109176
13234109205
13234109215
13234109267
13234109285
13234109350
13234109378
13234109513
13234109563
13234109571
13234109573
13234109612
13234109613
13234109617
13234109620
13234109635
13234109638
13234109651
13234109710
13234109720
13234109730
13234109732
13234109751
13234109780
13234109802
13234200814
13234203473
13234206472
13236740237
13236740387
13236740397
13236740593
13236740671
13236740796
13236740921
13236740951
13236740956
13236741035
13236741097
13236741257
13236741269
13236741351
13236741352
13236741531
13236741553
13236741697
13236741730
13236741760
13236741762
13236741863
13236741893
13236742057
13236742061
13236742072
13236742276
13236742511
13236742582
13236742597
13236742651
13236742703
13236742713
13236742739
13236743209
13236743292
13236743327
13236743372
13236743595
13236743672
13236743781
13236743871
13236743906
13236743915
13236743925
13236743932
13236744161
13236744176
13236745003
13236745025
13236745026
13236745061
13236745062
13236745072
13236745073
13236745091
13236745092
13236745095
13236745106
13236745107
13236745129
13236745162
13236745231
13236745260
13236745273
13236745287
13236745582
13236745691
13236745716
13236745731
13236745761
13236745795
13236745832
13236745860
13236745891
13236745895
13236745923
13236745951
13236746073
13236746092
13236746202
13236746302
13236746303
13236746351
13236746507
13236746531
13236746572
13236746592
13236746593
13236746597
13236746716
13236746731
13236746791
13236746910
13236746946
13236746951
13236746953
13236746963
13236747057
13236747081
13236747103
13236747236
13236747281
13236747329
13236747512
13236747593
13236747610
13236747615
13236747630
13236747635
13236747651
13236747761
13236747806
13236747836
13236747917
13236747931
13236747935
13236747956
13236748013
13236748037
13236748057
13236748253
13236748265
13236748309
13236748351
13236748623
13236748709
13236748713
13236748715
13236748961
13236749015
13236749051
13236749073
13236750126
13236750261
13236750353
13236750359
13236750361
13236750390
13236750431
13236750476
13236750481
13236750485
13236750489
13236750671
13236750679
13236750732
13236750803
13236750945
13236751257
13236751362
13236751372
13236751375
13236751418
13236751452
13236751481
13236751491
13236751539
13236751645
13236751737
13236751760
13236751825
13236751835
13236751895
13236751920
13236751938
13236751961
13236752051
13236752085
13236752087
13236752103
13236752172
13236752273
13236752305
13236752475
13236752506
13236752590
13236752692
13236752716
13236752735
13236752792
13236752793
13236752857
13236752865
13236752871
13236752923
13236752951
13236753079
13236753170
13236753193
13236753197
13236753250
13236753267
13236753270
13236753279
13236753326
13236753327
13236753372
13236753420
13236753426
13236753429
13236753437
13236753440
13236753503
13236753512
13236753517
13236753519
13236753523
13236753526
13236753529
13236753573
13236753592
13236753607
13236753671
13236753703
13236753712
13236753802
13236753821
13236753857
13236753879
13236753890
13236753903
13236753972
13236754136
13236754152
13236754179
13236754197
13236754231
13236754261
13236754289
13236754307
13236754315
13236754346
13236754357
13236754465
13236754587
13236754659
13236754703
13236754757
13236754806
13236754861
13236755097
13236755320
13236755327
13236755481
13236755652
13236755691
13236755765
13236755785
13236755792
13236755795
13236755891
13236755902
13236755903
13236755915
13236755961
13236755971
13236756022
13236756057
13236756103
13236756153
13236756191
13236756203
13236756302
13236756319
13236756371
13236756372
13236756373
13236756392
13236756409
13236756470
13236756482
13236756507
13236756513
13236756579
13236756590
13236756707
13236756731
13236756809
13236756810
13236756837
13236756902
13236757021
13236757048
13236757051
13236757052
13236757053
13236757061
13236757153
13236757162
13236757187
13236757193
13236757215
13236757239
13236757283
13236757291
13236757296
13236757297
13236757305
13236757315
13236757316
13236757350
13236757351
13236757359
13236757381
13236757391
13236757392
13236757427
13236757460
13236757463
13236757472
13236757479
13236757526
13236757562
13236757603
13236757613
13236757690
13236757691
13236757790
13236758196
13236758313
13236758403
13236758491
13236758497
13236758603
13236758757
13236758905
13236759053
13236759062
13236759217
13236759240
13236759279
13236759365
13236759451
13236759572
13236759682
13236759736
13236759756
13236759762
13238290130
13238290172
13238290253
13238290367
13238290526
13238290571
13238290675
13238290695
13238290761
13238290791
13238290815
13238291265
13238291332
13238291603
13238291620
13238291712
13238291750
13238291752
13238291835
13238291903
13238292162
13238292301
13238292307
13238292371
13238292375
13238292385
13238292395
13238292397
13238292506
13238292563
13238292572
13238293017
13238293256
13238293262
13238293265
13238293281
13238293297
13238293570
13238293809
13238295019
13238295063
13238295273
13238295791
13238295810
13238296275
13238296293
13238296301
13238296305
13238296319
13238296357
13238296519
13238296523
13238296527
13238296531
13238296576
13238296591
13238296703
13238296707
13238296715
13238296719
13238296723
13238296727
13238296729
13238296731
13238296753
13238296795
13238296810
13238296832
13238296835
13238296916
13238296925
13238296930
13238297021
13238297036
13238297062
13238297065
13238297082
13238297095
13238297096
13238297109
13238297120
13238297127
13238297136
13238297182
13238297191
13238297281
13238297360
13238297391
13238297501
13238297513
13238297562
13238297593
13238297605
13238297635
13238297691
13238297932
13238297935
13238297952
13238298031
13238298035
13238298109
13238298261
13238298302
13238298306
13238298573
13238298579
13238298632
13238298710
13238298792
13238298927
13238299053
13238299152
13238299351
13238299381
13238299387
13238299576
13238299603
13238299672
13238299673
13238299675
13238299703
13238299731
13252790265
13252790275
13252790478
13252790482
13252790751
13252790781
13252790912
13252791019
13252791095
13252791372
13252791502
13252791731
13252791832
13252791893
13252792197
13252792563
13252793037
13252793592
13252793713
13252794093
13252794239
13252794395
13252794421
13252794529
13252795362
13252795497
13252795701
13252795837
13252795860
13252796052
13252796192
13252796239
13252796251
13252797031
13252797235
13252797532
13252797813
13252798397
13252798612
13252798926
13284100453
13284100483
13284100752
13284101045
13284101187
13284101229
13284101244
13284101246
13284101247
13284101263
13284101324
13284101393
13284101395
13284101401
13284101403
13284101405
13284101407
13284101408
13284101412
13284101420
13284101421
13284101426
13284101427
13284101428
13284101429
13284101430
13284101433
13284101436
13284101446
13284101451
13284101452
13284101453
13284101454
13284101457
13284101458
13284101459
13284101462
13284101463
13284101464
13284101465
13284101468
13284101483
13284101485
13284101487
13284101490
13284101496
13284101497
13284101498
13284101534
13284101541
13284101546
13284101547
13284101572
13284101614
13284101624
13284101644
13284101645
13284101647
13284101734
13284101742
13284101743
13284101753
13284101754
13284101756
13284101763
13284101764
13284101824
13284101834
13284101854
13284101894
13284101914
13284101941
13284101942
13284101947
13284102091
13284102103
13284102153
13284102185
13284102219
13284102245
13284102246
13284102273
13284102314
13284102347
13284102380
13284102392
13284102403
13284102407
13284102412
13284102417
13284102418
13284102421
13284102427
13284102436
13284102437
13284102438
13284102439
13284102440
13284102449
13284102451
13284102452
13284102750
13284102756
13284102804
13284102948
13284102951
13284102971
13284102981
13284103072
13284103092
13284103104
13284103129
13284103142
13284103143
13284103145
13284103147
13284103150
13284103162
13284103175
13284103184
13284103243
13284103247
13284103248
13284103401
13284103404
13284103407
13284103409
13284103415
13284103424
13284103430
13284103446
13284103462
13284103487
13284103490
13284103493
13284103547
13284103548
13284103581
13284103891
13284103916
13284104153
13284104352
13284104360
13284104385
13284104727
13284104861
13284104875
13284104890
13284104891
13284104892
13284104896
13284104901
13284104907
13284104914
13284104916
13284104917
13284104928
13284104929
13284104930
13284104931
13284104951
13284104953
13284104957
13284104963
13284104970
13284104973
13284104978
13284104983
13284104984
13284104985
13284104986
13284105013
13284105026
13284105045
13284105048
13284105063
13284105071
13284105073
13284105091
13284105145
13284105146
13284105148
13284105162
13284105163
13284105193
13284105202
13284105317
13284105334
13284105343
13284105349
13284105374
13284105402
13284105403
13284105409
13284105411
13284105412
13284105416
13284105420
13284105423
13284105427
13284105437
13284105441
13284105442
13284105451
13284105452
13284105459
13284105460
13284105461
13284105467
13284105469
13284105473
13284105479
13284105480
13284105481
13284105487
13284105495
13284105497
13284105503
13284105604
13284105621
13284105640
13284105684
13284105691
13284105693
13284105746
13284105785
13284105804
13284105842
13284105891
13284105901
13284105913
13284105931
13284105942
13284105943
13284105946
13284105963
13284106015
13284106042
13284106043
13284106071
13284106074
13284106107
13284106129
13284106152
13284106154
13284106174
13284106201
13284106203
13284106204
13284106205
13284106243
13284106249
13284106250
13284106253
13284106274
13284106294
13284106297
13284106302
13284106334
13284106346
13284106348
13284106357
13284106390
13284106406
13284106412
13284106413
13284106415
13284106417
13284106424
13284106427
13284106429
13284106430
13284106431
13284106436
13284106450
13284106451
13284106459
13284106463
13284106465
13284106467
13284106469
13284106471
13284106475
13284106476
13284106478
13284106479
13284106481
13284106484
13284106502
13284106514
13284106517
13284106546
13284106564
13284106574
13284106701
13284106714
13284106723
13284106734
13284106739
13284106754
13284106840
13284106946
13284107046
13284107047
13284107121
13284107428
13284107846
13284108049
13284108242
13284108438
13284108451
13284108461
13284108465
13284108471
13284108476
13284108479
13284108492
13284108497
13284108942
13284108946
13284108947
13284108957
13284108962
13284108963
13284108973
13284109013
13284109027
13284109032
13284109036
13284109037
13284109039
13284109051
13284109057
13284109062
13284109070
13284109071
13284109076
13284109082
13284109102
13284109103
13284109120
13284109127
13284109132
13284109136
13284109138
13284109142
13284109145
13284109157
13284109185
13284109187
13284109205
13284109217
13284109230
13284109237
13284109239
13284109249
13284109253
13284109257
13284109261
13284109283
13284109287
13284109306
13284109307
13284109316
13284109320
13284109326
13284109327
13284109335
13284109372
13284109373
13284109381
13284109391
13284109402
13284109405
13284109413
13284109421
13284109426
13284109435
13284109437
13284109448
13284109450
13284109451
13284109452
13284109460
13284109468
13284109482
13284109487
13284109491
13284109502
13284109506
13284109509
13284109519
13284109529
13284109571
13284109583
13284109605
13284109606
13284109617
13284109620
13284109627
13284109632
13284109637
13284109638
13284109649
13284109651
13284109653
13284109701
13284109703
13284109712
13284109729
13284109730
13284109750
13284109752
13284109762
13284109769
13284109802
13284109812
13284109821
13284109825
13284109830
13284109832
13284109851
13284109852
15502680157
15502680395
15502680437
15502680763
15502681160
15502681267
15502681472
15502681487
15502681539
15502681640
15502682063
15502682093
15502682435
15502682605
15502682735
15502683069
15502683106
15502683197
15502683202
15502683439
15502683480
15502683486
15502683631
15502683721
15502683867
15502683897
15502684015
15502684097
15502684216
15502684217
15502684248
15502684573
15502684612
15502684635
15502684771
15502684863
15502685191
15502685487
15502685613
15502685843
15502685903
15502686129
15502686167
15502686203
15502686297
15502686423
15502686452
15502687182
15502687237
15502687503
15502687627
15502687692
15502687726
15502688059
15502688263
15502688340
15502688401
15502688403
15502688475
15502688902
15502688942
15502689072
15502689470
15502689512
15502689651
15502689653
15502689720
15502689735
15502689780
15504230637
15504231073
15504232318
15504234757
15504235262
15504235901
15504236019
15504236591
15504236731
15504237024
15504237031
15504237931
15504238137
15504238159
15504238265
15504238273
15504238562
15504239062
15504239673
15504239702
15541011475
15541013495
15541014480
15541014931
15541017413
15541410106
15541410172
15541410206
15541410373
15541410386
15541410533
15541410553
15541410565
15541410625
15541410637
15541410691
15541410786
15541410905
15541410920
15541410937
15541411050
15541411053
15541411205
15541411250
15541411259
15541411336
15541411489
15541411503
15541411532
15541411565
15541411570
15541411713
15541411739
15541411763
15541411805
15541411820
15541411873
15541411906
15541411937
15541412056
15541412185
15541412195
15541412283
15541412387
15541412713
15541412721
15541412759
15541412793
15541412853
15541412903
15541413179
15541413193
15541413263
15541413280
15541413289
15541413352
15541413365
15541413371
15541413375
15541413609
15541413625
15541413629
15541413692
15541413713
15541413719
15541413736
15541413751
15541413790
15541420173
15541420563
15541421037
15541421537
15541422873
15541422937
15541423028
15541423102
15541423276
15541423705
15541423815
15541423871
15541423910
15541425192
15541425692
15541426102
15541426523
15541427150
15541427153
15541427581
15541427853
15541428037
15541428503
15541428592
15541428630
15541428631
15541428670
15541428751
15541428932
15541429051
15541429253
15541429351
15541429659
15541430232
15541430392
15541430651
15541430672
15541430695
15541430752
15541430782
15541430873
15541430951
15541431126
15541431382
15541431507
15541431603
15541431672
15541431682
15541432016
15541432037
15541432071
15541432170
15541432187
15541432310
15541432562
15541432573
15541432701
15541432703
15541432795
15541432861
15541432905
15541432916
15541433556
15541433752
15541433782
15541433872
15541433910
15541435276
15541435371
15541435392
15541435713
15541435732
15541435791
15541435871
15541435902
15541435910
15541435982
15541436182
15541436257
15541436372
15541436905
15541436931
15541437021
15541437250
15541437362
15541437531
15541437532
15541437591
15541437691
15541437693
15541437910
15541437926
15541437953
15541437961
15541438073
15541438261
15541438307
15541438317
15541438537
15541438651
15541438670
15541438721
15541438961
15541439031
15541439053
15541439082
15541439137
15541439265
15541439276
15541439283
15541439301
15541439390
15541439731
15541439783
15541439861
15541441625
15541441653
15541441708
15541442086
15541442179
15541442390
15541442397
15541443162
15541443595
15541443879
15541443967
15541445170
15541445391
15541445396
15541445703
15541446367
15541446519
15541446595
15541446715
15541446716
15541446719
15541446723
15541447010
15541447182
15541448325
15541448570
15541448762
15541449103
15541449138
15541449723
15541450361
15541450632
15541450912
15541451297
15541452072
15541452176
15541452713
15541452903
15541453103
15541453107
15541453125
15541453206
15541453261
15541453267
15541453279
15541453539
15541453671
15541453751
15541455109
15541455162
15541455372
15541455762
15541455971
15541456025
15541456192
15541456193
15541456352
15541456391
15541456593
15541457063
15541457163
15541457182
15541457203
15541457562
15541457583
15541457609
15541457823
15541458062
15541458180
15541458371
15541458562
15541458653
15541458713
15541458731
15541459203
15541459250
15541459261
15541459507
15541459562
15541459573
15541459590
15541459593
15541459601
15541459670
15541459706
15541459713
15542050237
15542050431
15542050475
15542050762
15542051256
15542051401
15542051406
15542051437
15542051472
15542051632
15542051842
15542051931
15542052367
15542052371
15542052417
15542052419
15542052430
15542052471
15542052576
15542052593
15542052930
15542052963
15542052967
15542052975
15542053059
15542053069
15542053091
15542053092
15542053125
15542053126
15542053162
15542053193
15542053237
15542053251
15542053271
15542053287
15542053657
15542053673
15542053756
15542053819
15542053860
15542053892
15542053905
15542053973
15542054001
15542054013
15542054015
15542054023
15542054032
15542054036
15542054059
15542054060
15542054062
15542054076
15542054079
15542054083
15542054091
15542054092
15542054095
15542054120
15542054125
15542054126
15542054127
15542054129
15542054167
15542054173
15542054175
15542054179
15542054185
15542054217
15542054218
15542054239
15542054251
15542054261
15542054262
15542054278
15542054281
15542054283
15542054286
15542054289
15542054290
15542054307
15542054313
15542054318
15542054329
15542054331
15542054337
15542054350
15542054357
15542054360
15542054362
15542054372
15542054375
15542054376
15542054378
15542054379
15542054381
15542054382
15542054390
15542054391
15542054392
15542054395
15542054403
15542054421
15542054430
15542054436
15542054437
15542054439
15542054451
15542054462
15542054470
15542054473
15542054481
15542054490
15542054496
15542054509
15542054519
15542054531
15542054536
15542054570
15542054571
15542054580
15542054582
15542054587
15542054593
15542054601
15542054610
15542054612
15542054613
15542054623
15542054639
15542054657
15542054659
15542054671
15542054672
15542054680
15542054683
15542054690
15542054691
15542054692
15542054693
15542054701
15542054706
15542054709
15542054710
15542054720
15542054729
15542054730
15542054731
15542054735
15542054739
15542054752
15542054753
15542054758
15542054759
15542054760
15542054767
15542054775
15542054780
15542054783
15542054791
15542054793
15542054796
15542054803
15542054806
15542054807
15542054823
15542054825
15542054826
15542054827
15542054829
15542054853
15542054857
15542054859
15542054869
15542054872
15542054873
15542054875
15542054891
15542054893
15542054895
15542054896
15542054901
15542054902
15542054916
15542054920
15542054925
15542054930
15542054935
15542054938
15542054953
15542054967
15542054971
15542054972
15542054973
15542054982
15542054989
15542055037
15542055067
15542055071
15542055417
15542055435
15542055459
15542055471
15542055473
15542055476
15542055483
15542055486
15542055491
15542055732
15542055840
15542056031
15542056187
15542056219
15542056340
15542056408
15542056410
15542056411
15542056412
15542056413
15542056417
15542056420
15542056421
15542056427
15542056428
15542056436
15542056439
15542056442
15542056462
15542056470
15542056471
15542056472
15542056485
15542056487
15542056493
15542056713
15542056942
15542056943
15542057040
15542057047
15542057249
15542057349
15542057401
15542057402
15542057406
15542057410
15542057425
15542057426
15542057429
15542057431
15542057437
15542057442
15542057451
15542057453
15542057459
15542057462
15542057463
15542057467
15542057469
15542057483
15542057485
15542057487
15542057490
15542057492
15542057495
15542057742
15542057805
15542057951
15542058067
15542058141
15542058147
15542058240
15542058402
15542058405
15542058409
15542058413
15542058415
15542058417
15542058418
15542058429
15542058431
15542058435
15542058438
15542058453
15542058457
15542058460
15542058469
15542058471
15542058472
15542058475
15542058476
15542058481
15542058487
15542058492
15542058496
15542058541
15542058646
15542058912
15542058917
15542058932
15542058942
15542058953
15542058963
15542059021
15542059031
15542059047
15542059062
15542059206
15542059237
15542059246
15542059275
15542059348
15542059387
15542059389
15542059403
15542059405
15542059409
15542059412
15542059419
15542059423
15542059425
15542059426
15542059428
15542059438
15542059439
15542059457
15542059460
15542059465
15542059467
15542059480
15542059482
15542059483
15542059487
15542059493
15542059632
15542059653
15542059657
15542059673
15542059741
15542059742
15542062782
15542063297
15542063560
15542063627
15542063905
15542063951
15542064290
15542064462
15542064663
15542064717
15542065490
15542066412
15542067062
15542077620
15542078037
15542078063
15542078356
15542078502
15542078562
15542078593
15542079062
15542079152
15542079275
15542963875
15542963967
15542965872
15542965983
15542966281
15542967836
15542967953
15542968263
15542968307
15542969571
15542969763
15542974152
15542974486
15542976428
15542979745
15542990592
15542995371
15542995630
15542995937
15542996903
15542996910
15542997013
15542997201
15542997205
15542997810
15542998195
15542998293
15542998718
15542998952
15566390437
15566392403
15566393515
15566394861
15566396131
15566398491
15566398493
15641020145
15641020146
15641020195
15641020241
15641020246
15641020340
15641020343
15641020347
15641020349
15641020417
15641020431
15641020435
15641020437
15641020438
15641020447
15641020453
15641020457
15641020461
15641020463
15641020469
15641020475
15641020476
15641020481
15641020489
15641020491
15641020492
15641020498
15641042503
15641042762
15641044593
15641044898
15641045283
15641045301
15641045712
15641045731
15641045850
15641045891
15641045971
15641046021
15641046027
15641046053
15641046082
15641046103
15641046312
15641046380
15641046583
15641046710
15641046719
15641046748
15641046831
15641046892
15641046923
15641047031
15641047153
15641047183
15641047263
15641047317
15641047371
15641047410
15641047569
15641047713
15641047823
15641048053
15641048371
15641048469
15641048562
15641048627
15641048671
15641048672
15641048701
15641048913
15641049016
15641049057
15641049307
15641049487
15641049503
15641049563
15641049609
15641049731
15641049823
15641051793
15641052953
15641053192
15641053702
15641054042
15641054729
15641054843
15641055842
15641055926
15641057241
15641057961
15641058302
15641058391
15641058591
15641059376
15641077612
15641078351
15641078671
15641078673
15641078730
15641078961
15641083192
15641086371
15641089053
15642071376
15642071932
15642072690
15642072973
15642073295
15642074363
15642075973
15642076273
15642076305
15642076371
15642076509
15642076729
15642076901
15642077061
15642077392
15642078175
15642078270
15642078371
15642078561
15642079320
15642079651
15642091053
15642093852
15642095935
15642096291
15642097083
15642099635
15668761832
15668765395
15694103672
15694107861
15694107905
15694107912
15694108532
15694109231
15694109573
15694109637
15698751027
15698757406
16604102148
16604102172
16604103240
16604103274
16604103904
16604105374
16604109304
16604109437
16604109604
16649010134
16649010137
16649010143
16649010162
16649010173
16649010183
16649010192
16649010251
16649010253
16649010259
16649010260
16649010269
16649010270
16649010276
16649010278
16649010291
16649010293
16649010294
16649010352
16649010365
16649010367
16649010370
16649010434
16649010439
16649010442
16649010447
16649010462
16649010470
16649010489
16649010532
16649010537
16649010539
16649010573
16649010583
16649010591
16649010631
16649010635
16649010651
16649010671
16649010673
16649010683
16649010692
16649010693
16649010697
16649010749
16649010753
16649010759
16649010761
16649010763
16649010769
16649010783
16649010792
16649010793
16649010812
16649010835
16649010853
16649010854
16649010872
16649010873
16649010893
16649010953
16649010957
16649010963
16649010970
16649010973
16649011035
16649011072
16649011080
16649011261
16649011309
16649011346
16649011350
16649011372
16649011379
16649011380
16649011392
16649011397
16649011403
16649011442
16649011465
16649011532
16649011571
16649011572
16649011591
16649011592
16649011593
16649011602
16649011603
16649011632
16649011635
16649011657
16649011673
16649011691
16649011703
16649011712
16649011726
16649011750
16649011761
16649011762
16649011763
16649011775
16649011787
16649011792
16649011793
16649011795
16649011830
16649011861
16649011865
16649011870
16649011902
16649011906
16649011951
16649011963
16649012024
16649012032
16649012037
16649012051
16649012059
16649012073
16649012076
16649012083
16649012092
16649012093
16649012170
16649012172
16649012173
16649012178
16649012180
16649012183
16649012193
16649012247
16649012351
16649012359
16649012372
16649012387
16649012393
16649012416
16649012513
16649012523
16649012527
16649012529
16649012532
16649012561
16649012563
16649012564
16649012571
16649012572
16649012573
16649012597
16649012605
16649012615
16649012671
16649012673
16649012675
16649012685
16649012701
16649012706
16649012709
16649012713
16649012731
16649012753
16649012761
16649012763
16649012791
16649012792
16649012793
16649012794
16649012807
16649012813
16649012814
16649012853
16649012863
16649012870
16649012871
16649012872
16649012905
16649012930
16649012937
16649012938
16649012950
16649012953
16649012956
16649012957
16649012962
16649012965
16649012971
16649012973
16649012982
16649012983
16649013021
16649013025
16649013026
16649013027
16649013052
16649013061
16649013062
16649013065
16649013072
16649013074
16649013092
16649013095
16649013109
16649013120
16649013135
16649013153
16649013163
16649013170
16649013173
16649013187
16649013207
16649013250
16649013253
16649013257
16649013270
16649013272
16649013273
16649013275
16649013278
16649013281
16649013291
16649013295
16649013313
16649013372
16649013384
16649013418
16649013425
16649013471
16649013472
16649013478
16649013483
16649013497
16649013502
16649013507
16649013512
16649013517
16649013540
16649013572
16649013590
16649013592
16649013597
16649013603
16649013607
16649013612
16649013615
16649013619
16649013625
16649013627
16649013657
16649013670
16649013702
16649013704
16649013705
16649013706
16649013710
16649013723
16649013735
16649013751
16649013759
16649013761
16649013763
16649013782
16649013792
16649013802
16649013806
16649013807
16649013817
16649013820
16649013825
16649013832
16649013843
16649013860
16649013872
16649013873
16649013905
16649013907
16649013924
16649013952
16649013957
16649013973
16649014037
16649014046
16649014047
16649014057
16649014063
16649014095
16649014206
16649014235
16649014267
16649014272
16649014286
16649014306
16649014317
16649014327
16649014340
16649014364
16649014375
16649014429
16649014457
16649014497
16649014517
16649014528
16649014532
16649014609
16649014683
16649014702
16649014704
16649014741
16649014746
16649014796
16649014798
16649014809
16649014839
16649014845
16649014953
16649014956
16649015032
16649015036
16649015037
16649015049
16649015092
16649015093
16649015103
16649015107
16649015109
16649015137
16649015162
16649015183
16649015192
16649015193
16649015237
16649015239
16649015246
16649015250
16649015264
16649015271
16649015275
16649015283
16649015293
16649015327
16649015329
16649015360
16649015362
16649015370
16649015371
16649015375
16649015397
16649015429
16649015441
16649015571
16649015603
16649015632
16649015637
16649015652
16649015681
16649015692
16649015709
16649015712
16649015731
16649015732
16649015739
16649015763
16649015781
16649015783
16649015793
16649015807
16649015813
16649015821
16649015842
16649015871
16649015913
16649015930
16649015932
16649015937
16649015945
16649015962
16649015965
16649015971
16649015983
16649016031
16649016072
16649016092
16649016103
16649016127
16649016135
16649016148
16649016150
16649016153
16649016172
16649016173
16649016175
16649016192
16649016193
16649016195
16649016201
16649016205
16649016207
16649016230
16649016251
16649016260
16649016265
16649016271
16649016273
16649016283
16649016290
16649016291
16649016293
16649016315
16649016317
16649016340
16649016350
16649016357
16649016359
16649016375
16649016412
16649016503
16649016513
16649016519
16649016536
16649016537
16649016572
16649016573
16649016582
16649016592
16649016702
16649016705
16649016712
16649016723
16649016731
16649016735
16649016751
16649016753
16649016793
16649016795
16649016802
16649016825
16649016846
16649016851
16649016852
16649016905
16649016912
16649016914
16649016931
16649016932
16649016935
16649016937
16649016940
16649016946
16649016973
16649016982
16649017021
16649017031
16649017036
16649017051
16649017052
16649017053
16649017062
16649017063
16649017065
16649017082
16649017085
16649017095
16649017103
16649017125
16649017129
16649017137
16649017183
16649017193
16649017205
16649017235
16649017253
16649017259
16649017275
16649017287
16649017293
16649017305
16649017310
16649017315
16649017329
16649017351
16649017352
16649017361
16649017365
16649017367
16649017390
16649017391
16649017392
16649017395
16649017397
16649017434
16649017468
16649017472
16649017482
16649017501
16649017502
16649017503
16649017530
16649017531
16649017574
16649017584
16649017597
16649017603
16649017613
16649017615
16649017617
16649017625
16649017631
16649017632
16649017635
16649017638
16649017651
16649017652
16649017671
16649017690
17541011093
17541011242
17541011244
17541011261
17541011263
17541011295
17541011350
17541011382
17541011397
17541011403
17541011442
17541011775
17541011784
17541011870
17541011872
17541011893
17541011902
17541011905
17541011912
17541011913
17541011926
17541011930
17541011931
17541012013
17541012032
17541012035
17541012039
17541012057
17541012063
17541012073
17541012079
17541012081
17541012085
17541012091
17541012092
17541012095
17541012097
17541012103
17541012105
17541012130
17541012136
17541012139
17541012145
17541012153
17541012160
17541012179
17541012183
17541012190
17541012191
17541012192
17541012219
17541012243
17541012287
17541012305
17541012307
17541012308
17541012316
17541012362
17541012365
17541012370
17541012372
17541012378
17541012380
17541012381
17541012390
17541012396
17541012397
17541012501
17541012506
17541012507
17541012517
17541012519
17541012530
17541012531
17541012537
17541012539
17541012561
17541012562
17541012571
17541012573
17541012576
17541012593
17541012602
17541012603
17541012605
17541012607
17541012615
17541012619
17541012621
17541012625
17541012637
17541012638
17541012639
17541012659
17541012671
17541012673
17541012683
17541012685
17541012691
17541012693
17541012695
17541012697
17541012701
17541012702
17541012703
17541012705
17541012709
17541012719
17541012720
17541012721
17541012723
17541012735
17541012739
17541012752
17541012756
17541012759
17541012761
17541012769
17541012780
17541012782
17541012792
17541012793
17541012795
17541012796
17541012801
17541012803
17541012807
17541012810
17541012813
17541012817
17541012830
17541012831
17541012837
17541012852
17541012853
17541012857
17541012863
17541012865
17541012870
17541012871
17541012872
17541012873
17541012875
17541012897
17541012901
17541012902
17541012903
17541012906
17541012913
17541012915
17541012930
17541012937
17541012952
17541012961
17541012962
17541012963
17541012970
17541012972
17541012973
17541012976
17541012982
17541013010
17541013029
17541013035
17541013051
17541013057
17541013059
17541013062
17541013063
17541013065
17541013067
17541013069
17541013071
17541013072
17541013087
17541013092
17541013095
17541013097
17541013106
17541013125
17541013152
17541013162
17541013173
17541013182
17541013184
17541013192
17541013193
17541013196
17541013197
17541013207
17541013209
17541013220
17541013235
17541013253
17541013257
17541013259
17541013265
17541013269
17541013270
17541013273
17541013275
17541013281
17541013283
17541013290
17541013291
17541013293
17541013295
17541013501
17541013503
17541013510
17541013512
17541013513
17541013519
17541013527
17541013561
17541013570
17541013571
17541013572
17541013573
17541013576
17541013595
17541013602
17541013617
17541013619
17541013671
17541013673
17541013682
17541013692
17541013693
17541013702
17541013705
17541013706
17541013719
17541013720
17541013725
17541013729
17541013735
17541013750
17541013751
17541013752
17541013758
17541013759
17541013762
17541013763
17541013774
17541013780
17541013781
17541013782
17541013790
17541013792
17541013793
17541013802
17541013803
17541013806
17541013815
17541013819
17541013823
17541013825
17541013826
17541013829
17541013832
17541013853
17541013857
17541013859
17541013861
17541013902
17541013903
17541013905
17541013907
17541013912
17541013920
17541013921
17541013925
17541013926
17541013927
17541013951
17541013962
17541013963
17541013965
17541013967
17541013975
17541014464
17541014501
17541015013
17541015019
17541015023
17541015031
17541015035
17541015036
17541015037
17541015053
17541015062
17541015063
17541015071
17541015072
17541015076
17541015079
17541015082
17541015095
17541015096
17541015097
17541015103
17541015105
17541015139
17541015160
17541015162
17541015169
17541015170
17541015173
17541015182
17541015192
17541015195
17541015196
17541015235
17541015237
17541015238
17541015239
17541015263
17541015265
17541015267
17541015271
17541015273
17541015283
17541015290
17541015292
17541015293
17541015301
17541015302
17541015307
17541015308
17541015316
17541015319
17541015326
17541015327
17541015336
17541015337
17541015357
17541015360
17541015367
17541015370
17541015371
17541015378
17541015379
17541015391
17541015392
17541015425
17541015593
17541015612
17541015623
17541015625
17541015637
17541015652
17541015681
17541015682
17541015692
17541015701
17541015703
17541015705
17541015712
17541015713
17541015723
17541015729
17541015730
17541015732
17541015737
17541015739
17541015760
17541015780
17541015783
17541015790
17541015791
17541015792
17541015793
17541015803
17541015807
17541015810
17541015821
17541015830
17541015832
17541015836
17541015870
17541015871
17541015873
17541015902
17541015903
17541015907
17541015913
17541015916
17541015917
17541015925
17541015926
17541015931
17541015932
17541015936
17541015937
17541015938
17541015952
17541015953
17541015962
17541015963
17541015971
17541015972
17541015982
17541016023
17541016025
17541016029
17541016031
17541016032
17541016035
17541016037
17541016039
17541016052
17541016059
17541016072
17541016073
17541016079
17541016083
17541016087
17541016097
17541016110
17541016129
17541016132
17541016139
17541016152
17541016157
17541016170
17541016179
17541016192
17541016201
17541016206
17541016207
17541016209
17541016217
17541016219
17541016235
17541016250
17541016257
17541016270
17541016275
17541016279
17541016291
17541016301
17541016309
17541016319
17541016327
17541016351
17541016357
17541016370
17541016376
17541016381
17541016385
17541016387
17541016391
17541016395
17541016397
17541016438
17541016502
17541016503
17541016507
17541016509
17541016512
17541016513
17541016517
17541016523
17541016537
17541016539
17541016544
17541016571
17541016573
17541016583
17541016587
17541016589
17541016591
17541016592
17541016597
17541016709
17541016712
17541016713
17541016715
17541016716
17541016720
17541016721
17541016731
17541016732
17541016750
17541016759
17541016773
17541016774
17541016791
17541016792
17541016796
17541016823
17541016827
17541016830
17541016832
17541016835
17541016837
17541016901
17541016903
17541016905
17541016921
17541016923
17541016931
17541016935
17541016936
17541016937
17541016946
17541016950
17541016951
17541016952
17541016953
17541016970
17541016973
17541016983
17541016985
17541017021
17541017023
17541017032
17541017038
17541017052
17541017053
17541017062
17541017063
17541017069
17541017083
17541017102
17541017120
17541017129
17541017132
17541017136
17541017142
17541017162
17541017169
17541017176
17541017184
17541017192
17541017205
17541017213
17541017250
17541017253
17541017281
17541017295
17541017301
17541017304
17541017308
17541017313
17541017325
17541017329
17541017356
17541017384
17541017391
17541017392
17541017424
17541017428
17541017439
17541017440
17541017442
17541017459
17541017498
17541017502
17541017509
17541017513
17541017523
17541017525
17541017526
17541017530
17541017536
17541017539
17541017582
17541017591
17541017592
17541017603
17541017607
17541017610
17541017613
17541017615
17541017620
17541017635
17541017637
17541017671
17541017673
17541017692
17541017693
17541017697
17541017704
17541017736
17541017763
17541017780
17541017794
17541017803
17541017806
17541017810
17541017820
17541017823
17541017825
17541017843
17541017846
17541017847
17541017852
17541017853
17541017862
17541017901
17541017903
17541017907
17541017913
17541017923
17541017925
17541017930
17541017936
17541017937
17541017952
17541017953
17541017960
17541017961
17541017962
17541017965
17541017981
17541018423
17541018430
17541018473
17541018492
17541018503
17541018509
17541018523
17541018539
17541018562
17541018573
17541018592
17541018593
17541018602
17541018607
17541018623
17541018645
17541018673
17541018690
17541018692
17541018693
17541018697
17541018701
17541018703
17541018705
17541018715
17541018720
17541018723
17541018730
17541018731
17541018734
17541018736
17541018739
17541018746
17541018747
17541018750
17541018759
17541018792
17541018913
17541018930
17541018931
17541018932
17541018935
17541018937
17541018953
17541018957
17541018961
17541018972
17541019015
17541019032
17541019035
17541019037
17541019051
17541019059
17541019061
17541019063
17541019072
17541019103
17541019118
17541019125
17541019130
17541019139
17541019147
17541019150
17541019152
17541019154
17541019174
17541019182
17541019183
17541019204
17541019206
17541019215
17541019217
17541019231
17541019232
17541019250
17541019252
17541019253
17541019263
17541019265
17541019275
17541019281
17541019285
17541019305
17541019307
17541019312
17541019316
17541019327
17541019349
17541019357
17541019359
17541019362
17541019370
17541019372
17541019376
17541019387
17541019406
17541019420
17541019429
17541019502
17541019512
17541019532
17541019534
17541019537
17541019561
17541019562
17541019563
17541019570
17541019571
17541019573
17541019582
17541019583
17541019601
17541019610
17541019613
17541019617
17541019620
17541019637
17541019652
17541019653
17541019670
17541019672
17541019673
17541019674
17541019675
17541019729
17541019735
17541019746
17541019750
17541019751
17541019760
17541019761
17541019801
17541019830
17541019832
17604100984
17604101072
17604101079
17604101084
17604101091
17604101252
17604101261
17604101263
17604101279
17604101283
17604101326
17604101327
17604101365
17604101375
17604101380
17604101382
17604101387
17604101397
17604101507
17604101536
17604101571
17604101673
17604101837
17604101923
17604101975
17604102035
17604102037
17604102076
17604102079
17604102093
17604102095
17604102153
17604102167
17604102173
17604102183
17604102187
17604102195
17604102196
17604102241
17604102263
17604102305
17604102306
17604102307
17604102319
17604102350
17604102361
17604102381
17604102392
17604102396
17604102562
17604102563
17604102572
17604102591
17604102631
17604102632
17604102652
17604102653
17604102672
17604102673
17604102692
17604102693
17604102697
17604102703
17604102730
17604102735
17604102739
17604102751
17604102761
17604102769
17604102780
17604102783
17604102793
17604102796
17604102803
17604102805
17604102813
17604102836
17604102850
17604102851
17604102871
17604102897
17604102913
17604102917
17604102950
17604102953
17604102961
17604102967
17604103019
17604103029
17604103057
17604103063
17604103071
17604103072
17604103085
17604103087
17604103097
17604103152
17604103171
17604103173
17604103175
17604103183
17604103190
17604103196
17604103206
17604103209
17604103256
17604103259
17604103275
17604103283
17604103285
17604103297
17604103571
17604103572
17604103590
17604103597
17604103602
17604103603
17604103612
17604103615
17604103620
17604103621
17604104135
17604104147
17604104431
17604104632
17604108447
17614104951
17640543190
17640545041
17641000841
17641013752
17641022539
17641025710
17641025963
17641029573
17641036904
17641040153
17641040225
17641040392
17641040437
17641040861
17641040893
17641040973
17641051674
17641057364
17641094407
17641099647
17641099753
18524811065
18524811244
18524828214
18624474025
18624478701
18624478715
18624478750
18624478975
18624479015
18624479021
18624479051
18624479053
18624479130
18624479173
18624479183
18624479205
18624479351
18624479361
18624479365
18624479372
18624479385
18624479503
18624479563
18624479571
18624479607
18624479702
18624479703
18624479801
18624479853
18641012037
18641012079
18641012195
18641012383
18641012569
18641012975
18641013008
18641013137
18641013256
18641013962
18641015061
18641015076
18641015132
18641015714
18641015902
18641016021
18641016082
18641016265
18641016370
18641016502
18641016713
18641017153
18641017162
18641017201
18641017216
18641017316
18641017502
18641017509
18641017695
18641017721
18641017813
18641017953
18641017962
18641018273
18641018371
18641019137
18641019173
18641024604
18641030720
18641030837
18641031087
18641031592
18641031735
18641031783
18641031930
18641032193
18641032359
18641032793
18641032802
18641033252
18641033625
18641035172
18641035720
18641036832
18641036910
18641037671
18641038231
18641044197
18641052195
18641052679
18641052764
18641052854
18641053813
18641054783
18641055391
18641055971
18641056134
18641056397
18641056523
18641056590
18641057259
18641057901
18641058014
18641058192
18641058317
18641058562
18641058712
18641059745
18641063493
18641064193
18641064378
18641064570
18641064592
18641064597
18641064763
18641064850
18641064953
18641068412
18641074934
18641079162
18641079201
18641079259
18641079670
18641079803
18641081032
18641081590
18641081603
18641081673
18641081732
18641081736
18641081739
18641081763
18641081831
18641081853
18641081931
18641081932
18641082057
18641082162
18641082350
18641082362
18641082370
18641082395
18641082397
18641082561
18641082593
18641082603
18641082607
18641082651
18641082653
18641082672
18641082689
18641082697
18641082701
18641082703
18641082709
18641082719
18641082763
18641082783
18641082837
18641082961
18641083029
18641083057
18641083059
18641083071
18641083091
18641083129
18641083175
18641083189
18641083192
18641083263
18641083279
18641083293
18641083513
18641083519
18641083527
18641083561
18641083563
18641083572
18641083573
18641083623
18641083671
18641083705
18641083751
18641083781
18641083792
18641083810
18641083815
18641083872
18641083902
18641083903
18641083905
18641083951
18641085976
18641086501
18641086703
18641086973
18641087037
18641087162
18641087523
18641087638
18641088265
18641089031
18641089307
18641089315
18641089732
18698200106
18698200129
18698200145
18698200146
18698200148
18698200162
18698200175
18698200196
18698200213
18698200253
18698200273
18698200341
18698200346
18698200347
18698200372
18698200423
18698200425
18698200431
18698200435
18698200436
18698200453
18698200462
18698200476
18698200482
18698200486
18698200490
18698200515
18698200523
18698200537
18698200540
18698200546
18698200571
18698200581
18698200637
18698200645
18698200691
18698200748
18698200761
18698200769
18698200783
18698200872
18698200902
18698200940
18698200947
18698200961
18698200967
18698201023
18698201042
18698201043
18698201045
18698201057
18698201063
18698201083
18698201095
18698201207
18698201278
18698201283
18698201327
18698201347
18698201356
18698201359
18698201382
18698201412
18698201413
18698201416
18698201417
18698201428
18698201435
18698201437
18698201439
18698201440
18698201442
18698201446
18698201451
18698201460
18698201461
18698201465
18698201469
18698201471
18698201481
18698201530
18698201546
18698201579
18698201597
18698201721
18698201726
18698201743
18698201745
18698201752
18698201835
18698201846
18698201859
18698201865
18698201895
18698201912
18698201931
18698202047
18698202057
18698202073
18698202106
18698202126
18698202136
18698202143
18698202148
18698202165
18698202167
18698202193
18698202197
18698202307
18698202356
18698202361
18698202371
18698202395
18698202427
18698202437
18698202438
18698202439
18698202449
18698202495
18698202496
18698202497
18698202539
18698202542
18698202562
18698202565
18698202571
18698202572
18698202573
18698202610
18698202612
18698202637
18698202641
18698202695
18698202702
18698202706
18698202716
18698202759
18698202763
18698202782
18698202830
18698202841
18698202961
18698202973
18698203041
18698203141
18698203240
18698203243
18698203287
18698203421
18698203423
18698203429
18698203449
18698203483
18698203493
18698203578
18698203749
18698203847
18698204025
18698204027
18698204035
18698204036
18698204038
18698204046
18698204061
18698204065
18698204071
18698204072
18698204073
18698204076
18698204079
18698204081
18698204108
18698204121
18698204125
18698204130
18698204152
18698204161
18698204163
18698204170
18698204196
18698204197
18698204210
18698204215
18698204221
18698204235
18698204237
18698204239
18698204253
18698204256
18698204257
18698204263
18698204283
18698204285
18698204292
18698204293
18698204315
18698204328
18698204330
18698204347
18698204348
18698204352
18698204375
18698204376
18698204391
18698204470
18698204490
18698204647
18698204671
18698204709
18698204759
18698204873
18698204916
18698204930
18698205107
18698205190
18698205196
18698205347
18698205413
18698205472
18698205732
18698205839
18698205860
18698205931
18698206041
18698206175
18698206349
18698206570
18698206571
18698206791
18698206913
18698207038
18698207152
18698207240
18698207261
18698207426
18698207526
18698207837
18698208149
18698208306
18698208403
18698208461
18698208463
18698208713
18698208741
18698209067
18698209175
18698209647
18698209651
18698209781
18698230539
18698231202
18698231507
18698231591
18698231637
18698231731
18698232075
18698232175
18698232351
18698232531
18698232791
18698232961
18698233638
18698233709
18698240539
18698242051
18698245167
18698245761
18698245903
18698246032
18698246097
18698246109
18698246137
18698246157
18698246231
18698246359
18698246370
18698246379
18698246387
18698246532
18698246583
18698246591
18698246905
18698246913
18698246937
18698247057
18698247165
18698247217
18698249562
18698772683
18698772705
18698772952
18698773056
18698773502
18698775928
18698775935
18698776971
18698777235
18698778271
18698778652
18698778812
18698778960
18698779512
18698779721
18698779752
92765465944