13002033283
13002056220
13016005517
13016006176
13016049824
13016062326
13016062901
13025103076
13025159809
13026866959
13026889043
13026889528
13026894705
13026896053
13042025905
13042030432
13042030848
13042031094
13042031241
13042033247
13042033654
13042033846
13042034192
13042034453
13042034893
13042035076
13042035663
13042037142
13042037645
13042037726
13042039086
13042039242
13042039481
13042039572
13042039719
13042042904
13042043249
13042043547
13042043814
13042044840
13042045014
13042046775
13042047527
13042047945
13042048014
13042052862
13042060554
13042060936
13042061340
13042062578
13042062902
13042063249
13042063754
13042064544
13042065146
13042065253
13042065386
13042065857
13042066459
13042067216
13042067497
13042067829
13042067853
13042068323
13042068541
13042069014
13042069543
13042069583
13042071386
13042073093
13042074023
13042074925
13042075247
13042076192
13042076873
13042078371
13042079552
13042080146
13042080786
13042081545
13042081701
13042081945
13042082057
13042082326
13042082454
13042082837
13042082974
13042083229
13042083571
13042084590
13042085014
13042086193
13042086419
13042086427
13042086744
13042087224
13042087832
13042088254
13042088405
13042088554
13042089276
13042089746
13044203035
13044223569
13044223925
13044229451
13044249473
13044270479
13044270840
13044271673
13044272062
13044272892
13044273034
13044273721
13044273861
13044274116
13044274219
13044274254
13044275048
13044275056
13044275264
13044275669
13044276025
13044276803
13044277125
13044277301
13044277340
13048010675
13048030272
13048031565
13048033452
13048034413
13048034462
13048037251
13048037495
13048038944
13048039701
13048039721
13048056270
13048064665
13048068962
13048085051
13054411502
13054436876
13054486104
13054494905
13059182884
13060687147
13060831783
13060849235
13060899360
13060912894
13060951747
13060953246
13060956472
13060959584
13066308346
13066310242
13066350493
13066358426
13066373942
13066377824
13066384907
13068810496
13068840859
13070282656
13070286585
13073059419
13073079109
13073088130
13073090650
13076700523
13076707850
13076717371
13076726762
13076767702
13076802637
13076809232
13076825494
13076841947
13076881131
13076882340
13076893164
13076897660
13078800435
13078801324
13078801844
13078802492
13078803146
13078803647
13078804295
13078804834
13078805426
13078809849
13078822463
13078824981
13078828471
13078829302
13078829649
13078840270
13078840352
13078840657
13078841570
13078842051
13078842197
13078842413
13078843763
13078845473
13078845713
13078846065
13078846496
13078846843
13078847483
13078847945
13078848014
13078848061
13078848357
13078848364
13078848514
13078858128
13078862042
13078862491
13078864351
13078864503
13078865174
13078879736
13078892238
13113976414
13113983146
13119523630
13119541467
13119541740
13119543823
13119548215
13119582546
13119593615
13126410645
13126419874
13126428446
13126450844
13128263698
13128265590
13128600691
13128616359
13128616632
13128646347
13128659201
13129307529
13129324496
13129332894
13129334310
13129364479
13138459249
13138614501
13138622513
13138651248
13138652834
13138664268
13138664467
13138681646
13138690747
13143362201
13143677363
13143690238
13160831235
13160848627
13160871545
13168309207
13168310863
13168338185
13168377340
13168391497
13168802242
13168803952
13168807478
13168819792
13168835707
13168846114
13168853424
13168863059
13172044831
13172095232
13172095931
13178812172
13178859605
13178861816
13178898201
13189013764
13189017052
13189018753
13189060259
13189062904
13189063435
13189064065
13189065405
13189065482
13189156204
13202014139
13202035115
13202090851
13202505743
13226409524
13226426174
13226437857
13226443064
13226448047
13226448951
13226453712
13226459854
13226606832
13226673994
13226678907
13229445362
13229445492
13229445957
13229447421
13229475039
13229479865
13229495870
13229498476
13242804735
13242859744
13242862374
13242862776
13242864514
13242865744
13242867152
13242867492
13242885476
13244813057
13244814241
13244814263
13244814745
13244815264
13246416343
13246455340
13246470174
13246470357
13246471034
13246471707
13246475142
13246475241
13246479143
13246483546
13246495749
13246807834
13246809463
13246813397
13246814254
13246814504
13246831409
13246831634
13246832401
13246835041
13246835124
13246849674
13246873914
13247349647
13247502267
13247518052
13247518471
13247527190
13247528041
13247528465
13247528514
13247529236
13247539524
13247543925
13247563287
13247567454
13247570174
13247583473
13247585427
13247597471
13249701814
13250150471
13250154604
13250157145
13250162645
13250164975
13250165704
13250209884
13250213016
13250231645
13250278194
13250346974
13250556681
13250704294
13250731495
13250741483
13250743297
13250744205
13250746843
13250753473
13250754494
13250767423
13250786394
13250786704
13250788560
13265044784
13265071402
13265144173
13265145724
13265174704
13265178604
13265301497
13265307864
13265310934
13265335164
13265342415
13265378347
13265379746
13265914761
13265916184
13265946983
13265969354
13265984063
13268026334
13268055541
13268235197
13268239274
13268294724
13268314750
13268325747
13286841760
13288450294
13288451294
13288453714
13288457259
13288464720
13288479840
13288493640
13288495024
16602004462
16602004847
16602027721
16602041763
16602052154
16602055894
16602057417
16602064039
16602065482
16602074056
16602075964
16602081450
16602081937
16602084632
16602089150
16620035448
16620039857
16620046864
16620053047
16620057294
16620067486
16620075384
16620080475
16620081764
16620084824
16620086846
16620113249
16620115746
16620116372
16620119467
16620121571
16620122934
16620124450
16620126406
16620127083
16620134896
16620137147
16620144076
16620156144
16620157932
16620160840
16620164921
16620180149
16620187465
16620189460
16620341005
16620455843
16620464270
16624700467
16624700476
16624700481
16624700485
16624700579
16624700587
16624701147
16624701340
16624701342
16624701375
16624701392
16624701397
16624701423
16624701501
16624701519
16624701537
16624701548
16624702501
16624702508
16624702561
16624702595
16624702619
16624702627
16624702720
16624702744
16624702784
16624702819
16624702867
16624702904
16624704903
16624704976
16624704986
16624705018
16624705044
16624705051
16624705121
16624705124
16624705192
16624705229
16624705275
16624705338
16624705374
16624705391
16624705398
16624708269
16624708276
16624708301
16624708316
16624708354
16624708391
16624708401
16624708438
16624709651
16624709652
16624709724
16624709739
16624709742
16624709745
16624709806
16624710049
16624710147
16624710198
16624710252
16624710260
16624710278
16624710289
16624710292
16624710380
16624710389
16624710395
16624710421
16624710431
16624710432
16624710442
16624710498
16624710603
16624710634
16624710748
16624710834
16624710940
16624710994
16624711243
16624711260
16624711394
16624711395
16624711410
16624711440
16624711473
16624711504
16624711512
16624711516
16624711524
16624711598
16624711684
16624711725
16624711790
16624711896
16624711925
16624711926
16624711947
16624711975
16624712025
16624712064
16624712086
16624712146
16624712189
16624712208
16624712353
16624712357
16624712380
16624712387
16624712419
16624712429
16624712497
16624712526
16624712636
16624712740
16624712870
16624712875
16624712878
16624712962
16624712976
16624712994
16624713006
16624713043
16624713065
16624713102
16624713169
16624713176
16624713359
16624713369
16624713370
16624713384
16624713425
16624713441
16624713452
16624713470
16624713473
16624713519
16624713529
16624713589
16624713614
16624713630
16624713759
16624713792
16624713794
16624713820
16624713845
16624713916
16624714018
16624714025
16624714059
16624714072
16624714091
16624714128
16624714146
16624714164
16624714174
16624714202
16624714204
16624714284
16624714302
16624714319
16624714354
16624714375
16624714384
16624714426
16624714463
16624714614
16624714635
16624714649
16624714658
16624714745
16624714861
16624714865
16624714906
16624714931
16624714983
16624715010
16624715189
16624715229
16624715329
16624715386
16624715392
16624715415
16624715494
16624715519
16624715527
16624715625
16624715637
16624715708
16624715712
16624715723
16624715726
16624715741
16624715772
16624715774
16624715779
16624715814
16624715826
16624715864
16624715903
16624715904
16624715921
16624715949
16624716057
16624716096
16624716118
16624716174
16624716224
16624716231
16624716251
16624716260
16624716319
16624716391
16624716418
16624716428
16624716434
16624716443
16624716474
16624716502
16624716514
16624716560
16624716587
16624716609
16624716629
16624716672
16624716730
16624716741
16624716742
16624716792
16624716836
16624716865
16624716939
16624716970
16624716986
16624717043
16624717125
16624717129
16624717137
16624717230
16624717232
16624717237
16624717320
16624717371
16624717381
16624717403
16624717541
16624717637
16624717640
16624717644
16624717689
16624717698
16624717817
16624717953
16624717962
16624717963
16624718069
16624718169
16624718191
16624718249
16624718410
16624718470
16624718479
16624718537
16624718547
16624718559
16624718631
16624718643
16624718647
16624718732
16624718744
16624718757
16624718761
16624718834
16624718857
16624718931
16624718962
16624718981
16624719014
16624719029
16624719036
16624719064
16624719175
16624719197
16624719302
16624719313
16624719342
16624719405
16624719442
16624719474
16624719475
16624719489
16624719510
16624719523
16624719552
16624719561
16624719574
16624719634
16624719657
16624719661
16624719737
16624719794
16624719808
16624719852
16624719936
16626414692
16626432905
16626436140
17502082474
17602014719
17602016129
17602017307
17602017407
17602031164
17602077467
17612010746
17612010944
17612024297
17612028962
17612047414
17612052540
17612054094
17612056852
17612057554
17612059397
17612067358
17620048514
17620054652
17620056140
17620102564
17620104706
17620104810
17620109473
17620113264
17620114824
17620119412
17620129137
17620129659
17620143052
17620144152
17620145764
17620146504
17620146639
17620149742
17620151694
17620152402
17620158204
17620158470
17620158671
17620159874
17620168940
17620187451
17620701542
17620708054
17620708471
17620709604
17620709715
17620709941
17620713425
17620714249
17620714606
17620715594
17620716624
17620716802
17620717947
17620719629
17620733432
17620737141
17620745125
17620746851
17620763731
17620791149
17620797392
17620813731
17620813934
17620815572
17620816346
17620816376
17620817042
17620834027
17620835275
17620835389
17620858732
17620859748
17620863471
17620871644
17620872384
17620873274
17620873659
17620873705
17620874214
17620874347
17620874591
17620874641
17620874963
17620875441
17620875649
17620876634
17620878442
17620878491
17620878641
17620878945
17620893683
17620895637
17620902443
17620902654
17620905743
17620913604
17620914044
17620914053
17620915016
17620915373
17620934864
17620947780
17620949830
17620972232
17620985326
17620985701
17620987402
17665008495
17665037484
17665065340
17665119884
17665130673
17665164351
17665172943
17665184053
17665193314
17665409891
17665416347
17665416407
17665418301
17665439172
17665441576
17665442715
17665446309
17665448305
17665455270
17665457015
17665457502
17666571145
17688370840
17688392870
17688410674
17688413874
17688416140
17688416675
17688417058
17688424470
17688425594
17688427420
17688429701
17688443842
17688445863
17688449065
17688452910
18520341764
18520560490
18520687501
18529128714
18529147464
18529157443
18529173914
18529174024
18529176404
18529267143
18529358643
18529401473
18529402672
18529403847
18529404344
18529406413
18529406439
18529406483
18529407114
18529411048
18529414584
18529414837
18529416240
18529416384
18529417042
18529420484
18529421674
18529422641
18529423240
18529424317
18529424841
18529425094
18529430534
18529430542
18529431284
18529433034
18529434821
18529434961
18529436471
18529442476
18529443540
18529445451
18529451549
18529451701
18529463243
18529472237
18529472340
18529472594
18529473265
18529476031
18529479143
18529485074
18565001549
18565016584
18565025624
18565026426
18565049217
18565066934
18565074312
18565086491
18565086574
18565093649
18565103497
18565120844
18565123847
18565124534
18565124635
18565125549
18565125709
18565126749
18565127240
18565129450
18565129544
18565132984
18565137840
18565139584
18565145307
18565157044
18565160754
18565164187
18565165462
18565165974
18565168437
18565174976
18565175469
18565175824
18565203745
18565209374
18565209840
18565216445
18565241647
18565241694
18565241847
18565243743
18565244721
18565245304
18565246746
18565247346
18565254631
18565274221
18565274902
18565280473
18565283462
18565301374
18565314764
18565324043
18565324741
18565324843
18565327479
18565343047
18565345409
18565348137
18565364036
18565372374
18565372524
18565372542
18565372740
18565376974
18565401474
18565401484
18565403492
18565404172
18565406734
18565417472
18565418562
18565422435
18565423684
18565430634
18565436941
18565447046
18565450174
18565452402
18565463674
18565478562
18565492231
18565504273
18565574927
18565593457
18578619242
18578733104
18578764459
18589243446
18589245844
18589253424
18589284207
18594043263
18594073204
18594075324
18594907041
18620476462