16620782038
16620783991
16620786110
16620787008
16620787375
16620788223
16620788717
16620789758
16620789838
16620790612
16620791298
16620793383
16620795005
16620795538
16620795838
16620795969
16620796882
16620797060
16620797101
16620797529
16620798521
16620798812
16620798960
16620799339
16620799870
16620801878
16620802827
16620802906
16620803031
16620803906
16620806181
16620806670
16620806778
16620806787
16620807997
16620808253
16620808367
16620808939
16620809026
16620809331
16620809980
16625106523
17512000397
17512001736
17512006829
17512007178
17512007225
17512009676
17512010308
17512011308
17512011553
17512011598
17512012808
17512013099
17512013301
17512013778
17512015153
17512015223
17512015535
17512015905
17512016127
17512016363
17512016583
17512016768
17512016992
17512017968
17512018593
17512018937
17512019083
17512019737
17512019781
17512020127
17512020631
17512020989
17512021039
17512021872
17512022669
17512023162
17512023186
17512023850
17512023873
17512025760
17512026096
17512026212
17512026290
17512026639
17512026772
17512027125
17512027685
17512028730
17512028752
17512029561
17512029568
17512029805
17512031120
17512031397
17512032397
17512032507
17512033280
17512035016
17512035071
17512035769
17512037281
17512038061
17512038556
17512039256
17512039322
17512039396
17512050566
17512051156
17512051800
17512052053
17512052590
17512053667
17512055115
17512055708
17512055853
17512056306
17512056527
17512056730
17512056783
17512057130
17512057132
17512057231
17512058565
17512059312
17512059617
17512062572
17512062971
17512063062
17512063685
17512063752
17512065250
17512066127
17512066302
17512067182
17512068238
17512068385
17512069012
17512069517
17512069717
17512069902
17512069955
17512070675
17512071132
17512071306
17512071310
17512072233
17512072375
17512072565
17512072962
17512073262
17512073376
17512075715
17512075865
17512077655
17512077967
17512078293
17512078501
17512078959
17512079090
17512080196
17512081360
17512082125
17512083681
17512083729
17512085681
17512085738
17512086705
17512086750
17512087692
17512088095
17512088373
17512089915
17512090791
17512090863
17512091135
17512092527
17512092695
17512093280
17512093713
17512095687
17512096359
17512096573
17512096738
17512096809
17512096856
17512096913
17512097361
17512098785
17512099617
17520487811
17603002139
17603005223
17603005372
17603005806
17603008951
17603011871
17603012376
17603012396
17603012722
17603012967
17603013068
17603013359
17603015033
17603015738
17603016522
17603016891
17603016966
17603017592
17603017689
17603017820
17603017867
17603017900
17603018039
17603018100
17603018236
17603018997
17603019163
17603019573
17603019739
17603019768
17603020791
17603020859
17603021566
17603021922
17603022362
17603022758
17603023662
17603023779
17603026001
17603026253
17603027373
17603027550
17603028395
17603028766
17603029011
17603029051
17603029179
17603029230
17603029835
17603032709
17603032781
17603051501
17603053291
17603053385
17603055277
17603055358
17603055695
17603056319
17603056500
17603057371
17603058073
17603058722
17603058905
17603059179
17603063411
17603063570
17603063659
17603065035
17603065095
17603066233
17603068925
17603069466
17603069721
17603069813
17603072897
17603073025
17603073051
17603073207
17603073553
17603073689
17603073760
17603075167
17603075177
17603076313
17603076597
17603076638
17603077361
17603077525
17603078170
17603079560
17603079917
17603080783
17603081367
17603081680
17603081939
17603082209
17603082310
17603082930
17603083616
17603083722
17603083750
17603085293
17603085932
17603086179
17603086582
17603086768
17603086799
17603086910
17603087215
17603087528
17603087852
17603090612
17603090630
17603091383
17603091587
17603092158
17603093637
17603095031
17603095067
17603095101
17603095228
17603095737
17603096018
17603096839
17603097112
17603097329
17603097610
17603098259
17603098825
17603098990
17607552851
17607553203
17607553685
17607553699
17607555192
17607559237
17607610296
17607611011
17607611721
17607612161
17607612803
17607612989
17607613236
17607613915
17607614311
17607615608
17607616196
17607616296
17607616576
17607617037
17607617283
17607617295
17607618086
17607672380
17607672569
17607673067
17607673630
17607678230
17607678513
17620301599
17620302215
17620302537
17620303153
17620306192
17620306750
17620310766
17620311710
17620312036
17620313005
17620313213
17620313237
17620313918
17620315276
17620315331
17620315969
17620316352
17620317167
17620317279
17620317378
17620318968
17620319517
17620320173
17620320760
17620320773
17620321363
17620322106
17620322505
17620323709
17620323922
17620323982
17620325270
17620325727
17620325973
17620326177
17620326936
17620327093
17620327330
17620327877
17620328031
17620328753
17620328760
17620329112
17620350253
17620350791
17620351276
17620352831
17620353129
17620353171
17620353602
17620356732
17620356976
17620358660
17620371073
17620371135
17620371806
17620371859
17620371921
17620372173
17620372385
17620372991
17620373582
17620373865
17620373960
17620373962
17620376027
17620376310
17620376900
17620377895
17620378115
17620378230
17620378911
17620379869
17620380230
17620380767
17620381552
17620381921
17620382699
17620383126
17620383153
17620385807
17620386183
17620388681
17620390331
17620390773
17620390971
17620391067
17620391156
17620391157
17620391620
17620391673
17620391725
17620391887
17620391889
17620392199
17620392212
17620392595
17620392617
17620392702
17620392790
17620393198
17620393396
17620394966
17620395167
17620395362
17620395913
17620396101
17620396216
17620396231
17620396986
17620397193
17620397237
17620397567
17620397932
17620398081
17620398935
17620399032
17620399863
17620426123
17620432977
17620433511
17620483678
17665210152
17665210187
17665210359
17665212525
17665212671
17665215727
17665216390
17665216433
17665216879
17665217135
17665217898
17665218015
17665218267
17665219058
17665219630
17665220121
17665220581
17665221275
17665221398
17665221650
17665222368
17665222837
17665225980
17665226735
17665227031
17665227656
17665228079
17665228523
17665228716
17665228983
17665229335
17665229616
17665230871
17665231170
17665235081
17665235309
17665235372
17665235570
17665235890
17665238053
17665250139
17665250385
17665250637
17665252829
17665253601
17665253835
17665253915
17665255218
17665255258
17665255262
17665255793
17665257378
17665258606
17665258911
17665260180
17665261060
17665261757
17665261780
17665262152
17665263510
17665265032
17665265936
17665266382
17665268013
17665270980
17665271283
17665271506
17665271632
17665271675
17665271826
17665272871
17665273852
17665275179
17665275539
17665276329
17665277035
17665277127
17665277367
17665277380
17665278502
17665279738
17665280031
17665281032
17665281572
17665281612
17665285351
17665285382
17665301756
17665302783
17665303367
17665305215
17665305509
17665305715
17665307016
17665308081
17665309709
17665310012
17665310316
17665311050
17665311751
17665312093
17665312109
17665312733
17665312783
17665315311
17665315988
17665316005
17665316925
17665317025
17665318192
17665318503
17665321157
17665321957
17665322007
17665322503
17665322537
17665323938
17665325193
17665325617
17665326032
17665327101
17665327757
17665329526
17665329558
17665331350
17665332835
17665335097
17665335286
17665335697
17665335783
17665337812
17665337925
17665338525
17665338905
17665339597
17665351390
17665352028
17665353022
17665353512
17665355183
17665355836
17665356292
17665356763
17665357290
17665357356
17665357539
17665357669
17665358058
17665358078
17665358083
17665358206
17665358510
17665359201
17665359596
17665359922
17665360956
17665360958
17665361318
17665361501
17665361718
17665361926
17665363571
17665365126
17665365735
17665365860
17665367291
17665367693
17665367972
17665370638
17665370957
17665372160
17665372302
17665373135
17665373178
17665373711
17665375136
17665376703
17665376870
17665377098
17665377525
17665377809
17665377972
17665378276
17665379535
17665382389
17665383171
17665383176
17665383767
17665386392
17665387582
17665388329
17665389135
17666108167
17666108905
17666112382
17666112726
17666113596
17666115160
17666116032
17666116376
17666116701
17666117239
17666126199
17666127206
17666128517
17666129056
17666135322
17666142377
17666145366
17666290575
17666290882
17666291755
17666291829
17666292269
17666292536
17666295623
17666296205
17666296251
17666296323
17666296926
17666296931
17666297857
17666297928
17688152165
17688152192
17688152369
17688153028
17688153857
17688153956
17688156310
17688156317
17688157906
17688160385
17688160635
17688161202
17688161928
17688162096
17688162651
17688162731
17688162860
17688163138
17688165039
17688166770
17688167103
17688167382
17688167659
17688169315
17688530696
17688531139
17688531692
17688532795
17688533267
17688535502
17688536101
17688539278
17688553922
17688560659
17688560877
17688560905
17688561362
17688561372
17688561959
17688563233
17688565953
17688566582
17688566911
17688567263
17688567513
17688568112
17688569061
17688711556
17688711562
17688711662
17688714711
17688715150
17688715611
17688715952
17688716970
17688717856
17688719095
17688719302
17688720191
17688722390
17688725061
17688727032
17688727156
17688727193
17688727902
17688728107
17688728253
17688728305
17688729100
17688729600
17688729671
17688729703
17688731503
17688732022
17688732165
17688732597
17688732738
17688735035
17688736851
17688737186
17688737323
17688737338
17688737892
17688738320
17688739358
17688756161
17688756833
17688781276
17688781739
17688785159
17688912385
17688912872
17688913002
17688915372
17688917299
17688917873
17688919020
17688921525
17688923075
17688923209
17688923615
17688925103
17688926911
17688929030
17688930096
17688930151
17688930559
17688930661
17688930797
17688931227
17688931316
17688931679
17688932009
17688932201
17688932259
17688932265
17688932315
17688932576
17688932712
17688933373
17688935272
17688935282
17688935856
17688936056
17688936736
17688936993
17688937020
17688939005
17688950202
17688956477
17688973592
17688973761
17688975180
17688981466
17688995012
18520823195
18565790239
18575682752
18576442876
18576487281
18576794023
18598033726
18617108561
18617145871
18617151298
18617152681
18617156115
18617156367
18617157967
18617158295
18617158826
18620350098
18620350732
18620351375
18620356768
18620357565
18620358125
18620359265
18620391523
18620391706
18620391786
18620393032
18620393709
18620393792
18620395580
18620398227
18620398523
18665380835
18665382067
18665385021
18665387126
18665389692
18665875830
18665876879
18665877306
18665877970
18665878892
18665890397
18665890765
18665891757
18665893850
18665895391
18665897679
18665897765
18665898261
18665898503
18665899553
18665950279
18665952176
18665952657
18665953250
18665953298
18665955380
18665955829
18665957059
18665992181
18665992705
18666205837
18666208038
18666208702
18666209638
18666212652
18666213259
18666217812
18666827915
18675572181
18675573801
18675573816
18676671550
18676671809
18676677010
18676682307
18676683395
18676687862
18676752138
18676752651
18676756365
18676756709
18676757716
18680360153
18680360165
18680360198
18680361061
18680361905
18680363605
18680365198
18680365512
18680365829
18680366715
18680367918
18680368362
18680391592
18680392390
18680393578
18680393637
18681512709
18681512907
18681513953
18681515137
18681516809
18681551651
18681553929
18681556978
18681558170
18681559976
18682071062
18682071078
18682073601
18682073695
18682075650
18682082383
18682085067
18682085189
18682087997
18682088735
18682106927
18682153561
18682156932
18682156937
18682158261
18682161172
18682165791
18682167965
18682168382
18682181387
18682182253
18682183036
18682183351
18682183881
18682185005
18682186717
18682187285
18682188239
18682189383
18682190685
18682192610
18682192721
18682196397
18682199597
18682262975
18682263581
18682265239
18682266131
18682266507
18682267061
18682269227
18682269610
18682280952
18682286571
18682302651
18682302661
18682305362
18682306120
18682308796
18682464699
18688700363
18688702795
18688702821
18688705279
18688706785
18689211538
18689212998
18689213202
18689215670
18689215761
18689216121
18689216910
18689217021
18689217327
18689219610