13113615820
13113615821
13113615995
13113617085
13113620267
13113620351
13113623893
13113625091
13113626970
13113627061
13113629570
13113629732
13113650069
13113650091
13113650135
13113650160
13113650176
13113650186
13113650210
13113650260
13113650292
13113650297
13113650307
13113650381
13113650391
13113650572
13113650576
13113650585
13113650592
13113650601
13113650631
13113650657
13113650659
13113650665
13113650667
13113650690
13113650696
13113650710
13113650715
13113650716
13113650721
13113650753
13113650790
13113650797
13113650831
13113650917
13113650960
13113650962
13113650981
13113651035
13113651058
13113651070
13113651076
13113651095
13113651192
13113651202
13113651290
13113651362
13113651370
13113651373
13113651503
13113651510
13113651519
13113651582
13113651619
13113651632
13113651689
13113651708
13113651710
13113651712
13113651723
13113651783
13113651791
13113651793
13113651802
13113651815
13113651878
13113651936
13113651961
13113651982
13113651995
13113652013
13113652102
13113652116
13113652139
13113652201
13113652202
13113652217
13113652261
13113652275
13113652292
13113652308
13113652309
13113652325
13113652331
13113652375
13113652562
13113652583
13113652607
13113652637
13113652651
13113652658
13113652701
13113652703
13113652739
13113652803
13113652851
13113652871
13113652872
13113652882
13113652902
13113652970
13113652981
13113653037
13113653038
13113653062
13113653113
13113653128
13113653157
13113653161
13113653206
13113653265
13113653280
13113653291
13113653329
13113653373
13113653560
13113653571
13113653586
13113653592
13113653613
13113653629
13113653658
13113653679
13113653692
13113653713
13113653760
13113653768
13113653793
13113653808
13113653858
13113653860
13113653865
13113653901
13113653962
13113653968
13113690572
13113692536
13113692732
13113693206
13113693513
13113693603
13113695079
13113695707
13113696803
13113697296
13113697305
13113697320
13113697537
13113697538
13113697581
13113698359
13113698537
13113698592
13128700169
13128700390
13128700392
13128701582
13128701783
13128702091
13128702120
13128702307
13128703063
13128703316
13128703961
13128705087
13128705172
13128705196
13128705313
13128705730
13128705735
13128705762
13128705879
13128705983
13128706165
13128707352
13128707523
13128707651
13128708167
13128708527
13128708651
13128708930
13128709235
13128709357
13128709536
13128709568
13128709619
13128709773
13128709825
13128710250
13128710261
13128711295
13128711531
13128711837
13128712056
13128712312
13128712587
13128712691
13128713172
13128713189
13128713265
13128713281
13128713509
13128713597
13128713693
13128713730
13128713973
13128715070
13128715120
13128715172
13128715371
13128715387
13128715793
13128715823
13128716112
13128717053
13128717297
13128717860
13128717902
13128718193
13128718653
13128719021
13128719530
13128719729
13128720053
13128720278
13128720656
13128720871
13128720932
13128720965
13128721192
13128721268
13128721289
13128721895
13128721961
13128721976
13128722102
13128722329
13128722339
13128723352
13128723529
13128723915
13128725605
13128725650
13128725785
13128726027
13128726708
13128726732
13128727016
13128727253
13128727390
13128727639
13128728039
13128728269
13128728501
13128728526
13128728705
13128728795
13128729063
13128729273
13128729863
13128729976
13128731021
13128731297
13128731976
13128732236
13128732303
13128732702
13128732736
13128732763
13128732876
13128732912
13128733527
13128735720
13128736153
13128736169
13128736296
13128736398
13128736521
13128736523
13128736627
13128737201
13128737670
13128737827
13128737931
13128738215
13128738220
13128738225
13128738263
13128738328
13128738719
13128738731
13128739076
13128739289
13128739809
13128739859
13128750552
13128750581
13128750837
13128750872
13128751250
13128751302
13128751338
13128751627
13128751769
13128751952
13128752182
13128752291
13128752565
13128752915
13128753537
13128753693
13128753805
13128753813
13128753867
13128753890
13128755112
13128755163
13128755639
13128756097
13128756210
13128756352
13128756385
13128756832
13128757657
13128757810
13128757891
13128757959
13128758165
13128758926
13128758971
13128759183
13128759257
13128759325
13128759760
13128760532
13128760537
13128761127
13128761308
13128761570
13128761589
13128761906
13128762106
13128762173
13128762275
13128762387
13128762530
13128762590
13128762783
13128763053
13128763070
13128763073
13128763117
13128763217
13128763256
13128763309
13128763719
13128763770
13128763856
13128763867
13128763963
13128765283
13128765351
13128765509
13128765527
13128765676
13128766219
13128766676
13128766717
13128767096
13128767152
13128767207
13128767217
13128767308
13128767363
13128767601
13128767635
13128767673
13128767717
13128767957
13128768028
13128768105
13128768278
13128768302
13128768359
13128768582
13128768730
13128768837
13128769021
13128769159
13128769230
13128769309
13128769526
13128769793
13128769806
13128769882
13128769925
13128769927
13128770869
13128770982
13128771271
13128771351
13128771373
13128771523
13128771809
13128772550
13128772697
13128773161
13128773287
13128773652
13128773861
13128775132
13128775227
13128775690
13128775718
13128775863
13128775873
13128776072
13128776351
13128776371
13128776735
13128776759
13128777310
13128777962
13128778052
13128779051
13128779326
13128779535
13128779753
13128780103
13128780189
13128780258
13128780297
13128780997
13128781039
13128781091
13128781507
13128781586
13128781610
13128781701
13128781792
13128781835
13128781857
13128781905
13128781970
13128782317
13128782515
13128783092
13128783107
13128783117
13128783225
13128783353
13128783759
13128783805
13128783823
13128783931
13128785163
13128785506
13128785723
13128785751
13128785892
13128786038
13128786061
13128786063
13128786152
13128786169
13128786318
13128786372
13128786376
13128786580
13128786582
13128786859
13128787119
13128787316
13128787329
13128787362
13128787653
13128787857
13128787908
13128787931
13128788126
13128788152
13128788175
13128788309
13128788576
13128788617
13128788685
13128788985
13128789182
13128789352
13128789557
13128789570
13128789717
13128790073
13128790193
13128790318
13128790572
13128790639
13128790691
13128790736
13128790891
13128790958
13128791098
13128791215
13128791239
13128791326
13128791375
13128791680
13128791971
13128791982
13128792181
13128792225
13128792307
13128792613
13128792693
13128792730
13128792953
13128793116
13128793226
13128793276
13128793290
13128793305
13128793523
13128793753
13128793836
13128793950
13128795015
13128795157
13128795176
13128795207
13128795316
13128795586
13128795669
13128795670
13128795679
13128796017
13128796150
13128796257
13128796301
13128796307
13128796323
13128796376
13128796559
13128796632
13128797202
13128797231
13128797325
13128797391
13128797859
13128798223
13128798371
13128798732
13128798735
13128798926
13128798929
13128799052
13128799228
13128799617
13128799657
13128799826
13128799853
13128799860
13128799867
13128799882
13128799961
13128900763
13128901323
13128901397
13128902358
13128902585
13128903167
13128903392
13128903796
13128903985
13128905072
13128905298
13128905709
13128906165
13128906271
13128906518
13128906760
13128906857
13128906937
13128907027
13128907389
13128907960
13128908552
13128908627
13128909506
13128909712
13128910036
13128910161
13128910165
13128910287
13128910360
13128910609
13128910720
13128911136
13128911379
13128911530
13128912312
13128912316
13128912689
13128912756
13128912790
13128912795
13128912852
13128913087
13128913098
13128913113
13128913392
13128913568
13128913638
13128913639
13128913695
13128913713
13128913857
13128913897
13128915095
13128915295
13128915307
13128915397
13128915601
13128915876
13128915905
13128915927
13128915952
13128915973
13128916035
13128916082
13128916585
13128916936
13128917135
13128917152
13128917183
13128917298
13128917337
13128917615
13128917767
13128918112
13128918562
13128918971
13128919626
13128920013
13128920113
13128920516
13128920559
13128920631
13128920639
13128920665
13128920738
13128920761
13128920858
13128921030
13128921330
13128921359
13128921392
13128921512
13128921715
13128921802
13128922069
13128922132
13128922569
13128922576
13128922582
13128923006
13128923167
13128923207
13128923302
13128923325
13128923909
13128925017
13128925137
13128925232
13128925596
13128925715
13128925851
13128925961
13128926070
13128926261
13128926915
13128926982
13128927219
13128927290
13128927502
13128927587
13128927753
13128927802
13128928375
13128928521
13128928596
13128928950
13128928962
13128929575
13128929859
13128929913
13128930331
13128930578
13128930790
13128932027
13128932560
13128932735
13128932751
13128932782
13128932791
13128932906
13128933083
13128933172
13128933759
13128933895
13128935317
13128936295
13128936530
13128936907
13128937016
13128937035
13128937602
13128937679
13128937683
13128939651
13128939716
13128950021
13128950180
13128950276
13128950539
13128950562
13128950619
13128950670
13128950738
13128950995
13128951167
13128951358
13128951532
13128951627
13128951660
13128951669
13128951673
13128951935
13128952081
13128952086
13128952156
13128952271
13128952279
13128952373
13128952502
13128952613
13128952659
13128952667
13128952721
13128952856
13128953010
13128953032
13128953090
13128953135
13128953702
13128953913
13128953979
13128955013
13128955126
13128955610
13128955712
13128956227
13128956310
13128956336
13128956503
13128956509
13128956528
13128957078
13128957353
13128957652
13128957928
13128957963
13128958027
13128958098
13128959232
13128959315
13128959351
13128959391
13128959523
13128959592
13128959607
13128959728
13128959735
13128959768
13128961739
13128966821
13128967259
13128972815
13128973627
13128973736
13128975382
13128976570
13128977293
13128985029
13128985382
13128986236
13128986582
13128986707
13128986712
13128987151
13128987250
13128987501
13129507993
13129508192
13129516053
13129520835
13129528793
13129532531
13129539073
13129557107
13129560813
13129562392
13129568706
13129569037
13145943028
13147029632
13168701792
13168707195
13168709701
13168710383
13168711719
13168712697
13168712763
13168712765
13168713267
13168715305
13168715370
13168715578
13168715782
13168715902
13168715963
13168716315
13168716357
13168717235
13168717503
13168717576
13168718075
13168718735
13168719231
13168719276
13168719831
13168721307
13168721837
13168722571
13168723105
13168725190
13168725315
13168725391
13168725397
13168726295
13168727153
13168729173
13168730172
13168730251
13168730532
13168731375
13168731727
13168732590
13168733817
13168735271
13168735382
13168735631
13168735716
13168735831
13168735903
13168736237
13168736502
13168737063
13168737215
13168737527
13168739152
13168739157
13168739207
13168739251
13168739320
13168739376
13168750931
13168751273
13168751629
13168753605
13168753671
13168753903
13168753967
13168756967
13168758357
13168758517
13168759127
13168759372
13168762195
13168763573
13168763923
13168769503
13168780293
13168780932
13168783125
13168783176
13168783251
13168785173
13168785637
13168786750
13168790763
13168792375
13168793632
13168793712
13168795081
13168795267
13168795617
13168796213
13168798265
13168798357
13168798507
13168799067
13168799276
13265443053
13266537232
13266539042
13266571723
13266579253
13266582775
13266710623
13266713639
13266718157
13266721513
13267108975
13267110631
15602902895
15602908361
15602910839
15602911857
15602912787
15602931767
15602937071
15602951651
15626515269
15692085836
15692086383
16620780198
16620780585
16620781206
16620782038
16620783991
16620786110
16620787008
16620787375
16620788223
16620788717
16620789758
16620789838
16620790612
16620791298
16620793383
16620795005
16620795538
16620795838
16620795969
16620796882
16620797060
16620797101
16620797529
16620798521
16620798812
16620798960
16620799339
16620799870
16620801878
16620802827
16620802906
16620803031
16620803906
16620806181
16620806670
16620806778
16620806787
16620807997
16620808253
16620808367
16620808939
16620809026
16620809331
16620809980
16625106523
17512000397
17512001736
17512006829
17512007178
17512007225
17512009676
17512010308
17512011308
17512011553
17512011598
17512012808
17512013099
17512013301
17512013778
17512015153
17512015223
17512015535
17512015905
17512016127
17512016363
17512016583
17512016768
17512016992
17512017968
17512018593
17512018937
17512019083
17512019737
17512019781
17512020127
17512020631
17512020989
17512021039
17512021872
17512022669
17512023162
17512023186
17512023850
17512023873
17512025760
17512026096
17512026212
17512026290
17512026639
17512026772
17512027125
17512027685
17512028730
17512028752
17512029561
17512029568
17512029805
17512031120
17512031397
17512032397
17512032507
17512033280
17512035016
17512035071
17512035769
17512037281
17512038061
17512038556
17512039256
17512039322
17512039396
17512050566
17512051156
17512051800
17512052053
17512052590
17512053667
17512055115
17512055708
17512055853
17512056306
17512056527
17512056730
17512056783
17512057130
17512057132
17512057231
17512058565
17512059312
17512059617
17512062572
17512062971
17512063062
17512063685
17512063752
17512065250
17512066127
17512066302
17512067182
17512068238
17512068385
17512069012
17512069517
17512069717
17512069902
17512069955
17512070675
17512071132
17512071306
17512071310
17512072233
17512072375
17512072565
17512072962
17512073262
17512073376
17512075715
17512075865
17512077655
17512077967
17512078293
17512078501
17512078959
17512079090
17512080196
17512081360
17512082125
17512083681
17512083729
17512085681
17512085738
17512086705
17512086750
17512087692
17512088095
17512088373
17512089915
17512090791
17512090863
17512091135
17512092527
17512092695
17512093280
17512093713
17512095687
17512096359
17512096573
17512096738
17512096809
17512096856
17512096913
17512097361
17512098785
17512099617
17520487811
17603002139
17603005223
17603005372
17603005806
17603008951
17603011871
17603012376
17603012396
17603012722
17603012967
17603013068
17603013359
17603015033
17603015738
17603016522
17603016891
17603016966
17603017592
17603017689
17603017820
17603017867
17603017900
17603018039
17603018100
17603018236
17603018997
17603019163
17603019573
17603019739
17603019768
17603020791
17603020859
17603021566
17603021922
17603022362
17603022758
17603023662
17603023779
17603026001
17603026253
17603027373
17603027550
17603028395
17603028766
17603029011
17603029051
17603029179
17603029230
17603029835
17603032709
17603032781
17603051501
17603053291
17603053385
17603055277
17603055358
17603055695
17603056319
17603056500
17603057371
17603058073
17603058722
17603058905
17603059179
17603063411
17603063570
17603063659
17603065035
17603065095
17603066233
17603068925
17603069466
17603069721
17603069813
17603072897
17603073025
17603073051
17603073207
17603073553
17603073689
17603073760
17603075167
17603075177
17603076313
17603076597
17603076638
17603077361
17603077525
17603078170
17603079560
17603079917
17603080783
17603081367
17603081680
17603081939
17603082209
17603082310
17603082930
17603083616
17603083722
17603083750
17603085293
17603085932
17603086179
17603086582
17603086768
17603086799
17603086910
17603087215
17603087528
17603087852
17603090612
17603090630
17603091383
17603091587
17603092158
17603093637
17603095031
17603095067
17603095101
17603095228
17603095737
17603096018
17603096839
17603097112
17603097329
17603097610
17603098259
17603098825
17603098990
17607552851
17607553203
17607553685
17607553699
17607555192
17607559237
17607610296
17607611011
17607611721
17607612161
17607612803
17607612989
17607613236
17607613915
17607614311
17607615608
17607616196
17607616296
17607616576
17607617037
17607617283
17607617295
17607618086
17607672380
17607672569
17607673067
17607673630
17607678230
17607678513
17620301599
17620302215
17620302537
17620303153
17620306192
17620306750
17620310766
17620311710
17620312036
17620313005
17620313213
17620313237
17620313918
17620315276
17620315331
17620315969
17620316352
17620317167
17620317279
17620317378
17620318968
17620319517
17620320173
17620320760
17620320773
17620321363
17620322106
17620322505
17620323709
17620323922
17620323982
17620325270
17620325727
17620325973
17620326177
17620326936
17620327093
17620327330
17620327877
17620328031
17620328753
17620328760
17620329112
17620350253
17620350791
17620351276
17620352831
17620353129
17620353171
17620353602
17620356732
17620356976
17620358660
17620371073
17620371135
17620371806
17620371859
17620371921
17620372173
17620372385
17620372991
17620373582
17620373865
17620373960
17620373962
17620376027
17620376310
17620376900
17620377895
17620378115
17620378230
17620378911
17620379869
17620380230
17620380767
17620381552
17620381921
17620382699
17620383126
17620383153
17620385807
17620386183
17620388681
17620390331
17620390773
17620390971
17620391067
17620391156
17620391157
17620391620
17620391673
17620391725
17620391887
17620391889
17620392199
17620392212
17620392595
17620392617
17620392702
17620392790
17620393198
17620393396
17620394966
17620395167
17620395362
17620395913
17620396101
17620396216
17620396231
17620396986
17620397193
17620397237
17620397567
17620397932
17620398081
17620398935
17620399032
17620399863
17620426123
17620432977
17620433511
17620483678
17665210152
17665210187
17665210359
17665212525
17665212671
17665215727
17665216390
17665216433
17665216879
17665217135
17665217898
17665218015
17665218267
17665219058
17665219630
17665220121
17665220581
17665221275
17665221398
17665221650
17665222368
17665222837
17665225980
17665226735
17665227031
17665227656
17665228079
17665228523
17665228716
17665228983
17665229335
17665229616
17665230871
17665231170
17665235081
17665235309
17665235372
17665235570
17665235890
17665238053
17665250139
17665250385
17665250637
17665252829
17665253601
17665253835
17665253915
17665255218
17665255258
17665255262
17665255793
17665257378
17665258606
17665258911
17665260180
17665261060
17665261757
17665261780
17665262152
17665263510
17665265032
17665265936
17665266382
17665268013
17665270980
17665271283
17665271506
17665271632
17665271675
17665271826
17665272871
17665273852
17665275179
17665275539
17665276329
17665277035
17665277127
17665277367
17665277380
17665278502
17665279738
17665280031
17665281032
17665281572
17665281612
17665285351
17665285382
17665301756
17665302783
17665303367
17665305215
17665305509
17665305715
17665307016
17665308081
17665309709
17665310012
17665310316
17665311050
17665311751
17665312093
17665312109
17665312733
17665312783
17665315311
17665315988
17665316005
17665316925
17665317025
17665318192
17665318503
17665321157
17665321957
17665322007
17665322503
17665322537
17665323938
17665325193
17665325617
17665326032
17665327101
17665327757
17665329526
17665329558
17665331350
17665332835
17665335097
17665335286
17665335697
17665335783
17665337812
17665337925
17665338525
17665338905
17665339597
17665351390
17665352028
17665353022
17665353512
17665355183
17665355836
17665356292
17665356763
17665357290
17665357356
17665357539
17665357669
17665358058
17665358078
17665358083
17665358206
17665358510
17665359201
17665359596
17665359922
17665360956
17665360958
17665361318
17665361501
17665361718
17665361926
17665363571
17665365126
17665365735
17665365860
17665367291
17665367693
17665367972
17665370638
17665370957
17665372160
17665372302
17665373135
17665373178
17665373711
17665375136
17665376703
17665376870
17665377098
17665377525
17665377809
17665377972
17665378276
17665379535
17665382389
17665383171
17665383176
17665383767
17665386392
17665387582
17665388329
17665389135
17666108167
17666108905
17666112382
17666112726
17666113596
17666115160
17666116032
17666116376
17666116701
17666117239
17666126199
17666127206
17666128517
17666129056
17666135322
17666142377
17666145366
17666290575
17666290882
17666291755
17666291829
17666292269
17666292536
17666295623
17666296205
17666296251
17666296323
17666296926
17666296931
17666297857
17666297928
17688152165
17688152192
17688152369
17688153028
17688153857
17688153956
17688156310
17688156317
17688157906
17688160385
17688160635
17688161202
17688161928
17688162096
17688162651
17688162731
17688162860
17688163138
17688165039
17688166770
17688167103
17688167382
17688167659
17688169315
17688530696
17688531139
17688531692
17688532795
17688533267
17688535502
17688536101
17688539278
17688553922
17688560659
17688560877
17688560905
17688561362
17688561372
17688561959
17688563233
17688565953
17688566582
17688566911
17688567263
17688567513
17688568112
17688569061
17688711556
17688711562
17688711662
17688714711
17688715150
17688715611
17688715952
17688716970
17688717856
17688719095
17688719302
17688720191
17688722390
17688725061
17688727032
17688727156
17688727193
17688727902
17688728107
17688728253
17688728305
17688729100
17688729600
17688729671
17688729703
17688731503
17688732022
17688732165
17688732597
17688732738
17688735035
17688736851
17688737186
17688737323
17688737338
17688737892
17688738320
17688739358
17688756161
17688756833
17688781276
17688781739
17688785159
17688912385
17688912872
17688913002
17688915372
17688917299
17688917873
17688919020
17688921525
17688923075
17688923209
17688923615
17688925103
17688926911
17688929030
17688930096
17688930151
17688930559
17688930661
17688930797
17688931227
17688931316
17688931679
17688932009
17688932201
17688932259
17688932265
17688932315
17688932576
17688932712
17688933373
17688935272
17688935282
17688935856
17688936056
17688936736
17688936993
17688937020
17688939005
17688950202
17688956477
17688973592
17688973761
17688975180
17688981466
17688995012
18520823195
18565790239
18575682752
18576442876
18576487281
18576794023
18598033726
18617108561
18617145871
18617151298
18617152681
18617156115
18617156367
18617157967
18617158295
18617158826
18620350098
18620350732
18620351375
18620356768
18620357565
18620358125
18620359265
18620391523
18620391706
18620391786
18620393032
18620393709
18620393792
18620395580
18620398227
18620398523
18665380835
18665382067
18665385021
18665387126
18665389692
18665875830
18665876879
18665877306
18665877970
18665878892
18665890397
18665890765
18665891757
18665893850
18665895391
18665897679
18665897765
18665898261
18665898503
18665899553
18665950279
18665952176
18665952657
18665953250
18665953298
18665955380
18665955829
18665957059
18665992181
18665992705
18666205837
18666208038
18666208702
18666209638
18666212652
18666213259
18666217812
18666827915
18675572181
18675573801
18675573816
18676671550
18676671809
18676677010
18676682307
18676683395
18676687862
18676752138
18676752651
18676756365
18676756709
18676757716
18680360153
18680360165
18680360198
18680361061
18680361905
18680363605
18680365198
18680365512
18680365829
18680366715
18680367918
18680368362
18680391592
18680392390
18680393578
18680393637
18681512709
18681512907
18681513953
18681515137
18681516809
18681551651
18681553929
18681556978
18681558170
18681559976
18682071062
18682071078
18682073601
18682073695
18682075650
18682082383
18682085067
18682085189
18682087997
18682088735
18682106927
18682153561
18682156932
18682156937
18682158261
18682161172
18682165791
18682167965
18682168382
18682181387
18682182253
18682183036
18682183351
18682183881
18682185005
18682186717
18682187285
18682188239
18682189383
18682190685
18682192610
18682192721
18682196397
18682199597
18682262975
18682263581
18682265239
18682266131
18682266507
18682267061
18682269227
18682269610
18682280952
18682286571
18682302651
18682302661
18682305362
18682306120
18682308796
18682464699
18688700363
18688702795
18688702821
18688705279
18688706785
18689211538
18689212998
18689213202
18689215670
18689215761
18689216121
18689216910
18689217021
18689217327
18689219610